# Window Conditon for Scintillator ToFs
# Low Limit           High Limit
    2.009 		 87.121
    2.0113		-82.0475
    2.3872  		-82.3590
    2.3872  		-82.3590
    2.3886   		 85.8756
    2.009   		 87.121
&
    2.009    		 87.121 
    2.0113  		-82.0475
    2.3872  		-82.3590
    2.3872  		-82.3590
    2.3886   		 85.8756
    2.009    		 87.121 
&
    2.009    		 87.121 
    2.0113  		-82.0475
    2.3872  		-82.3590
    2.3872  		-82.3590
    2.3886  		 85.8756
    2.009   		 87.121 
&
    2.009    		 87.121 
    2.0113  		-82.0475
    2.3872  		-82.3590
    2.3872  		-82.3590
    2.3886  		 85.8756
    2.009   		 87.121 
&
    2.009   		 87.121 
    2.0113  		-82.0475
    2.3872  		-82.3590
    2.3872  		-82.3590
    2.3886  		 85.8756
    2.009   		 87.121 
&
    2.009   		 87.121 
    2.0113  		-82.0475
    2.3872  		-82.3590
    2.3872  		-82.3590
    2.3886  		 85.8756
    2.009   		 87.121 



