# Window Conditon for Scintillator ToFs
# Low Limit           High Limit
    2.45205 		86.7875
    2.46124 		86.7458
    2.46202 		88.1625
    2.4496  		88.1417
    2.45205 		86.7875
    2.45205 		86.7875
&
    2.482 		38.0000
    2.508 		38.5000
    2.522 		38.0000
    2.489 		37.5000
    2.488 		37.5000
    2.482 		38.0000
&
    2.25029 		51.22740
    2.27401 		50.88124
    2.30980 		51.80895
    2.28475 		51.93358
    2.25208 		52.07204
    2.25029 		51.22740
&
    2.25222 		49.96984
    2.24048 		49.85215
    2.24764 		49.28444
    2.25967 		49.38137
    2.26654 		49.68599
    2.25222 		49.96984
&
    2.55977 		52.6315
    2.55247 		52.293
    2.57298 		51.8529
    2.58529 		52.1914
    2.57936 		52.6315
    2.55977 		52.6315
