00 0 0 -2.20995e-09 0.118486 -22.966
01 0 0 -2.51654e-07 0.123509 -20.3593
02 0 0 -3.18528e-07 0.111665 -18.5544
03 0 0 1.4204e-07 0.109638 -14.8142
04 0 0 -4.86646e-07 0.125203 -24.6398
05 0 0 -2.4036e-08 0.11589 -23.2609
06 0 0 -1.50413e-07 0.112749 -21.1969
07 0 0 -3.10031e-07 0.11891 -24.7793
08 0 0 -6.38552e-08 0.113666 -16.7812
09 0 0 2.46984e-07 0.132369 -1.28227
10 0 0 -2.11234e-07 0.116467 -4.56593
11 0 0 9.14466e-08 0.117209 -23.0211
12 0 0 0 0.118737 -8.43293
13 0 0 0 0.120578 -2.85652
14 0 0 0 0.122131 -4.22495
15 0 0 0 0.109834726619026 -3.65172053940329
16 0 0 0 0.116447 -6.64071
17 0 0 6.96705e-07 0.114372 -6.71115
18 0 0 -2.36626102955387e-07 0.117071177266777 0
19 0 0 0 0.115963089161396 -27.6454476147961
20 0 0 -2.28054709371155e-07 0.135844327046959 0
21 0 0 0 0.122535519261081 -13.3869519803378
22 0 0 3.65304244592076e-07 0.0994282176980519 0 
23 0 0 3.8694173501183e-07 0.116482250197008 0 
24 0 0 0 0.115383636867485 -16.8978214081389
25 0 0 0 0.126902 -13.5903
26 0 0  2.61998154227744e-07 0.126749894902857 0 
27 0 0 0 0.108076316864731 -16.2405239290265
28 0 0 0 0.0991208052217103 0.332182698865708 
29 0 0 0 0.121846 -0.0530722  
30 0 0  1.19209609318728e-06 0.114871275912425 0 
31 0 0 0 0.122636219675343 -0.0529961352056027  
32 0 0 -1.25563669005613e-07 0.120486696001413 0  
33 0 0 -3.59190794361719e-07 0.121411838553601 0 
34 0 0 -2.23250174556025e-07 0.11032770265204 0 
35 0 0 0 0 0
36 0 0 0 0 0
37 0 0 0 0 0
38 0 0 0 0 0
39 0 0 0 0 0
40 0 0 0 0 0
41 0 0 0 0 0
42 0 0 0 0 0
43 0 0 0 0 0
44 0 0 0 0 0
45 0 0 0 0 0
46 0 0 0 0 0
47 0 0 0 0 0
48 0 0 0 0 0
49 0 0 0 0 0
50 0 0 0 0 0
