0	6 	0 	12	0	1
1	6	1	12	1	1
2	6 	2   12	2	1
3	6 	3 	12	3	1
4   6	4 	12	4	1	
5 	6	5 	12	5	1
6 	6	6 	12	6	1
7 	6	7 	12	7	1
8 	7	0 	12	8	1
9 	7	1	12	9	1
10 	7	2 	12	10	1
11 	7	3 	12	11	1
12 	7	4 	12	12	1
13 	7	5 	12	13	1	
14 	7	6 	12	14	1
15 	7	7 	12	15	1
16 	8	0 	12	16	1
17 	8	1 	12	17	1
18 	8	2 	12	18	1
19 	8	3 	12	19	1
20 	8	4 	12	20	1
21 	8	5 	12	21	1
22 	8	6 	13	4	1	
23 	8	7 	13	5	1
24 	9	0  12   24	1
25 	9	1  12	25	1
26 	9	2  12	26	1
27 	9	3  12   27	1
28 	9	4  12   28	1
29 	9	5  12   29	1
30 	9 	6  12   30	1
31 	9	7  12   31	1
32 	10	0  13	0	1
33 	10	1  13	6	1
34 	10   2	13	2	0
35 	10	3  13	3	0
36 	10	4  13	39	0
37 	10	5  13	40	0
38 	10	6  13	7	0
39 	10	7  13	38	0
40 	14	0  13	8	0
41 	14	1  13	9	0
42 	14	2  13	10	0
43 	14	3  13	11	0
44 	14	4  13	12	0
45 	14	5  13	13	0
46 	14	6  13	14	0
47 	14	7  13	15	0
48 	15	0  13	16	0
49 	15	1  13	17	0
50 	15	2  13	18	0
51 	15	3  13	19	0
52 	15	4  13	20	0
53 	15	5  13	21	0
54 	15	6  13	22	0
55 	15	7  13	23	0
56 	16	0  13	24	0
57 	16	1  13	25	0
58 	16	2  13	26	0
59 	16	3  13	27	0
60 	16	4  13	28	0
61 	16	5  13	29	0
62 	16	6  13	30	0
63 	16	7  13	31	0

#
#Additional channels
#50  10  10  12   5   0
#51  10  11  12   6   0


