#ADC offsets were calculated using the pulser walkthrough data of files May17/R29												
1	0	168.755		0.999946
1	1	-139.264	0.99912
1	2	18.0224		0.999871
1	3	211.354		0.999932
1	4	-14.7456	0.999886
1	5	165.478		0.999908
1	6	57.344		0.999929
1	7	14.7456		0.999904
1	8	103.219		0.999951
1	9	155.648		1
1	10	-40.96		1
1	11	116.326		0.999871
1	12	31.1296		0.999932
1	13	40.96		1
1	14	-40.96		1
1	15	149.094		0.999927
1	16	-70.4512	0.999944
1	17	-185.139	0.999961
1	18	-139.264	0.999949
1	19	122.88		0.999929
1	20	-21.2992	0.999887
1	21	-145.818	0.999886
1	22	-80.2816	0.999927
1	23	18.0224		0.999927
1	24	24.576		1
1	25	1.6384		0.999957
1	26	-37.6832	0.99995
1	27	24.576		1
1	28	77.0048		0.99996
1	29	-116.326	0.999932
1	30	99.9424		0.999946
1	31	-4.9152		0.999961
1	32	-14.7456	0.999918
1	33	-155.648	1
1	34	4.9152		0.999951
1	35	77.0048		0.99995
1	36	31.1296		0.999946
1	37	106.496		0.999929
1	38	119.603		0.999816
1	39	-34.4064	0.999932
1	40	119.603		0.999951
1	41	80.2816		0.999924
1	42	211.354		0.999934
1	43	-4.9152		0.999832
1	44	44.2368		0.999862
1	45	106.496		1
1	46	165.478		0.999946
1	47	40.96		0.999929
1	48	-8.192		0.999937
1	49	-63.8976	0.999927
1	50	303.104		1
1	51	37.6832		0.999945
1	52	77.0048		0.99995
1	53	119.603		0.999976
1	54	0		0
1	55	0		0
1	56	237.568		1
1	57	0		0
1	58	194.97		0.999659
1	59	306.381		0.999891
1	60	0		0
1	61	204.8		0.999943
1	62	0		0
1	63	188.416		1
2	0	227.738		0.999946
2	1	0		0
2	2	-77.0048	0.999822
2	3	57.344		1
2	4	113.05		0.999947
2	5	54.0672		0.99998
2	6	14.7456		0.999924
2	7	375.194		0.999973
2	8	96.6656		0.999887
2	9	0		0
2	10	-77.0048	0.999883
2	11	139.264		0.999849
2	12	-37.6832	0.99996
2	13	204.8		1
2	14	-67.1744	0.999913
2	15	-90.112		1
2	16	8.192		1
2	17	-31.1296	0.999898
2	18	-44.2368	0.999951
2	19	96.6656		0.99994
2	20	47.5136		0.999904
2	21	-250.675	0.99995
2	22	-8.192		1
2	23	-57.344		1
2	24	-14.7456	0.999946
2	25	-204.8		0.999943
2	26	8.192		1
2	27	1.6384		0.999969
2	28	-139.264	0.999929
2	29	-34.4064	0.99994
2	30	14.7456		0.999932
2	31	44.2368		0.999902
2	32	0		0
2	33	250.675		0.999945
2	34	116.326		0.999935
2	35	0		0
2	36	99.9424		0.999982
2	37	132.71		0.999953
2	38	257.229		0.999944
2	39	270.336		0.99992
2	40	106.496		1
2	41	267.059		0.999951
2	42	-11.4688	0.999956
2	43	-24.576		0.999929
2	44	211.354		0.999944
2	45	286.72		1
2	46	96.6656		0.999924
2	47	224.461		0.999788
2	48	263.782		0.999935
2	49	-208.077	0.999822
2	50	-139.264	0.999991
2	51	1.6384		0.999939
2	52	1.6384		0.999747
2	53	27.8528		0.999759
2	54	149.094		0.999918
2	55	0		0
2	56	319.488		0.999909
2	57	342.426		0.999946
2	58	0		0
2	59	0		0
2	60	224.461		0.999936
2	61	14.7456		0.99997
2	62	152.371		0.999945
2	63	11.4688		0.999944
3	0	0		0
3	1	-178.586	0.999891
3	2	-47.5136	0.999957
3	3	149.094		0.999929
3	4	-11.4688	0.999893
3	5	103.219		0.999961
3	6	-18.0224	0.999934
3	7	-172.032	1
3	8	73.728		1
3	9	-67.1744	0.999941
3	10	-40.96		0.999932
3	11	303.104		1
3	12	-8.192		1
3	13	-77.0048	0.999952
3	14	122.88		1
3	15	-90.112		1
3	16	-172.032	0.99994
3	17	-83.5584	0.999947
3	18	14.7456		0.999964
3	19	-14.7456	0.999952
3	20	54.0672		0.999977
3	21	119.603		0.999971
3	22	152.371		0.999968
3	23	-303.104	0.999932
3	24	24.576		1
3	25	-168.755	0.999967
3	26	109.773		0.999945
3	27	155.648		1
3	28	-237.568	0.999943
3	29	24.576		1
3	30	-57.344		1
3	31	96.6656		0.999926
3	32	-44.2368	0.999964
3	33	273.613		0.999995
3	34	142.541		0.999955
3	35	73.728		1
3	36	-40.96		0.99994
3	37	175.309		0.99995
3	38	135.987		0.999961
3	39	355.533		0.999944
3	40	27.8528		0.999951
3	41	155.648		1
3	42	168.755		0.999946
3	43	329.318		0.999952
3	44	-165.478	0.99994
3	45	-122.88		1
3	46	63.8976		0.999955
3	47	172.032		1
3	48	172.032		1
3	49	-155.648	1
3	50	63.8976		0.999956
3	51	126.157		0.999964
3	52	-11.4688	0.999952
3	53	4.9152		0.999946
3	54	70.4512		0.999946
3	55	299.827		0.999984
3	56	237.568		1
3	57	-8.192		1
3	58	1.6384		0.999896
3	59	149.094		0.99985
3	60	24.576		1
3	61	122.88		1
3	62	-181.862	0.99996
3	63	116.326		0.999971
4	0	-27.8528	0.999956
4	1	-8.192		1
4	2	188.416		1
4	3	27.8528		0.999955
4	4	135.987		0.999971
4	5	132.71		0.999958
4	6	70.4512		0.999957
4	7	-40.96		0.99994
4	8	40.96		1
4	9	40.96		0.99994
4	10	-21.2992	0.999964
4	11	63.8976		0.999951
4	12	37.6832		0.999977
4	13	106.496		0.999949
4	14	257.229		0.999973
4	15	149.094		0.999957
4	16	155.648		1
4	17	37.6832		0.999965
4	18	319.488		1
4	19	47.5136		0.999944
4	20	194.97		0.999955
4	21	90.112		1
4	22	227.738		0.999886
4	23	-1.6384		0.999934
4	24	109.773		0.999956
4	25	145.818		0.99996
4	26	-40.96		1
4	27	135.987		0.999957
4	28	234.291		0.999964
4	29	240.845		0.999951
4	30	-122.88		1
4	31	47.5136		0.999951
4	32	293.274		0.999947
4	33	99.9424		0.999946
4	34	54.0672		0.999957
4	35	155.648		1
4	36	191.693		0.999964
4	37	286.72		1
4	38	293.274		0.999941
4	39	132.71		0.99992
4	40	326.042		0.99994
4	41	-99.9424	0.999932
4	42	139.264		0.999946
4	43	-122.88		0.999946
4	44	191.693		0.999951
4	45	214.63		0.999937
4	46	270.336		1
4	47	-37.6832	0.999945
4	48	1.6384		0.999952
4	49	47.5136		0.999932
4	50	224.461		0.999945
4	51	116.326		0.999961
4	52	-73.728		0.999932
4	53	-37.6832	0.99997
4	54	-18.0224	0.99995
4	55	-135.987	0.99998
4	56	-24.576		1
4	57	-77.0048	0.999952
4	58	103.219		0.999979
4	59	135.987		0.999957
4	60	-73.728		1
4	61	90.112		1
4	62	119.603		0.999961
4	63	-214.63		0.99995
5	0	119.603		0.999964
5	1	-172.032	0.999929
5	2	70.4512		0.999946
5	3	-139.264	1
5	4	162.202		0.99985
5	5	47.5136		0.999923
5	6	21.2992		0.999945
5	7	14.7456		0.999975
5	8	106.496		0.999965
5	9	-21.2992	0.99996
5	10	-34.4064	0.999959
5	11	21.2992		0.999961
5	12	8.192		1
5	13	80.2816		0.999815
5	14	34.4064		0.999871
5	15	-99.9424	0.999947
5	16	214.63		0.999988
5	17	70.4512		0.999961
5	18	381.747		0.99988
5	19	-27.8528	0.999956
5	20	-47.5136	0.999957
5	21	204.8		1
5	22	129.434		0.999932
5	23	257.229		0.99995
5	24	-181.862	0.99995
5	25	-96.6656	0.999961
5	26	18.0224		0.999917
5	27	172.032		0.999984
5	28	-11.4688	0.999952
5	29	211.354		0.999947
5	30	-90.112		1
5	31	73.728		0.999946
5	32	-106.496	1
5	33	-280.166	0.999932
5	34	-244.122	0.999952
5	35	-175.309	0.999946
5	36	-126.157	0.999969
5	37	-83.5584	0.999876
5	38	-73.728		1
5	39	14.7456		0.999932
5	40	-270.336	1
5	41	-270.336	1
5	42	-162.202	0.999942
5	43	31.1296		0.999932
5	44	-34.4064	0.999924
5	45	-142.541	0.999951
5	46	18.0224		0.999946
5	47	-204.8		1
5	48	-253.952	1
5	49	-155.648	0.999783
5	50	1.6384		0.999976
5	51	-106.496	1
5	52	-204.8		0.99992
5	53	-135.987	0.999454
5	54	267.059		0.999844
5	55	0		0
5	56	135.987		0.999927
5	57	168.755		0.999965
5	58	0		0
5	59	-34.4064	0.99944
5	60	93.3888		0.999936
5	61	280.166		0.999957
5	62	-172.032	1
5	63	237.568		1
6	0	113.05		0.999934
6	1	181.862		0.999946
6	2	-155.648	0.999929
6	3	-4.9152		0.99995
6	4	67.1744		0.999952
6	5	70.4512		0.999961
6	6	296.55		0.999898
6	7	-54.0672	0.999912
6	8	50.7904		0.999886
6	9	-129.434	0.999886
6	10	8.192		0.999929
6	11	-73.728		0.999929
6	12	-155.648	0.999937
6	13	11.4688		0.999944
6	14	40.96		0.999949
6	15	-8.192		0.999937
6	16	-217.907	0.999945
6	17	-90.112		1
6	18	57.344		0.999949
6	19	-139.264	1
6	20	27.8528		0.999951
6	21	-18.0224	0.999924
6	22	-129.434	0.999927
6	23	135.987		0.999951
6	24	-1.6384		0.999932
6	25	-106.496	1
6	26	-122.88		0.999937
6	27	-40.96		1
6	28	-113.05		0.999961
6	29	0		0
6	30	73.728		0.999929
6	31	-47.5136	0.999961
6	32	122.88		1
6	33	194.97		0.999934
6	34	234.291		0.999951
6	35	63.8976		0.99994
6	36	106.496		1
6	37	34.4064		0.999898
6	38	299.827		0.999956
6	39	-70.4512	0.99995
6	40	165.478		0.999957
6	41	214.63		0.999946
6	42	80.2816		0.99994
6	43	132.71		0.999957
6	44	-8.192		0.999929
6	45	181.862		0.999886
6	46	-139.264	1
6	47	224.461		0.99995
6	48	201.523		0.999957
6	49	260.506		0.999932
6	50	-31.1296	0.999946
6	51	244.122		0.99988
6	52	116.326		0.999952
6	53	60.6208		0.999994
6	54	139.264		1
6	55	0		0
6	56	-122.88		0.999929
6	57	-8.192		1
6	58	240.845		0.999978
6	59	-139.264	1
6	60	34.4064		0.999946
6	61	47.5136		0.999941
6	62	152.371		0.999946
6	63	-188.416	0.999937
7	0	57.344		1
7	1	260.506		0.99996
7	2	73.728		1
7	3	44.2368		0.999944
7	4	-162.202	0.999962
7	5	-40.96		1
7	6	145.818		0.99994
7	7	247.398		0.999952
7	8	-83.5584	0.999932
7	9	-63.8976	0.999952
7	10	191.693		0.999961
7	11	-54.0672	0.999956
7	12	149.094		0.999977
7	13	80.2816		0.99996
7	14	165.478		0.999968
7	15	-37.6832	0.999812
7	16	-54.0672	0.999951
7	17	4.9152		.999961
7	18	-54.0672	0.999956
7	19	155.648		0.999932
7	20	470.221		0.999951
7	21	-4.9152		0.999945
7	22	234.291		0.999945
7	23	234.291		0.999945
7	24	132.71		0.999946
7	25	339.149		0.99996
7	26	194.97		0.999955
7	27	-57.344		0.999924
7	28	-27.8528	0.999846
7	29	54.0672		0.999807
7	30	119.603		0.999957
7	31	-73.728		1
7	32	168.755		0.999964
7	33	-113.05		0.99992
7	34	99.9424		0.999952
7	35	135.987		0.999946
7	36	119.603		0.999961
7	37	-37.6832	0.999945
7	38	70.4512		0.999946
7	39	188.416		0.999951
7	40	106.496		0.999932
7	41	122.88		1
7	42	-83.5584	0.999941
7	43	168.755		0.999952
7	44	37.6832		0.999807
7	45	57.344		1
7	46	453.837		0.999938
7	47	-99.9424	0.99995
7	48	8.192		1
7	49	63.8976		0.999926
7	50	70.4512		0.999946
7	51	-103.219	0.999961
7	52	237.568		1
7	53	24.576		0.999959
7	54	260.506		0.99995
7	55	316.211		0.999774
7	56	388.301		0.999951
7	57	47.5136		0.99995
7	58	168.755		0.999979
7	59	139.264		1
7	60	204.8		1
7	61	188.416		1
7	62	57.344		1
7	63	217.907		0.999945
8	0	86.8352		0.999961
8	1	0		0
8	2	149.094		0.999937
8	3	67.1744		0.999935
8	4	273.613		0.99995
8	5	-135.987	0.99996
8	6	57.344		1
8	7	50.7904		0.999939
8	8	139.264		0.999932
8	9	-8.192		0.999832
8	10	-37.6832	0.999944
8	11	126.157		0.999951
8	12	-8.192		0.999958
8	13	342.426		0.999932
8	14	67.1744		0.999954
8	15	208.077		0.999936
8	16	8.192		1
8	17	253.952		1
8	18	70.4512		0.999961
8	19	286.72		1
8	20	-96.6656	0.999969
8	21	40.96		0.999951
8	22	-417.792	0.999954
8	23	0		0
8	24	-116.326	0.999932
8	25	-40.96		1
8	26	247.398		0.99992
8	27	214.63		0.999891
8	28	57.344		1
8	29	-14.7456	0.999854
8	30	8.192		1
8	31	106.496		1
8	32	-257.229	0.999961
8	33	-83.5584	0.999996
8	34	-54.0672	0.999812
8	35	80.2816		0.999934
8	36	-24.576		1
8	37	224.461		0.999944
8	38	-378.47		0.999755
8	39	116.326		0.999871
8	40	135.987		0.999939
8	41	319.488		1
8	42	34.4064		0.99992
8	43	-86.8352	0.99995
8	44	-139.264	1
8	45	309.658		0.999944
8	46	-57.344		1
8	47	11.4688		0.99995
8	48	99.9424		0.999957
8	49	109.773		0.99995
8	50	116.326		0.999965
8	51	31.1296		0.99996
8	52	-113.05		0.999929
8	53	181.862		0.999937
8	54	-1.6384		0.99995
8	55	-188.416	0.999778
8	56	-96.6656	0.999954
8	57	-31.1296	0.999952
8	58	-188.416	1
8	59	-83.5584	0.999947
8	60	0		0
8	61	-421.069	0.999895
8	62	11.4688		0.999955
8	63	-21.2992	0.99997
9	0	129.434		0.999932
9	1	113.05		0.999932
9	2	96.6656		0.99988
9	3	-155.648	1
9	4	132.71		0.999952
9	5	129.434		0.999834
9	6	-8.192		0.999943
9	7	-18.0224	0.999946
9	8	-122.88		1
9	9	165.478		0.999952
9	10	-80.2816	0.999871
9	11	126.157		0.999944
9	12	-11.4688	0.999956
9	13	113.05		0.999924
9	14	-40.96		0.999949
9	15	-27.8528	0.999951
9	16	126.157		0.999944
9	17	-8.192		0.999943
9	18	126.157		0.99996
9	19	286.72		0.999783
9	20	-31.1296	0.999946
9	21	221.184		0.99992
9	22	-126.157	0.999945
9	23	175.309		0.99995
9	24	40.96		0.999929
9	25	-8.192		1
9	26	250.675		0.999951
9	27	204.8		1
9	28	106.496		0.999943
9	29	113.05		0.999792
9	30	27.8528		0.999944
9	31	270.336		1
9	32	322.765		0.999944
9	33	185.139		0.999951
9	34	253.952		1
9	35	40.96		0.999828
9	36	77.0048		0.99996
9	37	185.139		0.999945
9	38	34.4064		0.999952
9	39	116.326		0.999946
9	40	185.139		0.999951
9	41	126.157		0.999877
9	42	122.88		0.999828
9	43	1.6384		0.999952
9	44	247.398		0.999946
9	45	132.71		0.999935
9	46	172.032		0.99992
9	47	149.094		0.999871
9	48	135.987		0.999956
9	49	57.344		1
9	50	119.603		0.999951
9	51	-44.2368	0.999945
9	52	44.2368		0.99995
9	53	54.0672		0.999978
9	54	132.71		0.999935
9	55	0		0
9	56	113.05		0.999792
9	57	-34.4064	0.999951
9	58	0		0
9	59	70.4512		0.999951
9	60	106.496		0.999929
9	61	561.971		0.999836
9	62	99.9424		0.999946
9	63	172.032		1
10	0	54.0672		0.999957
10	1	-247.398	0.999766
10	2	-237.568	0.99992
10	3	-50.7904	0.999947
10	4	-188.416	1
10	5	-221.184	0.999972
10	6	-204.8		1
10	7	-139.264	0.999972
10	8	-24.576		0.999962
10	9	-93.3888	0.999956
10	10	-194.97		0.999924
10	11	-145.818	0.999957
10	12	-142.541	0.999956
10	13	-175.309	0.999951
10	14	106.496		1
10	15	67.1744		0.999952
10	16	211.354		0.999984
10	17	316.211		0.999956
10	18	-8.192		0.999929
10	19	96.6656		0.999955
10	20	-8.192		0.999943
10	21	178.586		0.999924
10	22	86.8352		0.999945
10	23	-47.5136	0.999871
10	24	162.202		0.999932
10	25	63.8976		0.99994
10	26	57.344		1
10	27	-37.6832	0.999986
10	28	201.523		0.999938
10	29	135.987		0.999956
10	30	83.5584		0.999946
10	31	99.9424		0.999898
10	32	47.5136		0.999913
10	33	27.8528		0.999945
10	34	168.755		0.999945
10	35	-37.6832	0.999944
10	36	44.2368		0.999953
10	37	-175.309	0.9999
10	38	73.728		1
10	39	126.157		0.999936
10	40	139.264		0.99992
10	41	50.7904		0.999952
10	42	24.576		0.999937
10	43	358.81		0.999865
10	44	-37.6832	0.999945
10	45	31.1296		0.999926
10	46	172.032		1
10	47	-8.192		0.99992
10	48	-73.728		1
10	49	70.4512		0.999938
10	50	90.112		0.99999
10	51	132.71		0.999939
10	52	67.1744		0.999939
10	53	40.96		0.999671
10	54	237.568		0.999924
10	55	0		0
10	56	90.112		0.99992
10	57	-54.0672	0.999858
10	58	0		0
10	59	-1.6384		0.999733
10	60	231.014		0.999939
10	61	122.88		0.999958
10	62	-90.112		0.999924
10	63	18.0224		0.999927
11	0	-34.4064	0.99994
11	1	14.7456		0.999792
11	2	90.112		1
11	3	113.05		0.999932
11	4	-204.8		1
11	5	-77.0048	0.999957
11	6	165.478		0.999937
11	7	8.192		0.999924
11	8	80.2816		0.999934
11	9	18.0224		0.999946
11	10	18.0224		0.999952
11	11	214.63		0.999952
11	12	-240.845	0.999968
11	13	221.184		1
11	14	129.434		0.999951
11	15	-14.7456	0.99992
11	16	-8.192		1
11	17	126.157		0.999956
11	18	-21.2992	0.999964
11	19	-204.8		0.999812
11	20	34.4064		0.999979
11	21	-80.2816	0.999962
11	22	106.496		0.999966
11	23	362.086		0.999961
11	24	-4.9152		0.999938
11	25	-24.576		1
11	26	27.8528		0.999945
11	27	172.032		1
11	28	-37.6832	0.999955
11	29	-77.0048	0.999862
11	30	224.461		0.999995
11	31	145.818		0.999944
11	32	-24.576		1
11	33	139.264		1
11	34	-253.952	0.999937
11	35	-73.728		1
11	36	106.496		1
11	37	-57.344		1
11	38	-260.506	0.999948
11	39	-57.344		0.999807
11	40	-191.693	0.999951
11	41	4.9152		0.999957
11	42	77.0048		0.999945
11	43	-63.8976	0.999935
11	44	155.648		1
11	45	-11.4688	0.999946
11	46	122.88		1
11	47	106.496		1
11	48	447.283		0.999957
11	49	-60.6208	0.999952
11	50	31.1296		0.999952
11	51	96.6656		0.999964
11	52	21.2992		0.999951
11	53	-109.773	0.999946
11	54	-8.192		1
11	55	135.987		0.999942
11	56	-8.192		0.999956
11	57	335.872		0.99994
11	58	63.8976		0.999975
11	59	70.4512		0.999968
11	60	149.094		0.999952
11	61	57.344		0.999965
11	62	178.586		0.999956
11	63	-90.112		0.999963
12	0	155.648		0.99994
12	1	355.533		0.999344
12	2	191.693		0.999975
12	3	139.264		1
12	4	50.7904		0.999933
12	5	4.9152		0.999895
12	6	152.371		0.999952
12	7	122.88		0.99994
12	8	178.586		0.999934
12	9	-122.88		1
12	10	211.354		0.999941
12	11	106.496		1
12	12	132.71		0.999969
12	13	185.139		0.999861
12	14	86.8352		0.999971
12	15	86.8352		0.999956
12	16	267.059		0.999945
12	17	-83.5584	0.999946
12	18	280.166		0.999961
12	19	-168.755	0.999938
12	20	139.264		0.99994
12	21	348.979		0.999952
12	22	280.166		0.999891
12	23	244.122		0.999934
12	24	21.2992		0.999952
12	25	414.515		0.999964
12	26	21.2992		0.999952
12	27	204.8		1
12	28	155.648		0.999951
12	29	-27.8528	0.999946
12	30	191.693		0.99996
12	31	126.157		0.999964
12	32	175.309		0.999912
12	33	24.576		0.999812
12	34	60.6208		0.999955
12	35	-34.4064	0.999944
12	36	257.229		0.999967
12	37	335.872		1
12	38	-103.219	0.999956
12	39	70.4512		0.999965
12	40	4.9152		0.999893
12	41	306.381		0.999944
12	42	237.568		0.999946
12	43	31.1296		0.999946
12	44	280.166		0.999865
12	45	54.0672		0.999952
12	46	234.291		0.999951
12	47	8.192		1
12	48	-149.094	0.999955
12	49	-155.648	1
12	50	-109.773	0.999952
12	51	70.4512		0.999957
12	52	250.675		0.999946
12	53	204.8		0.999959
12	54	54.0672		0.999828
12	55	224.461		0.999928
12	56	129.434		0.999932
12	57	126.157		0.999803
12	58	24.576		0.999973
12	59	-37.6832	0.999951
12	60	106.496		1
12	61	-11.4688	0.99997
12	62	-139.264	1
12	63	54.0672		0.999946
13	0	-80.2816	0.999961
13	1	132.71		0.999946
13	2	50.7904		0.999946
13	3	-34.4064	0.999864
13	4	-67.1744	0.99985
13	5	135.987		0.999893
13	6	204.8		0.99992
13	7	227.738		0.999973
13	8	8.192		0.999962
13	9	8.192		1
13	10	194.97		0.99996
13	11	-4.9152		0.99996
13	12	80.2816		0.999946
13	13	-44.2368	0.999951
13	14	135.987		0.999945
13	15	-11.4688	0.999956
13	16	31.1296		0.999984
13	17	11.4688		0.99996
13	18	217.907		0.999951
13	19	27.8528		0.999955
13	20	296.55		0.999961
13	21	-113.05		0.999886
13	22	139.264		1
13	23	-80.2816	0.999946
13	24	129.434		0.999932
13	25	244.122		0.999946
13	26	-116.326	0.999946
13	27	-34.4064	0.999985
13	28	86.8352		0.999945
13	29	172.032		0.999949
13	30	60.6208		0.999812
13	31	57.344		1
13	32	293.274		0.999944
13	33	-253.952	0.999929
13	34	-168.755	0.999891
13	35	188.416		1
13	36	-185.139	0.999992
13	37	21.2992		0.999968
13	38	-57.344		1
13	39	40.96		0.999929
13	40	-27.8528	0.999945
13	41	-73.728		1
13	42	-1.6384		0.999946
13	43	-113.05		0.999946
13	44	-221.184	1
13	45	1.6384		0.999935
13	46	109.773		0.99995
13	47	-122.88		0.99992
13	48	149.094		0.999952
13	49	109.773		0.999938
13	50	-14.7456	0.999974
13	51	96.6656		0.999924
13	52	0		0
13	53	224.461		0.999466
13	54	306.381		0.999944
13	55	0		0
13	56	-50.7904	0.999931
13	57	181.862		0.999908
13	58	0		0
13	59	362.086		0.999643
13	60	34.4064		0.999946
13	61	-1.6384		0.999963
13	62	-142.541	0.999945
13	63	172.032		0.999929
14	0	224.461		0.999872
14	1	0		0
14	2	34.4064		0.999935
14	3	234.291		0.999951
14	4	211.354		0.999932
14	5	165.478		0.999961
14	6	175.309		0.999955
14	7	-126.157	0.999956
14	8	135.987		0.999951
14	9	106.496		0.999828
14	10	-106.496	1
14	11	99.9424		0.999946
14	12	-80.2816	0.999952
14	13	-96.6656	0.999871
14	14	37.6832		0.999961
14	15	135.987		0.999952
14	16	-90.112		0.999924
14	17	-54.0672	0.99996
14	18	-270.336	1
14	19	-145.818	0.999946
14	20	21.2992		0.999952
14	21	57.344		0.999929
14	22	221.184		1
14	23	-168.755	0.99995
14	24	0		0
14	25	-37.6832	0.999864
14	26	-67.1744	0.99995
14	27	145.818		0.999932
14	28	-8.192		1
14	29	-60.6208	0.999951
14	30	-8.192		0.999929
14	31	142.541		0.999961
14	32	-106.496	0.99992
14	33	50.7904		0.999946
14	34	-40.96		1
14	35	8.192		0.999929
14	36	-204.8		0.999943
14	37	24.576		1
14	38	-296.55		0.999792
14	39	-50.7904	0.999932
14	40	-11.4688	0.999951
14	41	-109.773	0.999945
14	42	-204.8		1
14	43	-227.738	0.999898
14	44	-47.5136	0.999946
14	45	-73.728		0.999929
14	46	-1.6384		0.999944
14	47	-185.139	0.999877
14	48	116.326		0.999886
14	49	11.4688		0.999877
14	50	178.586		0.999932
14	51	204.8		1
14	52	-135.987	0.99995
14	53	145.818		0.999975
14	54	80.2816		0.999932
14	55	0		0
14	56	299.827		0.999951
14	57	270.336		0.999949
14	58	0		0
14	59	270.336		1
14	60	152.371		0.999951
14	61	129.434		0.999946
14	62	122.88		1
14	63	106.496		1
15	0	73.728		0.999949
15	1	31.1296		0.999708
15	2	-165.478	0.999984
15	3	-211.354	0.999937
15	4	165.478		0.999983
15	5	-201.523	0.99995
15	6	-50.7904	0.999908
15	7	257.229		0.999961
15	8	155.648		1
15	9	-103.219	0.999961
15	10	83.5584		0.999935
15	11	-83.5584	0.999964
15	12	73.728		0.999981
15	13	-57.344		1
15	14	-40.96		1
15	15	132.71		0.999961
15	16	-165.478	0.999952
15	17	155.648		1
15	18	83.5584		0.999952
15	19	-172.032	1
15	20	129.434		0.999964
15	21	47.5136		0.99998
15	22	-119.603	0.999964
15	23	90.112		1
15	24	90.112		1
15	25	24.576		0.999943
15	26	103.219		0.999965
15	27	345.702		0.999937
15	28	-47.5136	0.999957
15	29	-37.6832	0.999964
15	30	-90.112		1
15	31	0		0
15	32	-8.192		1
15	33	126.157		0.999968
15	34	-57.344		1
15	35	31.1296		0.999932
15	36	40.96		1
15	37	1.6384		0.999954
15	38	-40.96		0.99994
15	39	-57.344		1
15	40	44.2368		0.999967
15	41	126.157		0.999967
15	42	122.88		0.999946
15	43	260.506		0.99994
15	44	-106.496	1
15	45	135.987		0.999965
15	46	-57.344		1
15	47	-263.782	0.99996
15	48	-34.4064	0.99996
15	49	73.728		0.999972
15	50	135.987		0.999961
15	51	172.032		0.999937
15	52	-40.96		0.999973
15	53	90.112		0.999963
15	54	-27.8528	0.999964
15	55	0		0
15	56	80.2816		0.99994
15	57	-326.042	0.999937
15	58	24.576		1
15	59	-73.728		1
15	60	-237.568	1
15	61	-217.907	0.999898
15	62	-191.693	0.999961
15	63	96.6656		0.999932
16	0	319.488		1
16	1	417.792		0.999716
16	2	194.97		0.999964
16	3	-221.184	1
16	4	-149.094	0.999955
16	5	267.059		0.999957
16	6	-11.4688	0.999946
16	7	-96.6656	0.999942
16	8	73.728		1
16	9	142.541		0.999988
16	10	181.862		0.999942
16	11	194.97		0.999964
16	12	152.371		0.999952
16	13	73.728		1
16	14	-83.5584	0.999955
16	15	-77.0048	0.999968
16	16	67.1744		0.999957
16	17	-280.166	0.999947
16	18	-165.478	0.999955
16	19	1.6384		0.999943
16	20	-119.603	0.999955
16	21	-208.077	0.999952
16	22	-27.8528	0.999959
16	23	-142.541	0.999951
16	24	-86.8352	0.999956
16	25	194.97		0.99994
16	26	188.416		0.999949
16	27	132.71		0.999937
16	28	-185.139	0.999968
16	29	172.032		1
16	30	178.586		0.999864
16	31	135.987		0.999957
16	32	-77.0048	0.999956
16	33	-40.96		0.99997
16	34	21.2992		0.999828
16	35	73.728		1
16	36	67.1744		0.999957
16	37	-50.7904	0.999972
16	38	267.059		0.999952
16	39	-24.576		1
16	40	-129.434	0.999943
16	41	-24.576		0.999932
16	42	-4.9152		0.999979
16	43	57.344		1
16	44	-57.344		1
16	45	83.5584		0.999952
16	46	83.5584		0.999958
16	47	139.264		1
16	48	31.1296		0.999951
16	49	217.907		0.999945
16	50	18.0224		0.999952
16	51	-86.8352	0.999968
16	52	139.264		1
16	53	385.024		0.999959
16	54	-211.354	0.999958
16	55	0		0
16	56	-40.96		1
16	57	162.202		0.999944
16	58	312.934		0.999943
16	59	188.416		0.999958
16	60	-135.987	0.999967
16	61	-263.782	0.999959
16	62	-139.264	1
16	63	-96.6656	0.999948
17	0	-34.4064	0.999932
17	1	-188.416	0.999954
17	2	18.0224		0.999968
17	3	181.862		0.999946
17	4	-18.0224	0.999959
17	5	-122.88		0.999846
17	6	-47.5136	0.999931
17	7	-126.157	0.999961
17	8	-80.2816	0.999886
17	9	-67.1744	0.999876
17	10	113.05		0.999766
17	11	-67.1744	0.999959
17	12	24.576		1
17	13	-50.7904	0.999924
17	14	60.6208		0.999972
17	15	-31.1296	0.999968
17	16	106.496		1
17	17	-27.8528	0.999973
17	18	240.845		0.999843
17	19	139.264		1
17	20	83.5584		0.999931
17	21	135.987		0.999945
17	22	329.318		0.999939
17	23	152.371		0.999968
17	24	240.845		0.99995
17	25	11.4688		0.999975
17	26	273.613		0.999877
17	27	116.326		0.999871
17	28	70.4512		0.999973
17	29	96.6656		0.999932
17	30	293.274		0.999924
17	31	-47.5136	0.999961
17	32	21.2992		0.999938
17	33	-54.0672	0.999945
17	34	106.496		1
17	35	57.344		1
17	36	73.728		1
17	37	106.496		1
17	38	113.05		0.999934
17	39	-106.496	0.999929
17	40	50.7904		0.999952
17	41	381.747		0.999945
17	42	113.05		0.99995
17	43	8.192		0.999937
17	44	221.184		0.99992
17	45	4.9152		0.999945
17	46	54.0672		0.999945
17	47	-181.862	0.999944
17	48	63.8976		0.999941
17	49	126.157		0.999945
17	50	201.523		0.999952
17	51	-8.192		1
17	52	96.6656		0.999932
17	53	-109.773	0.999976
17	54	168.755		0.999945
17	55	0		0
17	56	80.2816		0.999924
17	57	14.7456		0.999946
17	58	0		0
17	59	-24.576		1
17	60	155.648		1
17	61	204.8		0.999828
17	62	244.122		0.999932
17	63	31.1296		0.999926
18	0	-14.7456	0.999961
18	1	188.416		1
18	2	-40.96		1
18	3	-14.7456	0.999965
18	4	96.6656		0.999834
18	5	96.6656		0.999973
18	6	-27.8528	0.999945
18	7	-14.7456	0.999954
18	8	-21.2992	0.999893
18	9	-60.6208	0.999956
18	10	-14.7456	0.999968
18	11	-34.4064	0.999946
18	12	-93.3888	0.999956
18	13	191.693		0.99995
18	14	83.5584		0.999939
18	15	4.9152		0.999956
18	16	155.648		1
18	17	132.71		0.999898
18	18	172.032		1
18	19	109.773		0.999891
18	20	57.344		1
18	21	34.4064		0.999946
18	22	113.05		0.999932
18	23	244.122		0.999944
18	24	172.032		0.999929
18	25	299.827		0.999956
18	26	231.014		0.999908
18	27	129.434		0.999951
18	28	149.094		0.999927
18	29	73.728		0.999943
18	30	132.71		0.999871
18	31	70.4512		0.999956
18	32	250.675		0.999939
18	33	149.094		0.999871
18	34	276.89		0.99995
18	35	253.952		1
18	36	40.96		0.999989
18	37	57.344		0.999954
18	38	129.434		0.999926
18	39	152.371		0.999938
18	40	237.568		0.99992
18	41	-18.0224	0.999934
18	42	178.586		0.99994
18	43	368.64		1
18	44	54.0672		0.999945
18	45	77.0048		0.99995
18	46	270.336		0.999924
18	47	326.042		0.999924
18	48	145.818		0.99995
18	49	106.496		0.999783
18	50	-244.122	0.999979
18	51	50.7904		0.999939
18	52	93.3888		0.999944
18	53	47.5136		0.99944
18	54	139.264		1
18	55	0		0
18	56	365.363		0.999902
18	57	-24.576		0.999949
18	58	0		0
18	59	1.6384		0.999854
18	60	172.032		1
18	61	126.157		0.999719
18	62	158.925		0.999938
18	63	-113.05		0.999939
19	0	299.827		0.999951
19	1	0		0
19	2	-14.7456	0.999942
19	3	-158.925	0.999946
19	4	-67.1744	0.999886
19	5	-211.354	0.999949
19	6	31.1296		0.999934
19	7	-80.2816	0.999929
19	8	-18.0224	0.999955
19	9	-214.63		0.999941
19	10	4.9152		0.999946
19	11	-11.4688	0.999952
19	12	-24.576		0.999956
19	13	263.782		0.999929
19	14	-375.194	0.999961
19	15	260.506		0.999944
19	16	70.4512		0.999961
19	17	231.014		0.999961
19	18	-90.112		1
19	19	-80.2816	0.999952
19	20	50.7904		0.999969
19	21	434.176		1
19	22	27.8528		0.999975
19	23	155.648		0.999943
19	24	181.862		0.999952
19	25	283.443		0.999968
19	26	162.202		0.999934
19	27	247.398		0.999961
19	28	-57.344		1
19	29	-132.71		0.999924
19	30	191.693		0.999995
19	31	375.194		0.999932
19	32	44.2368		0.99996
19	33	-132.71		0.999997
19	34	-21.2992	0.999843
19	35	4.9152		0.999951
19	36	54.0672		0.999952
19	37	-24.576		1
19	38	73.728		0.999956
19	39	-40.96		0.999929
19	40	96.6656		0.999955
19	41	0		0
19	42	31.1296		0.99995
19	43	185.139		0.999952
19	44	-57.344		1
19	45	129.434		0.999955
19	46	-168.755	0.99995
19	47	339.149		0.99995
19	48	4.9152		0.999957
19	49	18.0224		0.999943
19	50	-103.219	0.999968
19	51	286.72		1
19	52	-21.2992	0.999945
19	53	263.782		0.999877
19	54	188.416		0.999946
19	55	93.3888		0.999984
19	56	198.246		0.999968
19	57	0		0
19	58	280.166		0.999944
19	59	135.987		0.999965
19	60	-34.4064	0.999955
19	61	-63.8976	0.999973
19	62	224.461		0.999961
19	63	-37.6832	0.999975
20	0	37.6832		0.999806
20	1	0		0
20	2	40.96		1
20	3	208.077		0.999955
20	4	-168.755	0.99997
20	5	-172.032	1
20	6	-132.71		0.999934
20	7	-116.326	0.999941
20	8	40.96		1
20	9	-109.773	0.999952
20	10	-175.309	0.999965
20	11	-1.6384		0.99996
20	12	122.88		0.999971
20	13	77.0048		0.999964
20	14	-198.246	0.99997
20	15	-257.229	0.999957
20	16	-18.0224	0.999934
20	17	155.648		1
20	18	54.0672		0.999961
20	19	44.2368		0.99995
20	20	231.014		0.999957
20	21	57.344		1
20	22	152.371		0.999946
20	23	-185.139	0.999951
20	24	-270.336	1
20	25	-103.219	0.999961
20	26	73.728		0.99994
20	27	-109.773	0.999952
20	28	21.2992		0.999961
20	29	99.9424		0.999891
20	30	27.8528		0.99996
20	31	109.773		0.999968
20	32	168.755		0.999961
20	33	122.88		0.999929
20	34	-142.541	0.999952
20	35	-116.326	0.999934
20	36	93.3888		0.999964
20	37	122.88		1
20	38	-201.523	0.999956
20	39	8.192		1
20	40	-198.246	0.99994
20	41	40.96		0.999924
20	42	106.496		1
20	43	-289.997	0.999956
20	44	90.112		1
20	45	-34.4064	0.999926
20	46	-1.6384		0.999944
20	47	-132.71		0.999924
20	48	11.4688		0.999956
20	49	-60.6208	0.999952
20	50	70.4512		0.999952
20	51	-67.1744	0.999951
20	52	-165.478	0.999932
20	53	306.381		0.999893
20	54	234.291		0.999952
20	55	122.88		0.999973
20	56	-149.094	0.999934
20	57	-73.728		1
20	58	-44.2368	0.999914
20	59	244.122		0.999932
20	60	-155.648	1
20	61	4.9152		0.999971
20	62	-106.496	0.999949
20	63	227.738		0.99995
21	0	0		0
21	1	224.461		0.99995
21	2	381.747		0.999945
21	3	-21.2992	0.999876
21	4	57.344		0.999861
21	5	96.6656		0.999973
21	6	103.219		0.999939
21	7	-8.192		0.999974
21	8	116.326		0.999937
21	9	286.72		0.999846
21	10	175.309		0.999887
21	11	257.229		0.99996
21	12	11.4688		0.999858
21	13	401.408		1
21	14	-40.96		1
21	15	149.094		0.999957
21	16	-57.344		0.999949
21	17	-27.8528	0.999956
21	18	126.157		0.999812
21	19	122.88		1
21	20	1.6384		0.999942
21	21	132.71		0.999946
21	22	24.576		0.999929
21	23	67.1744		0.999946
21	24	54.0672		0.999951
21	25	-31.1296	0.999957
21	26	-8.192	1
21	27	-18.0224	0.999984
21	28	-129.434	0.999946
21	29	83.5584		0.999957
21	30	149.094		0.999946
21	31	113.05		0.999946
21	32	191.693		0.999938
21	33	116.326		0.999946
21	34	57.344		1
21	35	142.541		0.999944
21	36	50.7904		0.999982
21	37	231.014		0.999965
21	38	8.192		1
21	39	106.496		1
21	40	-106.496	0.999929
21	41	1.6384		0.999935
21	42	37.6832		0.999956
21	43	-145.818	0.999946
21	44	-109.773	0.999945
21	45	70.4512		0.999951
21	46	0		0
21	47	231.014		0.999871
21	48	237.568		1
21	49	63.8976		0.999817
21	50	11.4688		0.99996
21	51	-67.1744	0.999766
21	52	14.7456		0.999926
21	53	-1.6384		0.999766
21	54	-8.192		1
21	55	0		0
21	56	-158.925	0.999894
21	57	-60.6208	0.999964
21	58	0		0
21	59	-247.398	0.99944
21	60	162.202		0.999924
21	61	67.1744		0.999961
21	62	0		0
21	63	-47.5136	0.999946
22	0	267.059		0.999951
22	1	283.443		0.999865
22	2	-178.586	0.999952
22	3	-188.416	1
22	4	73.728		0.999937
22	5	-109.773	0.999961
22	6	24.576		1
22	7	70.4512		0.999961
22	8	96.6656		0.999932
22	9	122.88		0.999937
22	10	-8.192		1
22	11	139.264		1
22	12	31.1296		0.999932
22	13	-18.0224	0.999924
22	14	70.4512		0.999961
22	15	96.6656		0.999934
22	16	63.8976		0.999926
22	17	90.112		1
22	18	-31.1296	0.999961
22	19	-70.4512	0.999803
22	20	191.693		0.999955
22	21	-208.077	0.999945
22	22	90.112		1
22	23	27.8528		0.999955
22	24	57.344		0.999929
22	25	63.8976		0.999947
22	26	80.2816		0.999932
22	27	99.9424		0.999946
22	28	224.461		0.999961
22	29	240.845		0.999955
22	30	122.88		0.999929
22	31	198.246		0.999961
22	32	67.1744		0.999946
22	33	-40.96		0.999937
22	34	-135.987	0.999955
22	35	158.925		0.999824
22	36	-70.4512	0.999902
22	37	0		0
22	38	-24.576		0.999937
22	39	227.738		0.99994
22	40	303.104		0.999828
22	41	-63.8976	0.999946
22	42	60.6208		0.999891
22	43	4.9152		0.999956
22	44	-70.4512	0.999944
22	45	73.728		0.999929
22	46	-40.96		1
22	47	63.8976		0.999934
22	48	119.603		0.999961
22	49	90.112		0.999929
22	50	188.416		1
22	51	135.987		0.999956
22	52	14.7456		0.99995
22	53	83.5584		0.999986
22	54	-106.496	1
22	55	0		0
22	56	257.229		0.999877
22	57	63.8976		0.999947
22	58	0		0
22	59	70.4512		0.999952
22	60	240.845		0.999956
22	61	96.6656		0.999834
22	62	-8.192		0.999937
22	63	247.398		0.999946
23	0	50.7904		0.999886
23	1	0		0
23	2	221.184		0.999963
23	3	129.434		0.999932
23	4	162.202		0.999876
23	5	283.443		0.999874
23	6	162.202		0.999934
23	7	-165.478	0.999944
23	8	240.845		0.99995
23	9	122.88		1
23	10	139.264		1
23	11	214.63		0.999949
23	12	194.97		0.999904
23	13	93.3888		0.999956
23	14	145.818		0.99996
23	15	286.72		0.999929
23	16	253.952		0.999924
23	17	-145.818	0.999957
23	18	434.176		1
23	19	139.264		1
23	20	-90.112		1
23	21	-8.192		1
23	22	-119.603	0.999944
23	23	-57.344		1
23	24	244.122		0.999898
23	25	-198.246	0.999946
23	26	-73.728		1
23	27	-40.96		1
23	28	11.4688		0.99996
23	29	-50.7904	0.999955
23	30	90.112		1
23	31	237.568		0.999949
23	32	-34.4064	0.99996
23	33	129.434		0.999924
23	34	198.246		0.999952
23	35	388.301		0.999858
23	36	103.219		0.999965
23	37	286.72		0.999932
23	38	86.8352		0.999946
23	39	152.371		0.999961
23	40	240.845		0.999951
23	41	-8.192		1
23	42	-1.6384		0.999955
23	43	260.506		0.99995
23	44	-109.773	0.999939
23	45	457.114		0.999886
23	46	31.1296		0.999926
23	47	152.371		0.999938
23	48	221.184		1
23	49	-142.541	0.999946
23	50	-24.576		1
23	51	-155.648	1
23	52	-145.818	0.999927
23	53	-63.8976	0.999876
23	54	247.398		0.999937
23	55	0		0
23	56	-77.0048	0.999952
23	57	60.6208		0.999803
23	58	60.6208		0.999977
23	59	-145.818	0.999891
23	60	-119.603	0.999877
23	61	-4.9152		0.999968
23	62	103.219		0.9999
23	63	-93.3888	0.999945
24	0	70.4512		0.999807
24	1	0		0
24	2	260.506		0.99995
24	3	155.648		1
24	4	8.192		1
24	5	57.344		1
24	6	-63.8976	0.999946
24	7	8.192		1
24	8	-93.3888	0.999946
24	9	-57.344		1
24	10	24.576		1
24	11	11.4688		0.999945
24	12	86.8352		0.999968
24	13	335.872		1
24	14	18.0224		0.999961
24	15	-93.3888	0.999946
24	16	342.426		0.99994
24	17	109.773		0.99995
24	18	113.05		0.99996
24	19	-181.862	0.99995
24	20	109.773		0.999977
24	21	8.192		1
24	22	-126.157	0.999973
24	23	-63.8976	0.999952
24	24	260.506		0.999916
24	25	122.88		1
24	26	172.032		1
24	27	80.2816		0.99995
24	28	-57.344		1
24	29	224.461		0.999944
24	30	83.5584		0.999992
24	31	352.256		1
24	32	-57.344		1
24	33	57.344		1
24	34	181.862		0.999886
24	35	63.8976		0.99995
24	36	-67.1744	0.99995
24	37	162.202		0.99995
24	38	-8.192		1
24	39	-211.354	0.999871
24	40	283.443		0.999952
24	41	-172.032	1
24	42	-77.0048	0.999939
24	43	77.0048		0.999945
24	44	191.693		0.999944
24	45	-24.576		1
24	46	-54.0672	0.999951
24	47	322.765		0.999951
24	48	-109.773	0.99988
24	49	-188.416	1
24	50	145.818		0.999964
24	51	-34.4064	0.999955
24	52	24.576		1
24	53	-129.434	0.999929
24	54	-24.576		1
24	55	0		0
24	56	-47.5136	0.999961
24	57	-191.693	0.999952
24	58	27.8528		0.999972
24	59	-231.014	0.99996
24	60	-83.5584	0.99995
24	61	-73.728		1
24	62	-352.256	0.999788
24	63	44.2368		0.99997
