28.4672    -79.9902   106.241
77.7739    -79.9902   77.7739 
106.241    -79.9902   28.4672 
106.241    -79.9902  -28.4672 
77.7739    -79.9902  -77.7739 
28.4672    -79.9902  -106.241 
-28.4672   -79.9902  -106.241 
-77.7739   -79.9902  -77.7739 
-106.241   -79.9902  -28.4672 
-106.241   -79.9902   28.4672 
-77.7739   -79.9902   77.7739 
-28.4672   -79.9902   106.241 
-0.215276  -13.7398   135.304 
67.4656    -13.7398   117.284 
117.069    -13.7398   67.8384 
135.304    -13.7398   0.215276 
117.284    -13.7398  -67.4656 
67.8384    -13.7398  -117.069 
0.215276   -13.7398  -135.304 
-117.069   -13.7398  -67.8384 
-135.304   -13.7398  -0.215276
-117.284   -13.7398   67.4656 
-67.8384   -13.7398   117.069 
29.1723     76.1037   108.872 
79.7002     76.1037   79.7002 
108.872     76.1037   29.1723 
108.872     76.1037  -29.1723 
79.7002     76.1037  -79.7002 
29.1723     76.1037  -108.872 
-29.1723    76.1037  -108.872 
-79.7002    76.1037  -79.7002 
-108.872    76.1037  -29.1723 
-108.872    76.1037   29.1723 
-79.7002    76.1037   79.7002 
-29.1723    76.1037   108.872
