        0 1 2 3 4 5 6 7 8 9 10 11 12 13 14 15 16 17 18 19 20 21 22 23 24 25 26 27 28 29 30 31 32 33 34 35 
Det 0 : X X 0 0 0 0 0 0 0 0  0  X  X  X  0  0  0  0  0  0  0  0  0  0  0  0  0  0  0  0  0  0  0  0  0  0 
Det 1 : X X X 0 0 0 0 0 0 0  0  0  0  X  X  0  0  0  0  0  0  0  0  0  0  0  0  0  0  0  0  0  0  0  0  0 
Det 2 : 0 X X X 0 0 0 0 0 0  0  0  0  0  X  X  0  0  0  0  0  0  0  0  0  0  0  0  0  0  0  0  0  0  0  0 
Det 3 : 0 0 X X X 0 0 0 0 0  0  0  0  0  0  X  X  0  0  0  0  0  0  0  0  0  0  0  0  0  0  0  0  0  0  0 
Det 4 : 0 0 0 X X X 0 0 0 0  0  0  0  0  0  0  X  X  0  0  0  0  0  0  0  0  0  0  0  0  0  0  0  0  0  0 
Det 5 : 0 0 0 0 X X X 0 0 0  0  0  0  0  0  0  0  X  X  0  0  0  0  0  0  0  0  0  0  0  0  0  0  0  0  0 
Det 6 : 0 0 0 0 0 X X X 0 0  0  0  0  0  0  0  0  0  X  X  0  0  0  0  0  0  0  0  0  0  0  0  0  0  0  0 
Det 7 : 0 0 0 0 0 0 X X X 0  0  0  0  0  0  0  0  0  0  X  X  0  0  0  0  0  0  0  0  0  0  0  0  0  0  0 
Det 8 : 0 0 0 0 0 0 0 X X X  0  0  0  0  0  0  0  0  0  0  X  X  0  0  0  0  0  0  0  0  0  0  0  0  0  0 
Det 9 : 0 0 0 0 0 0 0 0 X X  X  0  0  0  0  0  0  0  0  0  0  X  X  0  0  0  0  0  0  0  0  0  0  0  0  0 
Det 10: 0 0 0 0 0 0 0 0 0 X  X  X  0  0  0  0  0  0  0  0  0  0  X  X  0  0  0  0  0  0  0  0  0  0  0  0 
Det 11: X 0 0 0 0 0 0 0 0 0  X  X  0  0  0  0  0  0  0  0  0  0  0  X  X  0  0  0  0  0  0  0  0  0  0  0 
Det 12: X 0 0 0 0 0 0 0 0 0  0  X  X  X  0  0  0  0  0  0  0  0  0  X  X  0  0  0  0  0  0  0  0  0  0  X 
Det 13: X X 0 0 0 0 0 0 0 0  0  0  X  X  X  0  0  0  0  0  0  0  0  0  X  X  0  0  0  0  0  0  0  0  0  0 
Det 14: 0 X X 0 0 0 0 0 0 0  0  0  0  X  X  X  0  0  0  0  0  0  0  0  0  X  X  0  0  0  0  0  0  0  0  0 
Det 15: 0 0 X X 0 0 0 0 0 0  0  0  0  0  X  X  X  0  0  0  0  0  0  0  0  0  X  X  0  0  0  0  0  0  0  0 
Det 16: 0 0 0 X X 0 0 0 0 0  0  0  0  0  0  X  X  X  0  0  0  0  0  0  0  0  0  X  X  0  0  0  0  0  0  0 
Det 17: 0 0 0 0 X X 0 0 0 0  0  0  0  0  0  0  X  X  X  0  0  0  0  0  0  0  0  0  X  X  0  0  0  0  0  0 
Det 18: 0 0 0 0 0 X X 0 0 0  0  0  0  0  0  0  0  X  X  X  0  0  0  0  0  0  0  0  0  X  X  0  0  0  0  0 
Det 19: 0 0 0 0 0 0 X X 0 0  0  0  0  0  0  0  0  0  X  X  X  0  0  0  0  0  0  0  0  0  X  X  0  0  0  0 
Det 20: 0 0 0 0 0 0 0 X X 0  0  0  0  0  0  0  0  0  0  X  X  X  0  0  0  0  0  0  0  0  0  X  X  0  0  0 
Det 21: 0 0 0 0 0 0 0 0 X X  0  0  0  0  0  0  0  0  0  0  X  X  X  0  0  0  0  0  0  0  0  0  X  X  0  0 
Det 22: 0 0 0 0 0 0 0 0 0 X  X  0  0  0  0  0  0  0  0  0  0  X  X  X  0  0  0  0  0  0  0  0  0  X  X  0 
Det 23: 0 0 0 0 0 0 0 0 0 0  X  X  X  0  0  0  0  0  0  0  0  0  X  X  0  0  0  0  0  0  0  0  0  0  X  X 
Det 24: 0 0 0 0 0 0 0 0 0 0  0  0  X  X  0  0  0  0  0  0  0  0  0  0  X  X  0  0  0  0  0  0  0  0  0  X 
Det 25: 0 0 0 0 0 0 0 0 0 0  0  0  0  X  X  0  0  0  0  0  0  0  0  0  X  X  X  0  0  0  0  0  0  0  0  0 
Det 26: 0 0 0 0 0 0 0 0 0 0  0  0  0  0  X  X  0  0  0  0  0  0  0  0  0  X  X  X  0  0  0  0  0  0  0  0 
Det 27: 0 0 0 0 0 0 0 0 0 0  0  0  0  0  0  X  X  0  0  0  0  0  0  0  0  0  X  X  X  0  0  0  0  0  0  0 
Det 28: 0 0 0 0 0 0 0 0 0 0  0  0  0  0  0  0  X  X  0  0  0  0  0  0  0  0  0  X  X  X  0  0  0  0  0  0 
Det 29: 0 0 0 0 0 0 0 0 0 0  0  0  0  0  0  0  0  X  X  0  0  0  0  0  0  0  0  0  X  X  X  0  0  0  0  0 
Det 30: 0 0 0 0 0 0 0 0 0 0  0  0  0  0  0  0  0  0  X  X  0  0  0  0  0  0  0  0  0  X  X  X  0  0  0  0 
Det 31: 0 0 0 0 0 0 0 0 0 0  0  0  0  0  0  0  0  0  0  X  X  0  0  0  0  0  0  0  0  0  X  X  X  0  0  0 
Det 32: 0 0 0 0 0 0 0 0 0 0  0  0  0  0  0  0  0  0  0  0  X  X  0  0  0  0  0  0  0  0  0  X  X  X  0  0 
Det 33: 0 0 0 0 0 0 0 0 0 0  0  0  0  0  0  0  0  0  0  0  0  X  X  0  0  0  0  0  0  0  0  0  X  X  X  0 
Det 34: 0 0 0 0 0 0 0 0 0 0  0  0  0  0  0  0  0  0  0  0  0  0  X  X  0  0  0  0  0  0  0  0  0  X  X  X 
Det 35: 0 0 0 0 0 0 0 0 0 0  0  0  X  0  0  0  0  0  0  0  0  0  0  X  X  0  0  0  0  0  0  0  0  0  X  X 
