# Calibration file of tamex_id 1 @ channel 32
# fine_T bin		 Calibration value
0.125		0
0.25		0
0.375		0
0.5		0
0.625		0
0.75		0
0.875		0
1		0
1.125		0
1.25		0
1.375		0
1.5		0
1.625		0
1.75		0
1.875		0
2		0
2.125		0
2.25		0
2.375		0
2.5		0
2.625		0
2.75		0
2.875		0
3		0
3.125		0
3.25		0
3.375		0
3.5		0
3.625		0
3.75		0
3.875		0
4		0
4.125		0
4.25		0
4.375		0
4.5		0
4.625		0
4.75		0
4.875		0
5		0
5.125		0
5.25		0
5.375		0
5.5		0
5.625		0
5.75		0
5.875		0
6		0
6.125		0
6.25		0
6.375		0
6.5		0
6.625		0
6.75		0
6.875		0
7		0
7.125		0
7.25		0
7.375		0
7.5		0
7.625		0
7.75		0
7.875		0
8		0
8.125		0
8.25		0
8.375		0
8.5		0
8.625		0
8.75		0
8.875		0
9		0
9.125		0
9.25		0
9.375		0
9.5		0
9.625		0
9.75		0
9.875		0
10		0
10.125		0
10.25		0
10.375		0
10.5		0
10.625		0
10.75		0
10.875		0
11		0
11.125		0
11.25		0
11.375		0
11.5		0
11.625		0
11.75		0
11.875		0
12		0
12.125		0
12.25		0
12.375		0
12.5		0
12.625		0
12.75		0
12.875		0
13		0
13.125		0
13.25		0
13.375		0
13.5		0
13.625		0
13.75		0
13.875		0
14		0
14.125		0
14.25		0
14.375		0
14.5		0
14.625		0
14.75		0
14.875		0
15		0
15.125		0
15.25		0
15.375		0
15.5		0
15.625		0
15.75		0
15.875		0
16		0
16.125		0
16.25		0
16.375		0
16.5		0
16.625		0
16.75		0
16.875		0
17		0
17.125		29.1431
17.25		29.1431
17.375		29.1431
17.5		29.1431
17.625		29.1431
17.75		29.1431
17.875		29.1431
18		29.1431
18.125		45.2371
18.25		45.2371
18.375		45.2371
18.5		45.2371
18.625		45.2371
18.75		45.2371
18.875		45.2371
19		45.2371
19.125		51.7616
19.25		51.7616
19.375		51.7616
19.5		51.7616
19.625		51.7616
19.75		51.7616
19.875		51.7616
20		51.7616
20.125		65.0283
20.25		65.0283
20.375		65.0283
20.5		65.0283
20.625		65.0283
20.75		65.0283
20.875		65.0283
21		65.0283
21.125		80.2523
21.25		80.2523
21.375		80.2523
21.5		80.2523
21.625		80.2523
21.75		80.2523
21.875		80.2523
22		80.2523
22.125		95.0413
22.25		95.0413
22.375		95.0413
22.5		95.0413
22.625		95.0413
22.75		95.0413
22.875		95.0413
23		95.0413
23.125		102.436
23.25		102.436
23.375		102.436
23.5		102.436
23.625		102.436
23.75		102.436
23.875		102.436
24		102.436
24.125		103.088
24.25		103.088
24.375		103.088
24.5		103.088
24.625		103.088
24.75		103.088
24.875		103.088
25		103.088
25.125		111.788
25.25		111.788
25.375		111.788
25.5		111.788
25.625		111.788
25.75		111.788
25.875		111.788
26		111.788
26.125		137.016
26.25		137.016
26.375		137.016
26.5		137.016
26.625		137.016
26.75		137.016
26.875		137.016
27		137.016
27.125		143.541
27.25		143.541
27.375		143.541
27.5		143.541
27.625		143.541
27.75		143.541
27.875		143.541
28		143.541
28.125		147.89
28.25		147.89
28.375		147.89
28.5		147.89
28.625		147.89
28.75		147.89
28.875		147.89
29		147.89
29.125		152.893
29.25		152.893
29.375		152.893
29.5		152.893
29.625		152.893
29.75		152.893
29.875		152.893
30		152.893
30.125		167.247
30.25		167.247
30.375		167.247
30.5		167.247
30.625		167.247
30.75		167.247
30.875		167.247
31		167.247
31.125		185.08
31.25		185.08
31.375		185.08
31.5		185.08
31.625		185.08
31.75		185.08
31.875		185.08
32		185.08
32.125		186.82
32.25		186.82
32.375		186.82
32.5		186.82
32.625		186.82
32.75		186.82
32.875		186.82
33		186.82
33.125		192.475
33.25		192.475
33.375		192.475
33.5		192.475
33.625		192.475
33.75		192.475
33.875		192.475
34		192.475
34.125		207.264
34.25		207.264
34.375		207.264
34.5		207.264
34.625		207.264
34.75		207.264
34.875		207.264
35		207.264
35.125		213.789
35.25		213.789
35.375		213.789
35.5		213.789
35.625		213.789
35.75		213.789
35.875		213.789
36		213.789
36.125		217.703
36.25		217.703
36.375		217.703
36.5		217.703
36.625		217.703
36.75		217.703
36.875		217.703
37		217.703
37.125		228.36
37.25		228.36
37.375		228.36
37.5		228.36
37.625		228.36
37.75		228.36
37.875		228.36
38		228.36
38.125		242.062
38.25		242.062
38.375		242.062
38.5		242.062
38.625		242.062
38.75		242.062
38.875		242.062
39		242.062
39.125		244.454
39.25		244.454
39.375		244.454
39.5		244.454
39.625		244.454
39.75		244.454
39.875		244.454
40		244.454
40.125		253.154
40.25		253.154
40.375		253.154
40.5		253.154
40.625		253.154
40.75		253.154
40.875		253.154
41		253.154
41.125		258.808
41.25		258.808
41.375		258.808
41.5		258.808
41.625		258.808
41.75		258.808
41.875		258.808
42		258.808
42.125		281.209
42.25		281.209
42.375		281.209
42.5		281.209
42.625		281.209
42.75		281.209
42.875		281.209
43		281.209
43.125		286.864
43.25		286.864
43.375		286.864
43.5		286.864
43.625		286.864
43.75		286.864
43.875		286.864
44		286.864
44.125		294.476
44.25		294.476
44.375		294.476
44.5		294.476
44.625		294.476
44.75		294.476
44.875		294.476
45		294.476
45.125		299.478
45.25		299.478
45.375		299.478
45.5		299.478
45.625		299.478
45.75		299.478
45.875		299.478
46		299.478
46.125		319.052
46.25		319.052
46.375		319.052
46.5		319.052
46.625		319.052
46.75		319.052
46.875		319.052
47		319.052
47.125		342.105
47.25		342.105
47.375		342.105
47.5		342.105
47.625		342.105
47.75		342.105
47.875		342.105
48		342.105
48.125		342.975
48.25		342.975
48.375		342.975
48.5		342.975
48.625		342.975
48.75		342.975
48.875		342.975
49		342.975
49.125		349.282
49.25		349.282
49.375		349.282
49.5		349.282
49.625		349.282
49.75		349.282
49.875		349.282
50		349.282
50.125		353.415
50.25		353.415
50.375		353.415
50.5		353.415
50.625		353.415
50.75		353.415
50.875		353.415
51		353.415
51.125		373.206
51.25		373.206
51.375		373.206
51.5		373.206
51.625		373.206
51.75		373.206
51.875		373.206
52		373.206
52.125		390.822
52.25		390.822
52.375		390.822
52.5		390.822
52.625		390.822
52.75		390.822
52.875		390.822
53		390.822
53.125		396.042
53.25		396.042
53.375		396.042
53.5		396.042
53.625		396.042
53.75		396.042
53.875		396.042
54		396.042
54.125		406.916
54.25		406.916
54.375		406.916
54.5		406.916
54.625		406.916
54.75		406.916
54.875		406.916
55		406.916
55.125		409.526
55.25		409.526
55.375		409.526
55.5		409.526
55.625		409.526
55.75		409.526
55.875		409.526
56		409.526
56.125		438.234
56.25		438.234
56.375		438.234
56.5		438.234
56.625		438.234
56.75		438.234
56.875		438.234
57		438.234
57.125		450.413
57.25		450.413
57.375		450.413
57.5		450.413
57.625		450.413
57.75		450.413
57.875		450.413
58		450.413
58.125		455.633
58.25		455.633
58.375		455.633
58.5		455.633
58.625		455.633
58.75		455.633
58.875		455.633
59		455.633
59.125		472.379
59.25		472.379
59.375		472.379
59.5		472.379
59.625		472.379
59.75		472.379
59.875		472.379
60		472.379
60.125		485.863
60.25		485.863
60.375		485.863
60.5		485.863
60.625		485.863
60.75		485.863
60.875		485.863
61		485.863
61.125		494.345
61.25		494.345
61.375		494.345
61.5		494.345
61.625		494.345
61.75		494.345
61.875		494.345
62		494.345
62.125		505.437
62.25		505.437
62.375		505.437
62.5		505.437
62.625		505.437
62.75		505.437
62.875		505.437
63		505.437
63.125		509.352
63.25		509.352
63.375		509.352
63.5		509.352
63.625		509.352
63.75		509.352
63.875		509.352
64		509.352
64.125		530.448
64.25		530.448
64.375		530.448
64.5		530.448
64.625		530.448
64.75		530.448
64.875		530.448
65		530.448
65.125		535.015
65.25		535.015
65.375		535.015
65.5		535.015
65.625		535.015
65.75		535.015
65.875		535.015
66		535.015
66.125		548.934
66.25		548.934
66.375		548.934
66.5		548.934
66.625		548.934
66.75		548.934
66.875		548.934
67		548.934
67.125		552.632
67.25		552.632
67.375		552.632
67.5		552.632
67.625		552.632
67.75		552.632
67.875		552.632
68		552.632
68.125		568.508
68.25		568.508
68.375		568.508
68.5		568.508
68.625		568.508
68.75		568.508
68.875		568.508
69		568.508
69.125		582.862
69.25		582.862
69.375		582.862
69.5		582.862
69.625		582.862
69.75		582.862
69.875		582.862
70		582.862
70.125		594.171
70.25		594.171
70.375		594.171
70.5		594.171
70.625		594.171
70.75		594.171
70.875		594.171
71		594.171
71.125		595.259
71.25		595.259
71.375		595.259
71.5		595.259
71.625		595.259
71.75		595.259
71.875		595.259
72		595.259
72.125		627.882
72.25		627.882
72.375		627.882
72.5		627.882
72.625		627.882
72.75		627.882
72.875		627.882
73		627.882
73.125		634.841
73.25		634.841
73.375		634.841
73.5		634.841
73.625		634.841
73.75		634.841
73.875		634.841
74		634.841
74.125		639.843
74.25		639.843
74.375		639.843
74.5		639.843
74.625		639.843
74.75		639.843
74.875		639.843
75		639.843
75.125		655.285
75.25		655.285
75.375		655.285
75.5		655.285
75.625		655.285
75.75		655.285
75.875		655.285
76		655.285
76.125		659.635
76.25		659.635
76.375		659.635
76.5		659.635
76.625		659.635
76.75		659.635
76.875		659.635
77		659.635
77.125		676.164
77.25		676.164
77.375		676.164
77.5		676.164
77.625		676.164
77.75		676.164
77.875		676.164
78		676.164
78.125		681.601
78.25		681.601
78.375		681.601
78.5		681.601
78.625		681.601
78.75		681.601
78.875		681.601
79		681.601
79.125		693.127
79.25		693.127
79.375		693.127
79.5		693.127
79.625		693.127
79.75		693.127
79.875		693.127
80		693.127
80.125		730.1
80.25		730.1
80.375		730.1
80.5		730.1
80.625		730.1
80.75		730.1
80.875		730.1
81		730.1
81.125		744.019
81.25		744.019
81.375		744.019
81.5		744.019
81.625		744.019
81.75		744.019
81.875		744.019
82		744.019
82.125		750.761
82.25		750.761
82.375		750.761
82.5		750.761
82.625		750.761
82.75		750.761
82.875		750.761
83		750.761
83.125		757.938
83.25		757.938
83.375		757.938
83.5		757.938
83.625		757.938
83.75		757.938
83.875		757.938
84		757.938
84.125		772.292
84.25		772.292
84.375		772.292
84.5		772.292
84.625		772.292
84.75		772.292
84.875		772.292
85		772.292
85.125		789.474
85.25		789.474
85.375		789.474
85.5		789.474
85.625		789.474
85.75		789.474
85.875		789.474
86		789.474
86.125		802.523
86.25		802.523
86.375		802.523
86.5		802.523
86.625		802.523
86.75		802.523
86.875		802.523
87		802.523
87.125		808.612
87.25		808.612
87.375		808.612
87.5		808.612
87.625		808.612
87.75		808.612
87.875		808.612
88		808.612
88.125		815.789
88.25		815.789
88.375		815.789
88.5		815.789
88.625		815.789
88.75		815.789
88.875		815.789
89		815.789
89.125		839.93
89.25		839.93
89.375		839.93
89.5		839.93
89.625		839.93
89.75		839.93
89.875		839.93
90		839.93
90.125		840.583
90.25		840.583
90.375		840.583
90.5		840.583
90.625		840.583
90.75		840.583
90.875		840.583
91		840.583
91.125		851.675
91.25		851.675
91.375		851.675
91.5		851.675
91.625		851.675
91.75		851.675
91.875		851.675
92		851.675
92.125		860.374
92.25		860.374
92.375		860.374
92.5		860.374
92.625		860.374
92.75		860.374
92.875		860.374
93		860.374
93.125		864.941
93.25		864.941
93.375		864.941
93.5		864.941
93.625		864.941
93.75		864.941
93.875		864.941
94		864.941
94.125		891.475
94.25		891.475
94.375		891.475
94.5		891.475
94.625		891.475
94.75		891.475
94.875		891.475
95		891.475
95.125		894.519
95.25		894.519
95.375		894.519
95.5		894.519
95.625		894.519
95.75		894.519
95.875		894.519
96		894.519
96.125		896.694
96.25		896.694
96.375		896.694
96.5		896.694
96.625		896.694
96.75		896.694
96.875		896.694
97		896.694
97.125		927.795
97.25		927.795
97.375		927.795
97.5		927.795
97.625		927.795
97.75		927.795
97.875		927.795
98		927.795
98.125		941.931
98.25		941.931
98.375		941.931
98.5		941.931
98.625		941.931
98.75		941.931
98.875		941.931
99		941.931
99.125		942.801
99.25		942.801
99.375		942.801
99.5		942.801
99.625		942.801
99.75		942.801
99.875		942.801
100		942.801
100.125		944.106
100.25		944.106
100.375		944.106
100.5		944.106
100.625		944.106
100.75		944.106
100.875		944.106
101		944.106
101.125		954.328
101.25		954.328
101.375		954.328
101.5		954.328
101.625		954.328
101.75		954.328
101.875		954.328
102		954.328
102.125		979.774
102.25		979.774
102.375		979.774
102.5		979.774
102.625		979.774
102.75		979.774
102.875		979.774
103		979.774
103.125		980.861
103.25		980.861
103.375		980.861
103.5		980.861
103.625		980.861
103.75		980.861
103.875		980.861
104		980.861
104.125		984.559
104.25		984.559
104.375		984.559
104.5		984.559
104.625		984.559
104.75		984.559
104.875		984.559
105		984.559
105.125		999.565
105.25		999.565
105.375		999.565
105.5		999.565
105.625		999.565
105.75		999.565
105.875		999.565
106		999.565
106.125		1020.23
106.25		1020.23
106.375		1020.23
106.5		1020.23
106.625		1020.23
106.75		1020.23
106.875		1020.23
107		1020.23
107.125		1029.8
107.25		1029.8
107.375		1029.8
107.5		1029.8
107.625		1029.8
107.75		1029.8
107.875		1029.8
108		1029.8
108.125		1033.49
108.25		1033.49
108.375		1033.49
108.5		1033.49
108.625		1033.49
108.75		1033.49
108.875		1033.49
109		1033.49
109.125		1034.58
109.25		1034.58
109.375		1034.58
109.5		1034.58
109.625		1034.58
109.75		1034.58
109.875		1034.58
110		1034.58
110.125		1067.64
110.25		1067.64
110.375		1067.64
110.5		1067.64
110.625		1067.64
110.75		1067.64
110.875		1067.64
111		1067.64
111.125		1076.34
111.25		1076.34
111.375		1076.34
111.5		1076.34
111.625		1076.34
111.75		1076.34
111.875		1076.34
112		1076.34
112.125		1080.47
112.25		1080.47
112.375		1080.47
112.5		1080.47
112.625		1080.47
112.75		1080.47
112.875		1080.47
113		1080.47
113.125		1101.13
113.25		1101.13
113.375		1101.13
113.5		1101.13
113.625		1101.13
113.75		1101.13
113.875		1101.13
114		1101.13
114.125		1125.92
114.25		1125.92
114.375		1125.92
114.5		1125.92
114.625		1125.92
114.75		1125.92
114.875		1125.92
115		1125.92
115.125		1138.76
115.25		1138.76
115.375		1138.76
115.5		1138.76
115.625		1138.76
115.75		1138.76
115.875		1138.76
116		1138.76
116.125		1142.89
116.25		1142.89
116.375		1142.89
116.5		1142.89
116.625		1142.89
116.75		1142.89
116.875		1142.89
117		1142.89
117.125		1152.89
117.25		1152.89
117.375		1152.89
117.5		1152.89
117.625		1152.89
117.75		1152.89
117.875		1152.89
118		1152.89
118.125		1164.85
118.25		1164.85
118.375		1164.85
118.5		1164.85
118.625		1164.85
118.75		1164.85
118.875		1164.85
119		1164.85
119.125		1184.43
119.25		1184.43
119.375		1184.43
119.5		1184.43
119.625		1184.43
119.75		1184.43
119.875		1184.43
120		1184.43
120.125		1190.3
120.25		1190.3
120.375		1190.3
120.5		1190.3
120.625		1190.3
120.75		1190.3
120.875		1190.3
121		1190.3
121.125		1190.3
121.25		1190.3
121.375		1190.3
121.5		1190.3
121.625		1190.3
121.75		1190.3
121.875		1190.3
122		1190.3
122.125		1190.74
122.25		1190.74
122.375		1190.74
122.5		1190.74
122.625		1190.74
122.75		1190.74
122.875		1190.74
123		1190.74
123.125		1207.92
123.25		1207.92
123.375		1207.92
123.5		1207.92
123.625		1207.92
123.75		1207.92
123.875		1207.92
124		1207.92
124.125		1224.45
124.25		1224.45
124.375		1224.45
124.5		1224.45
124.625		1224.45
124.75		1224.45
124.875		1224.45
125		1224.45
125.125		1239.02
125.25		1239.02
125.375		1239.02
125.5		1239.02
125.625		1239.02
125.75		1239.02
125.875		1239.02
126		1239.02
126.125		1243.58
126.25		1243.58
126.375		1243.58
126.5		1243.58
126.625		1243.58
126.75		1243.58
126.875		1243.58
127		1243.58
127.125		1246.41
127.25		1246.41
127.375		1246.41
127.5		1246.41
127.625		1246.41
127.75		1246.41
127.875		1246.41
128		1246.41
128.125		1249.02
128.25		1249.02
128.375		1249.02
128.5		1249.02
128.625		1249.02
128.75		1249.02
128.875		1249.02
129		1249.02
129.125		1272.73
129.25		1272.73
129.375		1272.73
129.5		1272.73
129.625		1272.73
129.75		1272.73
129.875		1272.73
130		1272.73
130.125		1273.38
130.25		1273.38
130.375		1273.38
130.5		1273.38
130.625		1273.38
130.75		1273.38
130.875		1273.38
131		1273.38
131.125		1288.17
131.25		1288.17
131.375		1288.17
131.5		1288.17
131.625		1288.17
131.75		1288.17
131.875		1288.17
132		1288.17
132.125		1304.48
132.25		1304.48
132.375		1304.48
132.5		1304.48
132.625		1304.48
132.75		1304.48
132.875		1304.48
133		1304.48
133.125		1307.74
133.25		1307.74
133.375		1307.74
133.5		1307.74
133.625		1307.74
133.75		1307.74
133.875		1307.74
134		1307.74
134.125		1329.49
134.25		1329.49
134.375		1329.49
134.5		1329.49
134.625		1329.49
134.75		1329.49
134.875		1329.49
135		1329.49
135.125		1330.58
135.25		1330.58
135.375		1330.58
135.5		1330.58
135.625		1330.58
135.75		1330.58
135.875		1330.58
136		1330.58
136.125		1334.06
136.25		1334.06
136.375		1334.06
136.5		1334.06
136.625		1334.06
136.75		1334.06
136.875		1334.06
137		1334.06
137.125		1355.37
137.25		1355.37
137.375		1355.37
137.5		1355.37
137.625		1355.37
137.75		1355.37
137.875		1355.37
138		1355.37
138.125		1378.64
138.25		1378.64
138.375		1378.64
138.5		1378.64
138.625		1378.64
138.75		1378.64
138.875		1378.64
139		1378.64
139.125		1385.17
139.25		1385.17
139.375		1385.17
139.5		1385.17
139.625		1385.17
139.75		1385.17
139.875		1385.17
140		1385.17
140.125		1387.78
140.25		1387.78
140.375		1387.78
140.5		1387.78
140.625		1387.78
140.75		1387.78
140.875		1387.78
141		1387.78
141.125		1393.21
141.25		1393.21
141.375		1393.21
141.5		1393.21
141.625		1393.21
141.75		1393.21
141.875		1393.21
142		1393.21
142.125		1410.61
142.25		1410.61
142.375		1410.61
142.5		1410.61
142.625		1410.61
142.75		1410.61
142.875		1410.61
143		1410.61
143.125		1425.4
143.25		1425.4
143.375		1425.4
143.5		1425.4
143.625		1425.4
143.75		1425.4
143.875		1425.4
144		1425.4
144.125		1428.23
144.25		1428.23
144.375		1428.23
144.5		1428.23
144.625		1428.23
144.75		1428.23
144.875		1428.23
145		1428.23
145.125		1438.45
145.25		1438.45
145.375		1438.45
145.5		1438.45
145.625		1438.45
145.75		1438.45
145.875		1438.45
146		1438.45
146.125		1455.42
146.25		1455.42
146.375		1455.42
146.5		1455.42
146.625		1455.42
146.75		1455.42
146.875		1455.42
147		1455.42
147.125		1464.11
147.25		1464.11
147.375		1464.11
147.5		1464.11
147.625		1464.11
147.75		1464.11
147.875		1464.11
148		1464.11
148.125		1466.07
148.25		1466.07
148.375		1466.07
148.5		1466.07
148.625		1466.07
148.75		1466.07
148.875		1466.07
149		1466.07
149.125		1483.69
149.25		1483.69
149.375		1483.69
149.5		1483.69
149.625		1483.69
149.75		1483.69
149.875		1483.69
150		1483.69
150.125		1496.74
150.25		1496.74
150.375		1496.74
150.5		1496.74
150.625		1496.74
150.75		1496.74
150.875		1496.74
151		1496.74
151.125		1497.83
151.25		1497.83
151.375		1497.83
151.5		1497.83
151.625		1497.83
151.75		1497.83
151.875		1497.83
152		1497.83
152.125		1523.05
152.25		1523.05
152.375		1523.05
152.5		1523.05
152.625		1523.05
152.75		1523.05
152.875		1523.05
153		1523.05
153.125		1525.88
153.25		1525.88
153.375		1525.88
153.5		1525.88
153.625		1525.88
153.75		1525.88
153.875		1525.88
154		1525.88
154.125		1534.8
154.25		1534.8
154.375		1534.8
154.5		1534.8
154.625		1534.8
154.75		1534.8
154.875		1534.8
155		1534.8
155.125		1544.37
155.25		1544.37
155.375		1544.37
155.5		1544.37
155.625		1544.37
155.75		1544.37
155.875		1544.37
156		1544.37
156.125		1553.07
156.25		1553.07
156.375		1553.07
156.5		1553.07
156.625		1553.07
156.75		1553.07
156.875		1553.07
157		1553.07
157.125		1566.33
157.25		1566.33
157.375		1566.33
157.5		1566.33
157.625		1566.33
157.75		1566.33
157.875		1566.33
158		1566.33
158.125		1578.51
158.25		1578.51
158.375		1578.51
158.5		1578.51
158.625		1578.51
158.75		1578.51
158.875		1578.51
159		1578.51
159.125		1584.38
159.25		1584.38
159.375		1584.38
159.5		1584.38
159.625		1584.38
159.75		1584.38
159.875		1584.38
160		1584.38
160.125		1604.39
160.25		1604.39
160.375		1604.39
160.5		1604.39
160.625		1604.39
160.75		1604.39
160.875		1604.39
161		1604.39
161.125		1613.31
161.25		1613.31
161.375		1613.31
161.5		1613.31
161.625		1613.31
161.75		1613.31
161.875		1613.31
162		1613.31
162.125		1619.83
162.25		1619.83
162.375		1619.83
162.5		1619.83
162.625		1619.83
162.75		1619.83
162.875		1619.83
163		1619.83
163.125		1628.75
163.25		1628.75
163.375		1628.75
163.5		1628.75
163.625		1628.75
163.75		1628.75
163.875		1628.75
164		1628.75
164.125		1643.76
164.25		1643.76
164.375		1643.76
164.5		1643.76
164.625		1643.76
164.75		1643.76
164.875		1643.76
165		1643.76
165.125		1664.85
165.25		1664.85
165.375		1664.85
165.5		1664.85
165.625		1664.85
165.75		1664.85
165.875		1664.85
166		1664.85
166.125		1668.99
166.25		1668.99
166.375		1668.99
166.5		1668.99
166.625		1668.99
166.75		1668.99
166.875		1668.99
167		1668.99
167.125		1673.77
167.25		1673.77
167.375		1673.77
167.5		1673.77
167.625		1673.77
167.75		1673.77
167.875		1673.77
168		1673.77
168.125		1685.3
168.25		1685.3
168.375		1685.3
168.5		1685.3
168.625		1685.3
168.75		1685.3
168.875		1685.3
169		1685.3
169.125		1699.22
169.25		1699.22
169.375		1699.22
169.5		1699.22
169.625		1699.22
169.75		1699.22
169.875		1699.22
170		1699.22
170.125		1702.26
170.25		1702.26
170.375		1702.26
170.5		1702.26
170.625		1702.26
170.75		1702.26
170.875		1702.26
171		1702.26
171.125		1723.79
171.25		1723.79
171.375		1723.79
171.5		1723.79
171.625		1723.79
171.75		1723.79
171.875		1723.79
172		1723.79
172.125		1726.19
172.25		1726.19
172.375		1726.19
172.5		1726.19
172.625		1726.19
172.75		1726.19
172.875		1726.19
173		1726.19
173.125		1748.59
173.25		1748.59
173.375		1748.59
173.5		1748.59
173.625		1748.59
173.75		1748.59
173.875		1748.59
174		1748.59
174.125		1756.85
174.25		1756.85
174.375		1756.85
174.5		1756.85
174.625		1756.85
174.75		1756.85
174.875		1756.85
175		1756.85
175.125		1766.2
175.25		1766.2
175.375		1766.2
175.5		1766.2
175.625		1766.2
175.75		1766.2
175.875		1766.2
176		1766.2
176.125		1783.38
176.25		1783.38
176.375		1783.38
176.5		1783.38
176.625		1783.38
176.75		1783.38
176.875		1783.38
177		1783.38
177.125		1785.34
177.25		1785.34
177.375		1785.34
177.5		1785.34
177.625		1785.34
177.75		1785.34
177.875		1785.34
178		1785.34
178.125		1794.91
178.25		1794.91
178.375		1794.91
178.5		1794.91
178.625		1794.91
178.75		1794.91
178.875		1794.91
179		1794.91
179.125		1822.75
179.25		1822.75
179.375		1822.75
179.5		1822.75
179.625		1822.75
179.75		1822.75
179.875		1822.75
180		1822.75
180.125		1829.06
180.25		1829.06
180.375		1829.06
180.5		1829.06
180.625		1829.06
180.75		1829.06
180.875		1829.06
181		1829.06
181.125		1846.02
181.25		1846.02
181.375		1846.02
181.5		1846.02
181.625		1846.02
181.75		1846.02
181.875		1846.02
182		1846.02
182.125		1852.98
182.25		1852.98
182.375		1852.98
182.5		1852.98
182.625		1852.98
182.75		1852.98
182.875		1852.98
183		1852.98
183.125		1854.5
183.25		1854.5
183.375		1854.5
183.5		1854.5
183.625		1854.5
183.75		1854.5
183.875		1854.5
184		1854.5
184.125		1862.98
184.25		1862.98
184.375		1862.98
184.5		1862.98
184.625		1862.98
184.75		1862.98
184.875		1862.98
185		1862.98
185.125		1879.95
185.25		1879.95
185.375		1879.95
185.5		1879.95
185.625		1879.95
185.75		1879.95
185.875		1879.95
186		1879.95
186.125		1893.65
186.25		1893.65
186.375		1893.65
186.5		1893.65
186.625		1893.65
186.75		1893.65
186.875		1893.65
187		1893.65
187.125		1894.08
187.25		1894.08
187.375		1894.08
187.5		1894.08
187.625		1894.08
187.75		1894.08
187.875		1894.08
188		1894.08
188.125		1899.52
188.25		1899.52
188.375		1899.52
188.5		1899.52
188.625		1899.52
188.75		1899.52
188.875		1899.52
189		1899.52
189.125		1910.83
189.25		1910.83
189.375		1910.83
189.5		1910.83
189.625		1910.83
189.75		1910.83
189.875		1910.83
190		1910.83
190.125		1935.41
190.25		1935.41
190.375		1935.41
190.5		1935.41
190.625		1935.41
190.75		1935.41
190.875		1935.41
191		1935.41
191.125		1936.93
191.25		1936.93
191.375		1936.93
191.5		1936.93
191.625		1936.93
191.75		1936.93
191.875		1936.93
192		1936.93
192.125		1953.68
192.25		1953.68
192.375		1953.68
192.5		1953.68
192.625		1953.68
192.75		1953.68
192.875		1953.68
193		1953.68
193.125		1960.42
193.25		1960.42
193.375		1960.42
193.5		1960.42
193.625		1960.42
193.75		1960.42
193.875		1960.42
194		1960.42
194.125		1978.9
194.25		1978.9
194.375		1978.9
194.5		1978.9
194.625		1978.9
194.75		1978.9
194.875		1978.9
195		1978.9
195.125		1989.78
195.25		1989.78
195.375		1989.78
195.5		1989.78
195.625		1989.78
195.75		1989.78
195.875		1989.78
196		1989.78
196.125		2003.91
196.25		2003.91
196.375		2003.91
196.5		2003.91
196.625		2003.91
196.75		2003.91
196.875		2003.91
197		2003.91
197.125		2005.44
197.25		2005.44
197.375		2005.44
197.5		2005.44
197.625		2005.44
197.75		2005.44
197.875		2005.44
198		2005.44
198.125		2022.62
198.25		2022.62
198.375		2022.62
198.5		2022.62
198.625		2022.62
198.75		2022.62
198.875		2022.62
199		2022.62
199.125		2036.76
199.25		2036.76
199.375		2036.76
199.5		2036.76
199.625		2036.76
199.75		2036.76
199.875		2036.76
200		2036.76
200.125		2038.28
200.25		2038.28
200.375		2038.28
200.5		2038.28
200.625		2038.28
200.75		2038.28
200.875		2038.28
201		2038.28
201.125		2049.37
201.25		2049.37
201.375		2049.37
201.5		2049.37
201.625		2049.37
201.75		2049.37
201.875		2049.37
202		2049.37
202.125		2067.42
202.25		2067.42
202.375		2067.42
202.5		2067.42
202.625		2067.42
202.75		2067.42
202.875		2067.42
203		2067.42
203.125		2073.29
203.25		2073.29
203.375		2073.29
203.5		2073.29
203.625		2073.29
203.75		2073.29
203.875		2073.29
204		2073.29
204.125		2086.56
204.25		2086.56
204.375		2086.56
204.5		2086.56
204.625		2086.56
204.75		2086.56
204.875		2086.56
205		2086.56
205.125		2095.04
205.25		2095.04
205.375		2095.04
205.5		2095.04
205.625		2095.04
205.75		2095.04
205.875		2095.04
206		2095.04
206.125		2096.78
206.25		2096.78
206.375		2096.78
206.5		2096.78
206.625		2096.78
206.75		2096.78
206.875		2096.78
207		2096.78
207.125		2117.22
207.25		2117.22
207.375		2117.22
207.5		2117.22
207.625		2117.22
207.75		2117.22
207.875		2117.22
208		2117.22
208.125		2120.05
208.25		2120.05
208.375		2120.05
208.5		2120.05
208.625		2120.05
208.75		2120.05
208.875		2120.05
209		2120.05
209.125		2145.93
209.25		2145.93
209.375		2145.93
209.5		2145.93
209.625		2145.93
209.75		2145.93
209.875		2145.93
210		2145.93
210.125		2147.89
210.25		2147.89
210.375		2147.89
210.5		2147.89
210.625		2147.89
210.75		2147.89
210.875		2147.89
211		2147.89
211.125		2153.76
211.25		2153.76
211.375		2153.76
211.5		2153.76
211.625		2153.76
211.75		2153.76
211.875		2153.76
212		2153.76
212.125		2170.29
212.25		2170.29
212.375		2170.29
212.5		2170.29
212.625		2170.29
212.75		2170.29
212.875		2170.29
213		2170.29
213.125		2177.69
213.25		2177.69
213.375		2177.69
213.5		2177.69
213.625		2177.69
213.75		2177.69
213.875		2177.69
214		2177.69
214.125		2185.08
214.25		2185.08
214.375		2185.08
214.5		2185.08
214.625		2185.08
214.75		2185.08
214.875		2185.08
215		2185.08
215.125		2203.78
215.25		2203.78
215.375		2203.78
215.5		2203.78
215.625		2203.78
215.75		2203.78
215.875		2203.78
216		2203.78
216.125		2220.97
216.25		2220.97
216.375		2220.97
216.5		2220.97
216.625		2220.97
216.75		2220.97
216.875		2220.97
217		2220.97
217.125		2221.4
217.25		2221.4
217.375		2221.4
217.5		2221.4
217.625		2221.4
217.75		2221.4
217.875		2221.4
218		2221.4
218.125		2221.62
218.25		2221.62
218.375		2221.62
218.5		2221.62
218.625		2221.62
218.75		2221.62
218.875		2221.62
219		2221.62
219.125		2230.1
219.25		2230.1
219.375		2230.1
219.5		2230.1
219.625		2230.1
219.75		2230.1
219.875		2230.1
220		2230.1
220.125		2253.15
220.25		2253.15
220.375		2253.15
220.5		2253.15
220.625		2253.15
220.75		2253.15
220.875		2253.15
221		2253.15
221.125		2257.29
221.25		2257.29
221.375		2257.29
221.5		2257.29
221.625		2257.29
221.75		2257.29
221.875		2257.29
222		2257.29
222.125		2264.25
222.25		2264.25
222.375		2264.25
222.5		2264.25
222.625		2264.25
222.75		2264.25
222.875		2264.25
223		2264.25
223.125		2270.12
223.25		2270.12
223.375		2270.12
223.5		2270.12
223.625		2270.12
223.75		2270.12
223.875		2270.12
224		2270.12
224.125		2280.34
224.25		2280.34
224.375		2280.34
224.5		2280.34
224.625		2280.34
224.75		2280.34
224.875		2280.34
225		2280.34
225.125		2302.74
225.25		2302.74
225.375		2302.74
225.5		2302.74
225.625		2302.74
225.75		2302.74
225.875		2302.74
226		2302.74
226.125		2305.79
226.25		2305.79
226.375		2305.79
226.5		2305.79
226.625		2305.79
226.75		2305.79
226.875		2305.79
227		2305.79
227.125		2306.66
227.25		2306.66
227.375		2306.66
227.5		2306.66
227.625		2306.66
227.75		2306.66
227.875		2306.66
228		2306.66
228.125		2323.4
228.25		2323.4
228.375		2323.4
228.5		2323.4
228.625		2323.4
228.75		2323.4
228.875		2323.4
229		2323.4
229.125		2336.45
229.25		2336.45
229.375		2336.45
229.5		2336.45
229.625		2336.45
229.75		2336.45
229.875		2336.45
230		2336.45
230.125		2352.98
230.25		2352.98
230.375		2352.98
230.5		2352.98
230.625		2352.98
230.75		2352.98
230.875		2352.98
231		2352.98
231.125		2354.07
231.25		2354.07
231.375		2354.07
231.5		2354.07
231.625		2354.07
231.75		2354.07
231.875		2354.07
232		2354.07
232.125		2360.59
232.25		2360.59
232.375		2360.59
232.5		2360.59
232.625		2360.59
232.75		2360.59
232.875		2360.59
233		2360.59
233.125		2363.64
233.25		2363.64
233.375		2363.64
233.5		2363.64
233.625		2363.64
233.75		2363.64
233.875		2363.64
234		2363.64
234.125		2381.04
234.25		2381.04
234.375		2381.04
234.5		2381.04
234.625		2381.04
234.75		2381.04
234.875		2381.04
235		2381.04
235.125		2400.39
235.25		2400.39
235.375		2400.39
235.5		2400.39
235.625		2400.39
235.75		2400.39
235.875		2400.39
236		2400.39
236.125		2402.35
236.25		2402.35
236.375		2402.35
236.5		2402.35
236.625		2402.35
236.75		2402.35
236.875		2402.35
237		2402.35
237.125		2410.61
237.25		2410.61
237.375		2410.61
237.5		2410.61
237.625		2410.61
237.75		2410.61
237.875		2410.61
238		2410.61
238.125		2421.05
238.25		2421.05
238.375		2421.05
238.5		2421.05
238.625		2421.05
238.75		2421.05
238.875		2421.05
239		2421.05
239.125		2429.1
239.25		2429.1
239.375		2429.1
239.5		2429.1
239.625		2429.1
239.75		2429.1
239.875		2429.1
240		2429.1
240.125		2434.1
240.25		2434.1
240.375		2434.1
240.5		2434.1
240.625		2434.1
240.75		2434.1
240.875		2434.1
241		2434.1
241.125		2440.63
241.25		2440.63
241.375		2440.63
241.5		2440.63
241.625		2440.63
241.75		2440.63
241.875		2440.63
242		2440.63
242.125		2465.85
242.25		2465.85
242.375		2465.85
242.5		2465.85
242.625		2465.85
242.75		2465.85
242.875		2465.85
243		2465.85
243.125		2469.55
243.25		2469.55
243.375		2469.55
243.5		2469.55
243.625		2469.55
243.75		2469.55
243.875		2469.55
244		2469.55
244.125		2471.94
244.25		2471.94
244.375		2471.94
244.5		2471.94
244.625		2471.94
244.75		2471.94
244.875		2471.94
245		2471.94
245.125		2474.34
245.25		2474.34
245.375		2474.34
245.5		2474.34
245.625		2474.34
245.75		2474.34
245.875		2474.34
246		2474.34
246.125		2493.48
246.25		2493.48
246.375		2493.48
246.5		2493.48
246.625		2493.48
246.75		2493.48
246.875		2493.48
247		2493.48
247.125		2506.74
247.25		2506.74
247.375		2506.74
247.5		2506.74
247.625		2506.74
247.75		2506.74
247.875		2506.74
248		2506.74
248.125		2510.22
248.25		2510.22
248.375		2510.22
248.5		2510.22
248.625		2510.22
248.75		2510.22
248.875		2510.22
249		2510.22
249.125		2521.75
249.25		2521.75
249.375		2521.75
249.5		2521.75
249.625		2521.75
249.75		2521.75
249.875		2521.75
250		2521.75
250.125		2526.53
250.25		2526.53
250.375		2526.53
250.5		2526.53
250.625		2526.53
250.75		2526.53
250.875		2526.53
251		2526.53
251.125		2543.5
251.25		2543.5
251.375		2543.5
251.5		2543.5
251.625		2543.5
251.75		2543.5
251.875		2543.5
252		2543.5
252.125		2546.98
252.25		2546.98
252.375		2546.98
252.5		2546.98
252.625		2546.98
252.75		2546.98
252.875		2546.98
253		2546.98
253.125		2553.07
253.25		2553.07
253.375		2553.07
253.5		2553.07
253.625		2553.07
253.75		2553.07
253.875		2553.07
254		2553.07
254.125		2557.63
254.25		2557.63
254.375		2557.63
254.5		2557.63
254.625		2557.63
254.75		2557.63
254.875		2557.63
255		2557.63
255.125		2578.08
255.25		2578.08
255.375		2578.08
255.5		2578.08
255.625		2578.08
255.75		2578.08
255.875		2578.08
256		2578.08
256.125		2584.82
256.25		2584.82
256.375		2584.82
256.5		2584.82
256.625		2584.82
256.75		2584.82
256.875		2584.82
257		2584.82
257.125		2597
257.25		2597
257.375		2597
257.5		2597
257.625		2597
257.75		2597
257.875		2597
258		2597
258.125		2598.52
258.25		2598.52
258.375		2598.52
258.5		2598.52
258.625		2598.52
258.75		2598.52
258.875		2598.52
259		2598.52
259.125		2599.61
259.25		2599.61
259.375		2599.61
259.5		2599.61
259.625		2599.61
259.75		2599.61
259.875		2599.61
260		2599.61
260.125		2621.14
260.25		2621.14
260.375		2621.14
260.5		2621.14
260.625		2621.14
260.75		2621.14
260.875		2621.14
261		2621.14
261.125		2630.06
261.25		2630.06
261.375		2630.06
261.5		2630.06
261.625		2630.06
261.75		2630.06
261.875		2630.06
262		2630.06
262.125		2638.54
262.25		2638.54
262.375		2638.54
262.5		2638.54
262.625		2638.54
262.75		2638.54
262.875		2638.54
263		2638.54
263.125		2649.85
263.25		2649.85
263.375		2649.85
263.5		2649.85
263.625		2649.85
263.75		2649.85
263.875		2649.85
264		2649.85
264.125		2666.38
264.25		2666.38
264.375		2666.38
264.5		2666.38
264.625		2666.38
264.75		2666.38
264.875		2666.38
265		2666.38
265.125		2675.73
265.25		2675.73
265.375		2675.73
265.5		2675.73
265.625		2675.73
265.75		2675.73
265.875		2675.73
266		2675.73
266.125		2677.9
266.25		2677.9
266.375		2677.9
266.5		2677.9
266.625		2677.9
266.75		2677.9
266.875		2677.9
267		2677.9
267.125		2678.34
267.25		2678.34
267.375		2678.34
267.5		2678.34
267.625		2678.34
267.75		2678.34
267.875		2678.34
268		2678.34
268.125		2702.48
268.25		2702.48
268.375		2702.48
268.5		2702.48
268.625		2702.48
268.75		2702.48
268.875		2702.48
269		2702.48
269.125		2713.35
269.25		2713.35
269.375		2713.35
269.5		2713.35
269.625		2713.35
269.75		2713.35
269.875		2713.35
270		2713.35
270.125		2727.49
270.25		2727.49
270.375		2727.49
270.5		2727.49
270.625		2727.49
270.75		2727.49
270.875		2727.49
271		2727.49
271.125		2733.8
271.25		2733.8
271.375		2733.8
271.5		2733.8
271.625		2733.8
271.75		2733.8
271.875		2733.8
272		2733.8
272.125		2739.89
272.25		2739.89
272.375		2739.89
272.5		2739.89
272.625		2739.89
272.75		2739.89
272.875		2739.89
273		2739.89
273.125		2756.85
273.25		2756.85
273.375		2756.85
273.5		2756.85
273.625		2756.85
273.75		2756.85
273.875		2756.85
274		2756.85
274.125		2765.33
274.25		2765.33
274.375		2765.33
274.5		2765.33
274.625		2765.33
274.75		2765.33
274.875		2765.33
275		2765.33
275.125		2765.55
275.25		2765.55
275.375		2765.55
275.5		2765.55
275.625		2765.55
275.75		2765.55
275.875		2765.55
276		2765.55
276.125		2787.3
276.25		2787.3
276.375		2787.3
276.5		2787.3
276.625		2787.3
276.75		2787.3
276.875		2787.3
277		2787.3
277.125		2789.91
277.25		2789.91
277.375		2789.91
277.5		2789.91
277.625		2789.91
277.75		2789.91
277.875		2789.91
278		2789.91
278.125		2812.96
278.25		2812.96
278.375		2812.96
278.5		2812.96
278.625		2812.96
278.75		2812.96
278.875		2812.96
279		2812.96
279.125		2828.84
279.25		2828.84
279.375		2828.84
279.5		2828.84
279.625		2828.84
279.75		2828.84
279.875		2828.84
280		2828.84
280.125		2840.37
280.25		2840.37
280.375		2840.37
280.5		2840.37
280.625		2840.37
280.75		2840.37
280.875		2840.37
281		2840.37
281.125		2857.76
281.25		2857.76
281.375		2857.76
281.5		2857.76
281.625		2857.76
281.75		2857.76
281.875		2857.76
282		2857.76
282.125		2865.16
282.25		2865.16
282.375		2865.16
282.5		2865.16
282.625		2865.16
282.75		2865.16
282.875		2865.16
283		2865.16
283.125		2868.64
283.25		2868.64
283.375		2868.64
283.5		2868.64
283.625		2868.64
283.75		2868.64
283.875		2868.64
284		2868.64
284.125		2883.21
284.25		2883.21
284.375		2883.21
284.5		2883.21
284.625		2883.21
284.75		2883.21
284.875		2883.21
285		2883.21
285.125		2907.57
285.25		2907.57
285.375		2907.57
285.5		2907.57
285.625		2907.57
285.75		2907.57
285.875		2907.57
286		2907.57
286.125		2919.1
286.25		2919.1
286.375		2919.1
286.5		2919.1
286.625		2919.1
286.75		2919.1
286.875		2919.1
287		2919.1
287.125		2925.18
287.25		2925.18
287.375		2925.18
287.5		2925.18
287.625		2925.18
287.75		2925.18
287.875		2925.18
288		2925.18
288.125		2926.71
288.25		2926.71
288.375		2926.71
288.5		2926.71
288.625		2926.71
288.75		2926.71
288.875		2926.71
289		2926.71
289.125		2944.11
289.25		2944.11
289.375		2944.11
289.5		2944.11
289.625		2944.11
289.75		2944.11
289.875		2944.11
290		2944.11
290.125		2958.24
290.25		2958.24
290.375		2958.24
290.5		2958.24
290.625		2958.24
290.75		2958.24
290.875		2958.24
291		2958.24
291.125		2962.37
291.25		2962.37
291.375		2962.37
291.5		2962.37
291.625		2962.37
291.75		2962.37
291.875		2962.37
292		2962.37
292.125		2964.55
292.25		2964.55
292.375		2964.55
292.5		2964.55
292.625		2964.55
292.75		2964.55
292.875		2964.55
293		2964.55
293.125		2981.08
293.25		2981.08
293.375		2981.08
293.5		2981.08
293.625		2981.08
293.75		2981.08
293.875		2981.08
294		2981.08
294.125		3010
294.25		3010
294.375		3010
294.5		3010
294.625		3010
294.75		3010
294.875		3010
295		3010
295.125		3011.31
295.25		3011.31
295.375		3011.31
295.5		3011.31
295.625		3011.31
295.75		3011.31
295.875		3011.31
296		3011.31
296.125		3012.18
296.25		3012.18
296.375		3012.18
296.5		3012.18
296.625		3012.18
296.75		3012.18
296.875		3012.18
297		3012.18
297.125		3018.05
297.25		3018.05
297.375		3018.05
297.5		3018.05
297.625		3018.05
297.75		3018.05
297.875		3018.05
298		3018.05
298.125		3048.06
298.25		3048.06
298.375		3048.06
298.5		3048.06
298.625		3048.06
298.75		3048.06
298.875		3048.06
299		3048.06
299.125		3051.33
299.25		3051.33
299.375		3051.33
299.5		3051.33
299.625		3051.33
299.75		3051.33
299.875		3051.33
300		3051.33
300.125		3066.99
300.25		3066.99
300.375		3066.99
300.5		3066.99
300.625		3066.99
300.75		3066.99
300.875		3066.99
301		3066.99
301.125		3076.34
301.25		3076.34
301.375		3076.34
301.5		3076.34
301.625		3076.34
301.75		3076.34
301.875		3076.34
302		3076.34
302.125		3093.3
302.25		3093.3
302.375		3093.3
302.5		3093.3
302.625		3093.3
302.75		3093.3
302.875		3093.3
303		3093.3
303.125		3107.87
303.25		3107.87
303.375		3107.87
303.5		3107.87
303.625		3107.87
303.75		3107.87
303.875		3107.87
304		3107.87
304.125		3117.01
304.25		3117.01
304.375		3117.01
304.5		3117.01
304.625		3117.01
304.75		3117.01
304.875		3117.01
305		3117.01
305.125		3122.88
305.25		3122.88
305.375		3122.88
305.5		3122.88
305.625		3122.88
305.75		3122.88
305.875		3122.88
306		3122.88
306.125		3133.97
306.25		3133.97
306.375		3133.97
306.5		3133.97
306.625		3133.97
306.75		3133.97
306.875		3133.97
307		3133.97
307.125		3150.28
307.25		3150.28
307.375		3150.28
307.5		3150.28
307.625		3150.28
307.75		3150.28
307.875		3150.28
308		3150.28
308.125		3160.72
308.25		3160.72
308.375		3160.72
308.5		3160.72
308.625		3160.72
308.75		3160.72
308.875		3160.72
309		3160.72
309.125		3171.16
309.25		3171.16
309.375		3171.16
309.5		3171.16
309.625		3171.16
309.75		3171.16
309.875		3171.16
310		3171.16
310.125		3184.86
310.25		3184.86
310.375		3184.86
310.5		3184.86
310.625		3184.86
310.75		3184.86
310.875		3184.86
311		3184.86
311.125		3188.78
311.25		3188.78
311.375		3188.78
311.5		3188.78
311.625		3188.78
311.75		3188.78
311.875		3188.78
312		3188.78
312.125		3202.48
312.25		3202.48
312.375		3202.48
312.5		3202.48
312.625		3202.48
312.75		3202.48
312.875		3202.48
313		3202.48
313.125		3217.05
313.25		3217.05
313.375		3217.05
313.5		3217.05
313.625		3217.05
313.75		3217.05
313.875		3217.05
314		3217.05
314.125		3218.57
314.25		3218.57
314.375		3218.57
314.5		3218.57
314.625		3218.57
314.75		3218.57
314.875		3218.57
315		3218.57
315.125		3239.67
315.25		3239.67
315.375		3239.67
315.5		3239.67
315.625		3239.67
315.75		3239.67
315.875		3239.67
316		3239.67
316.125		3255.55
316.25		3255.55
316.375		3255.55
316.5		3255.55
316.625		3255.55
316.75		3255.55
316.875		3255.55
317		3255.55
317.125		3271.2
317.25		3271.2
317.375		3271.2
317.5		3271.2
317.625		3271.2
317.75		3271.2
317.875		3271.2
318		3271.2
318.125		3273.81
318.25		3273.81
318.375		3273.81
318.5		3273.81
318.625		3273.81
318.75		3273.81
318.875		3273.81
319		3273.81
319.125		3281.21
319.25		3281.21
319.375		3281.21
319.5		3281.21
319.625		3281.21
319.75		3281.21
319.875		3281.21
320		3281.21
320.125		3304.26
320.25		3304.26
320.375		3304.26
320.5		3304.26
320.625		3304.26
320.75		3304.26
320.875		3304.26
321		3304.26
321.125		3307.74
321.25		3307.74
321.375		3307.74
321.5		3307.74
321.625		3307.74
321.75		3307.74
321.875		3307.74
322		3307.74
322.125		3309.92
322.25		3309.92
322.375		3309.92
322.5		3309.92
322.625		3309.92
322.75		3309.92
322.875		3309.92
323		3309.92
323.125		3317.53
323.25		3317.53
323.375		3317.53
323.5		3317.53
323.625		3317.53
323.75		3317.53
323.875		3317.53
324		3317.53
324.125		3328.62
324.25		3328.62
324.375		3328.62
324.5		3328.62
324.625		3328.62
324.75		3328.62
324.875		3328.62
325		3328.62
325.125		3354.28
325.25		3354.28
325.375		3354.28
325.5		3354.28
325.625		3354.28
325.75		3354.28
325.875		3354.28
326		3354.28
326.125		3358.42
326.25		3358.42
326.375		3358.42
326.5		3358.42
326.625		3358.42
326.75		3358.42
326.875		3358.42
327		3358.42
327.125		3360.16
327.25		3360.16
327.375		3360.16
327.5		3360.16
327.625		3360.16
327.75		3360.16
327.875		3360.16
328		3360.16
328.125		3362.77
328.25		3362.77
328.375		3362.77
328.5		3362.77
328.625		3362.77
328.75		3362.77
328.875		3362.77
329		3362.77
329.125		3373.42
329.25		3373.42
329.375		3373.42
329.5		3373.42
329.625		3373.42
329.75		3373.42
329.875		3373.42
330		3373.42
330.125		3388.86
330.25		3388.86
330.375		3388.86
330.5		3388.86
330.625		3388.86
330.75		3388.86
330.875		3388.86
331		3388.86
331.125		3396.91
331.25		3396.91
331.375		3396.91
331.5		3396.91
331.625		3396.91
331.75		3396.91
331.875		3396.91
332		3396.91
332.125		3415.62
332.25		3415.62
332.375		3415.62
332.5		3415.62
332.625		3415.62
332.75		3415.62
332.875		3415.62
333		3415.62
333.125		3419.53
333.25		3419.53
333.375		3419.53
333.5		3419.53
333.625		3419.53
333.75		3419.53
333.875		3419.53
334		3419.53
334.125		3438.67
334.25		3438.67
334.375		3438.67
334.5		3438.67
334.625		3438.67
334.75		3438.67
334.875		3438.67
335		3438.67
335.125		3448.89
335.25		3448.89
335.375		3448.89
335.5		3448.89
335.625		3448.89
335.75		3448.89
335.875		3448.89
336		3448.89
336.125		3458.46
336.25		3458.46
336.375		3458.46
336.5		3458.46
336.625		3458.46
336.75		3458.46
336.875		3458.46
337		3458.46
337.125		3470.86
337.25		3470.86
337.375		3470.86
337.5		3470.86
337.625		3470.86
337.75		3470.86
337.875		3470.86
338		3470.86
338.125		3479.99
338.25		3479.99
338.375		3479.99
338.5		3479.99
338.625		3479.99
338.75		3479.99
338.875		3479.99
339		3479.99
339.125		3493.69
339.25		3493.69
339.375		3493.69
339.5		3493.69
339.625		3493.69
339.75		3493.69
339.875		3493.69
340		3493.69
340.125		3497.83
340.25		3497.83
340.375		3497.83
340.5		3497.83
340.625		3497.83
340.75		3497.83
340.875		3497.83
341		3497.83
341.125		3521.1
341.25		3521.1
341.375		3521.1
341.5		3521.1
341.625		3521.1
341.75		3521.1
341.875		3521.1
342		3521.1
342.125		3531.97
342.25		3531.97
342.375		3531.97
342.5		3531.97
342.625		3531.97
342.75		3531.97
342.875		3531.97
343		3531.97
343.125		3536.76
343.25		3536.76
343.375		3536.76
343.5		3536.76
343.625		3536.76
343.75		3536.76
343.875		3536.76
344		3536.76
344.125		3543.28
344.25		3543.28
344.375		3543.28
344.5		3543.28
344.625		3543.28
344.75		3543.28
344.875		3543.28
345		3543.28
345.125		3552.41
345.25		3552.41
345.375		3552.41
345.5		3552.41
345.625		3552.41
345.75		3552.41
345.875		3552.41
346		3552.41
346.125		3580.25
346.25		3580.25
346.375		3580.25
346.5		3580.25
346.625		3580.25
346.75		3580.25
346.875		3580.25
347		3580.25
347.125		3605.92
347.25		3605.92
347.375		3605.92
347.5		3605.92
347.625		3605.92
347.75		3605.92
347.875		3605.92
348		3605.92
348.125		3609.18
348.25		3609.18
348.375		3609.18
348.5		3609.18
348.625		3609.18
348.75		3609.18
348.875		3609.18
349		3609.18
349.125		3627.23
349.25		3627.23
349.375		3627.23
349.5		3627.23
349.625		3627.23
349.75		3627.23
349.875		3627.23
350		3627.23
350.125		3635.28
350.25		3635.28
350.375		3635.28
350.5		3635.28
350.625		3635.28
350.75		3635.28
350.875		3635.28
351		3635.28
351.125		3636.58
351.25		3636.58
351.375		3636.58
351.5		3636.58
351.625		3636.58
351.75		3636.58
351.875		3636.58
352		3636.58
352.125		3652.02
352.25		3652.02
352.375		3652.02
352.5		3652.02
352.625		3652.02
352.75		3652.02
352.875		3652.02
353		3652.02
353.125		3668.33
353.25		3668.33
353.375		3668.33
353.5		3668.33
353.625		3668.33
353.75		3668.33
353.875		3668.33
354		3668.33
354.125		3676.6
354.25		3676.6
354.375		3676.6
354.5		3676.6
354.625		3676.6
354.75		3676.6
354.875		3676.6
355		3676.6
355.125		3688.56
355.25		3688.56
355.375		3688.56
355.5		3688.56
355.625		3688.56
355.75		3688.56
355.875		3688.56
356		3688.56
356.125		3693.13
356.25		3693.13
356.375		3693.13
356.5		3693.13
356.625		3693.13
356.75		3693.13
356.875		3693.13
357		3693.13
357.125		3693.13
357.25		3693.13
357.375		3693.13
357.5		3693.13
357.625		3693.13
357.75		3693.13
357.875		3693.13
358		3693.13
358.125		3709.44
358.25		3709.44
358.375		3709.44
358.5		3709.44
358.625		3709.44
358.75		3709.44
358.875		3709.44
359		3709.44
359.125		3734.88
359.25		3734.88
359.375		3734.88
359.5		3734.88
359.625		3734.88
359.75		3734.88
359.875		3734.88
360		3734.88
360.125		3741.19
360.25		3741.19
360.375		3741.19
360.5		3741.19
360.625		3741.19
360.75		3741.19
360.875		3741.19
361		3741.19
361.125		3752.5
361.25		3752.5
361.375		3752.5
361.5		3752.5
361.625		3752.5
361.75		3752.5
361.875		3752.5
362		3752.5
362.125		3756.2
362.25		3756.2
362.375		3756.2
362.5		3756.2
362.625		3756.2
362.75		3756.2
362.875		3756.2
363		3756.2
363.125		3757.94
363.25		3757.94
363.375		3757.94
363.5		3757.94
363.625		3757.94
363.75		3757.94
363.875		3757.94
364		3757.94
364.125		3779.47
364.25		3779.47
364.375		3779.47
364.5		3779.47
364.625		3779.47
364.75		3779.47
364.875		3779.47
365		3779.47
365.125		3796.43
365.25		3796.43
365.375		3796.43
365.5		3796.43
365.625		3796.43
365.75		3796.43
365.875		3796.43
366		3796.43
366.125		3804.7
366.25		3804.7
366.375		3804.7
366.5		3804.7
366.625		3804.7
366.75		3804.7
366.875		3804.7
367		3804.7
367.125		3809.48
367.25		3809.48
367.375		3809.48
367.5		3809.48
367.625		3809.48
367.75		3809.48
367.875		3809.48
368		3809.48
368.125		3825.79
368.25		3825.79
368.375		3825.79
368.5		3825.79
368.625		3825.79
368.75		3825.79
368.875		3825.79
369		3825.79
369.125		3843.63
369.25		3843.63
369.375		3843.63
369.5		3843.63
369.625		3843.63
369.75		3843.63
369.875		3843.63
370		3843.63
370.125		3844.5
370.25		3844.5
370.375		3844.5
370.5		3844.5
370.625		3844.5
370.75		3844.5
370.875		3844.5
371		3844.5
371.125		3863.42
371.25		3863.42
371.375		3863.42
371.5		3863.42
371.625		3863.42
371.75		3863.42
371.875		3863.42
372		3863.42
372.125		3878.43
372.25		3878.43
372.375		3878.43
372.5		3878.43
372.625		3878.43
372.75		3878.43
372.875		3878.43
373		3878.43
373.125		3891.69
373.25		3891.69
373.375		3891.69
373.5		3891.69
373.625		3891.69
373.75		3891.69
373.875		3891.69
374		3891.69
374.125		3895.39
374.25		3895.39
374.375		3895.39
374.5		3895.39
374.625		3895.39
374.75		3895.39
374.875		3895.39
375		3895.39
375.125		3909.74
375.25		3909.74
375.375		3909.74
375.5		3909.74
375.625		3909.74
375.75		3909.74
375.875		3909.74
376		3909.74
376.125		3921.71
376.25		3921.71
376.375		3921.71
376.5		3921.71
376.625		3921.71
376.75		3921.71
376.875		3921.71
377		3921.71
377.125		3932.58
377.25		3932.58
377.375		3932.58
377.5		3932.58
377.625		3932.58
377.75		3932.58
377.875		3932.58
378		3932.58
378.125		3934.32
378.25		3934.32
378.375		3934.32
378.5		3934.32
378.625		3934.32
378.75		3934.32
378.875		3934.32
379		3934.32
379.125		3943.89
379.25		3943.89
379.375		3943.89
379.5		3943.89
379.625		3943.89
379.75		3943.89
379.875		3943.89
380		3943.89
380.125		3951.5
380.25		3951.5
380.375		3951.5
380.5		3951.5
380.625		3951.5
380.75		3951.5
380.875		3951.5
381		3951.5
381.125		3971.94
381.25		3971.94
381.375		3971.94
381.5		3971.94
381.625		3971.94
381.75		3971.94
381.875		3971.94
382		3971.94
382.125		3990
382.25		3990
382.375		3990
382.5		3990
382.625		3990
382.75		3990
382.875		3990
383		3990
383.125		3992.17
383.25		3992.17
383.375		3992.17
383.5		3992.17
383.625		3992.17
383.75		3992.17
383.875		3992.17
384		3992.17
384.125		4004.13
384.25		4004.13
384.375		4004.13
384.5		4004.13
384.625		4004.13
384.75		4004.13
384.875		4004.13
385		4004.13
385.125		4016.31
385.25		4016.31
385.375		4016.31
385.5		4016.31
385.625		4016.31
385.75		4016.31
385.875		4016.31
386		4016.31
386.125		4043.28
386.25		4043.28
386.375		4043.28
386.5		4043.28
386.625		4043.28
386.75		4043.28
386.875		4043.28
387		4043.28
387.125		4048.93
387.25		4048.93
387.375		4048.93
387.5		4048.93
387.625		4048.93
387.75		4048.93
387.875		4048.93
388		4048.93
388.125		4058.29
388.25		4058.29
388.375		4058.29
388.5		4058.29
388.625		4058.29
388.75		4058.29
388.875		4058.29
389		4058.29
389.125		4059.16
389.25		4059.16
389.375		4059.16
389.5		4059.16
389.625		4059.16
389.75		4059.16
389.875		4059.16
390		4059.16
390.125		4086.99
390.25		4086.99
390.375		4086.99
390.5		4086.99
390.625		4086.99
390.75		4086.99
390.875		4086.99
391		4086.99
391.125		4092.87
391.25		4092.87
391.375		4092.87
391.5		4092.87
391.625		4092.87
391.75		4092.87
391.875		4092.87
392		4092.87
392.125		4102.44
392.25		4102.44
392.375		4102.44
392.5		4102.44
392.625		4102.44
392.75		4102.44
392.875		4102.44
393		4102.44
393.125		4112.22
393.25		4112.22
393.375		4112.22
393.5		4112.22
393.625		4112.22
393.75		4112.22
393.875		4112.22
394		4112.22
394.125		4124.4
394.25		4124.4
394.375		4124.4
394.5		4124.4
394.625		4124.4
394.75		4124.4
394.875		4124.4
395		4124.4
395.125		4139.19
395.25		4139.19
395.375		4139.19
395.5		4139.19
395.625		4139.19
395.75		4139.19
395.875		4139.19
396		4139.19
396.125		4144.41
396.25		4144.41
396.375		4144.41
396.5		4144.41
396.625		4144.41
396.75		4144.41
396.875		4144.41
397		4144.41
397.125		4150.5
397.25		4150.5
397.375		4150.5
397.5		4150.5
397.625		4150.5
397.75		4150.5
397.875		4150.5
398		4150.5
398.125		4156.15
398.25		4156.15
398.375		4156.15
398.5		4156.15
398.625		4156.15
398.75		4156.15
398.875		4156.15
399		4156.15
399.125		4176.6
399.25		4176.6
399.375		4176.6
399.5		4176.6
399.625		4176.6
399.75		4176.6
399.875		4176.6
400		4176.6
400.125		4188.34
400.25		4188.34
400.375		4188.34
400.5		4188.34
400.625		4188.34
400.75		4188.34
400.875		4188.34
401		4188.34
401.125		4208.57
401.25		4208.57
401.375		4208.57
401.5		4208.57
401.625		4208.57
401.75		4208.57
401.875		4208.57
402		4208.57
402.125		4213.57
402.25		4213.57
402.375		4213.57
402.5		4213.57
402.625		4213.57
402.75		4213.57
402.875		4213.57
403		4213.57
403.125		4215.09
403.25		4215.09
403.375		4215.09
403.5		4215.09
403.625		4215.09
403.75		4215.09
403.875		4215.09
404		4215.09
404.125		4229.23
404.25		4229.23
404.375		4229.23
404.5		4229.23
404.625		4229.23
404.75		4229.23
404.875		4229.23
405		4229.23
405.125		4243.37
405.25		4243.37
405.375		4243.37
405.5		4243.37
405.625		4243.37
405.75		4243.37
405.875		4243.37
406		4243.37
406.125		4260.33
406.25		4260.33
406.375		4260.33
406.5		4260.33
406.625		4260.33
406.75		4260.33
406.875		4260.33
407		4260.33
407.125		4264.03
407.25		4264.03
407.375		4264.03
407.5		4264.03
407.625		4264.03
407.75		4264.03
407.875		4264.03
408		4264.03
408.125		4277.29
408.25		4277.29
408.375		4277.29
408.5		4277.29
408.625		4277.29
408.75		4277.29
408.875		4277.29
409		4277.29
409.125		4280.56
409.25		4280.56
409.375		4280.56
409.5		4280.56
409.625		4280.56
409.75		4280.56
409.875		4280.56
410		4280.56
410.125		4298.39
410.25		4298.39
410.375		4298.39
410.5		4298.39
410.625		4298.39
410.75		4298.39
410.875		4298.39
411		4298.39
411.125		4308.83
411.25		4308.83
411.375		4308.83
411.5		4308.83
411.625		4308.83
411.75		4308.83
411.875		4308.83
412		4308.83
412.125		4332.75
412.25		4332.75
412.375		4332.75
412.5		4332.75
412.625		4332.75
412.75		4332.75
412.875		4332.75
413		4332.75
413.125		4339.06
413.25		4339.06
413.375		4339.06
413.5		4339.06
413.625		4339.06
413.75		4339.06
413.875		4339.06
414		4339.06
414.125		4340.37
414.25		4340.37
414.375		4340.37
414.5		4340.37
414.625		4340.37
414.75		4340.37
414.875		4340.37
415		4340.37
415.125		4357.55
415.25		4357.55
415.375		4357.55
415.5		4357.55
415.625		4357.55
415.75		4357.55
415.875		4357.55
416		4357.55
416.125		4368.42
416.25		4368.42
416.375		4368.42
416.5		4368.42
416.625		4368.42
416.75		4368.42
416.875		4368.42
417		4368.42
417.125		4377.99
417.25		4377.99
417.375		4377.99
417.5		4377.99
417.625		4377.99
417.75		4377.99
417.875		4377.99
418		4377.99
418.125		4398
418.25		4398
418.375		4398
418.5		4398
418.625		4398
418.75		4398
418.875		4398
419		4398
419.125		4399.09
419.25		4399.09
419.375		4399.09
419.5		4399.09
419.625		4399.09
419.75		4399.09
419.875		4399.09
420		4399.09
420.125		4414.31
420.25		4414.31
420.375		4414.31
420.5		4414.31
420.625		4414.31
420.75		4414.31
420.875		4414.31
421		4414.31
421.125		4426.27
421.25		4426.27
421.375		4426.27
421.5		4426.27
421.625		4426.27
421.75		4426.27
421.875		4426.27
422		4426.27
422.125		4428.01
422.25		4428.01
422.375		4428.01
422.5		4428.01
422.625		4428.01
422.75		4428.01
422.875		4428.01
423		4428.01
423.125		4433.88
423.25		4433.88
423.375		4433.88
423.5		4433.88
423.625		4433.88
423.75		4433.88
423.875		4433.88
424		4433.88
424.125		4447.37
424.25		4447.37
424.375		4447.37
424.5		4447.37
424.625		4447.37
424.75		4447.37
424.875		4447.37
425		4447.37
425.125		4474.55
425.25		4474.55
425.375		4474.55
425.5		4474.55
425.625		4474.55
425.75		4474.55
425.875		4474.55
426		4474.55
426.125		4476.29
426.25		4476.29
426.375		4476.29
426.5		4476.29
426.625		4476.29
426.75		4476.29
426.875		4476.29
427		4476.29
427.125		4486.95
427.25		4486.95
427.375		4486.95
427.5		4486.95
427.625		4486.95
427.75		4486.95
427.875		4486.95
428		4486.95
428.125		4491.52
428.25		4491.52
428.375		4491.52
428.5		4491.52
428.625		4491.52
428.75		4491.52
428.875		4491.52
429		4491.52
429.125		4498.04
429.25		4498.04
429.375		4498.04
429.5		4498.04
429.625		4498.04
429.75		4498.04
429.875		4498.04
430		4498.04
430.125		4520.23
430.25		4520.23
430.375		4520.23
430.5		4520.23
430.625		4520.23
430.75		4520.23
430.875		4520.23
431		4520.23
431.125		4530.45
431.25		4530.45
431.375		4530.45
431.5		4530.45
431.625		4530.45
431.75		4530.45
431.875		4530.45
432		4530.45
432.125		4542.19
432.25		4542.19
432.375		4542.19
432.5		4542.19
432.625		4542.19
432.75		4542.19
432.875		4542.19
433		4542.19
433.125		4549.8
433.25		4549.8
433.375		4549.8
433.5		4549.8
433.625		4549.8
433.75		4549.8
433.875		4549.8
434		4549.8
434.125		4572.21
434.25		4572.21
434.375		4572.21
434.5		4572.21
434.625		4572.21
434.75		4572.21
434.875		4572.21
435		4572.21
435.125		4583.73
435.25		4583.73
435.375		4583.73
435.5		4583.73
435.625		4583.73
435.75		4583.73
435.875		4583.73
436		4583.73
436.125		4589.39
436.25		4589.39
436.375		4589.39
436.5		4589.39
436.625		4589.39
436.75		4589.39
436.875		4589.39
437		4589.39
437.125		4607.87
437.25		4607.87
437.375		4607.87
437.5		4607.87
437.625		4607.87
437.75		4607.87
437.875		4607.87
438		4607.87
438.125		4613.53
438.25		4613.53
438.375		4613.53
438.5		4613.53
438.625		4613.53
438.75		4613.53
438.875		4613.53
439		4613.53
439.125		4629.84
439.25		4629.84
439.375		4629.84
439.5		4629.84
439.625		4629.84
439.75		4629.84
439.875		4629.84
440		4629.84
440.125		4636.36
440.25		4636.36
440.375		4636.36
440.5		4636.36
440.625		4636.36
440.75		4636.36
440.875		4636.36
441		4636.36
441.125		4637.45
441.25		4637.45
441.375		4637.45
441.5		4637.45
441.625		4637.45
441.75		4637.45
441.875		4637.45
442		4637.45
442.125		4665.29
442.25		4665.29
442.375		4665.29
442.5		4665.29
442.625		4665.29
442.75		4665.29
442.875		4665.29
443		4665.29
443.125		4671.6
443.25		4671.6
443.375		4671.6
443.5		4671.6
443.625		4671.6
443.75		4671.6
443.875		4671.6
444		4671.6
444.125		4675.95
444.25		4675.95
444.375		4675.95
444.5		4675.95
444.625		4675.95
444.75		4675.95
444.875		4675.95
445		4675.95
445.125		4680.95
445.25		4680.95
445.375		4680.95
445.5		4680.95
445.625		4680.95
445.75		4680.95
445.875		4680.95
446		4680.95
446.125		4714.22
446.25		4714.22
446.375		4714.22
446.5		4714.22
446.625		4714.22
446.75		4714.22
446.875		4714.22
447		4714.22
447.125		4715.96
447.25		4715.96
447.375		4715.96
447.5		4715.96
447.625		4715.96
447.75		4715.96
447.875		4715.96
448		4715.96
448.125		4719.23
448.25		4719.23
448.375		4719.23
448.5		4719.23
448.625		4719.23
448.75		4719.23
448.875		4719.23
449		4719.23
449.125		4737.49
449.25		4737.49
449.375		4737.49
449.5		4737.49
449.625		4737.49
449.75		4737.49
449.875		4737.49
450		4737.49
450.125		4749.46
450.25		4749.46
450.375		4749.46
450.5		4749.46
450.625		4749.46
450.75		4749.46
450.875		4749.46
451		4749.46
451.125		4770.99
451.25		4770.99
451.375		4770.99
451.5		4770.99
451.625		4770.99
451.75		4770.99
451.875		4770.99
452		4770.99
452.125		4773.16
452.25		4773.16
452.375		4773.16
452.5		4773.16
452.625		4773.16
452.75		4773.16
452.875		4773.16
453		4773.16
453.125		4776.21
453.25		4776.21
453.375		4776.21
453.5		4776.21
453.625		4776.21
453.75		4776.21
453.875		4776.21
454		4776.21
454.125		4779.9
454.25		4779.9
454.375		4779.9
454.5		4779.9
454.625		4779.9
454.75		4779.9
454.875		4779.9
455		4779.9
455.125		4790.34
455.25		4790.34
455.375		4790.34
455.5		4790.34
455.625		4790.34
455.75		4790.34
455.875		4790.34
456		4790.34
456.125		4811.87
456.25		4811.87
456.375		4811.87
456.5		4811.87
456.625		4811.87
456.75		4811.87
456.875		4811.87
457		4811.87
457.125		4813.83
457.25		4813.83
457.375		4813.83
457.5		4813.83
457.625		4813.83
457.75		4813.83
457.875		4813.83
458		4813.83
458.125		4826.23
458.25		4826.23
458.375		4826.23
458.5		4826.23
458.625		4826.23
458.75		4826.23
458.875		4826.23
459		4826.23
459.125		4833.84
459.25		4833.84
459.375		4833.84
459.5		4833.84
459.625		4833.84
459.75		4833.84
459.875		4833.84
460		4833.84
460.125		4848.19
460.25		4848.19
460.375		4848.19
460.5		4848.19
460.625		4848.19
460.75		4848.19
460.875		4848.19
461		4848.19
461.125		4854.94
461.25		4854.94
461.375		4854.94
461.5		4854.94
461.625		4854.94
461.75		4854.94
461.875		4854.94
462		4854.94
462.125		4858.42
462.25		4858.42
462.375		4858.42
462.5		4858.42
462.625		4858.42
462.75		4858.42
462.875		4858.42
463		4858.42
463.125		4862.77
463.25		4862.77
463.375		4862.77
463.5		4862.77
463.625		4862.77
463.75		4862.77
463.875		4862.77
464		4862.77
464.125		4884.52
464.25		4884.52
464.375		4884.52
464.5		4884.52
464.625		4884.52
464.75		4884.52
464.875		4884.52
465		4884.52
465.125		4898.43
465.25		4898.43
465.375		4898.43
465.5		4898.43
465.625		4898.43
465.75		4898.43
465.875		4898.43
466		4898.43
466.125		4900.39
466.25		4900.39
466.375		4900.39
466.5		4900.39
466.625		4900.39
466.75		4900.39
466.875		4900.39
467		4900.39
467.125		4905.61
467.25		4905.61
467.375		4905.61
467.5		4905.61
467.625		4905.61
467.75		4905.61
467.875		4905.61
468		4905.61
468.125		4929.53
468.25		4929.53
468.375		4929.53
468.5		4929.53
468.625		4929.53
468.75		4929.53
468.875		4929.53
469		4929.53
469.125		4938.23
469.25		4938.23
469.375		4938.23
469.5		4938.23
469.625		4938.23
469.75		4938.23
469.875		4938.23
470		4938.23
470.125		4939.76
470.25		4939.76
470.375		4939.76
470.5		4939.76
470.625		4939.76
470.75		4939.76
470.875		4939.76
471		4939.76
471.125		4953.24
471.25		4953.24
471.375		4953.24
471.5		4953.24
471.625		4953.24
471.75		4953.24
471.875		4953.24
472		4953.24
472.125		4954.55
472.25		4954.55
472.375		4954.55
472.5		4954.55
472.625		4954.55
472.75		4954.55
472.875		4954.55
473		4954.55
473.125		4973.9
473.25		4973.9
473.375		4973.9
473.5		4973.9
473.625		4973.9
473.75		4973.9
473.875		4973.9
474		4973.9
474.125		4984.12
474.25		4984.12
474.375		4984.12
474.5		4984.12
474.625		4984.12
474.75		4984.12
474.875		4984.12
475		4984.12
475.125		4987.6
475.25		4987.6
475.375		4987.6
475.5		4987.6
475.625		4987.6
475.75		4987.6
475.875		4987.6
476		4987.6
476.125		0
476.25		0
476.375		0
476.5		0
476.625		0
476.75		0
476.875		0
477		0
477.125		0
477.25		0
477.375		0
477.5		0
477.625		0
477.75		0
477.875		0
478		0
478.125		0
478.25		0
478.375		0
478.5		0
478.625		0
478.75		0
478.875		0
479		0
479.125		0
479.25		0
479.375		0
479.5		0
479.625		0
479.75		0
479.875		0
480		0
480.125		0
480.25		0
480.375		0
480.5		0
480.625		0
480.75		0
480.875		0
481		0
481.125		0
481.25		0
481.375		0
481.5		0
481.625		0
481.75		0
481.875		0
482		0
482.125		0
482.25		0
482.375		0
482.5		0
482.625		0
482.75		0
482.875		0
483		0
483.125		0
483.25		0
483.375		0
483.5		0
483.625		0
483.75		0
483.875		0
484		0
484.125		0
484.25		0
484.375		0
484.5		0
484.625		0
484.75		0
484.875		0
485		0
485.125		0
485.25		0
485.375		0
485.5		0
485.625		0
485.75		0
485.875		0
486		0
486.125		0
486.25		0
486.375		0
486.5		0
486.625		0
486.75		0
486.875		0
487		0
487.125		0
487.25		0
487.375		0
487.5		0
487.625		0
487.75		0
487.875		0
488		0
488.125		0
488.25		0
488.375		0
488.5		0
488.625		0
488.75		0
488.875		0
489		0
489.125		0
489.25		0
489.375		0
489.5		0
489.625		0
489.75		0
489.875		0
490		0
490.125		0
490.25		0
490.375		0
490.5		0
490.625		0
490.75		0
490.875		0
491		0
491.125		0
491.25		0
491.375		0
491.5		0
491.625		0
491.75		0
491.875		0
492		0
492.125		0
492.25		0
492.375		0
492.5		0
492.625		0
492.75		0
492.875		0
493		0
493.125		0
493.25		0
493.375		0
493.5		0
493.625		0
493.75		0
493.875		0
494		0
494.125		0
494.25		0
494.375		0
494.5		0
494.625		0
494.75		0
494.875		0
495		0
495.125		0
495.25		0
495.375		0
495.5		0
495.625		0
495.75		0
495.875		0
496		0
496.125		0
496.25		0
496.375		0
496.5		0
496.625		0
496.75		0
496.875		0
497		0
497.125		0
497.25		0
497.375		0
497.5		0
497.625		0
497.75		0
497.875		0
498		0
498.125		0
498.25		0
498.375		0
498.5		0
498.625		0
498.75		0
498.875		0
499		0
499.125		0
499.25		0
499.375		0
499.5		0
499.625		0
499.75		0
499.875		0
500		0
