# Calibration file of tamex_id 0 @ channel 9
# fine_T bin		 Calibration value
0.125		0
0.25		0
0.375		0
0.5		0
0.625		0
0.75		0
0.875		0
1		0
1.125		0
1.25		0
1.375		0
1.5		0
1.625		0
1.75		0
1.875		0
2		0
2.125		0
2.25		0
2.375		0
2.5		0
2.625		0
2.75		0
2.875		0
3		0
3.125		0
3.25		0
3.375		0
3.5		0
3.625		0
3.75		0
3.875		0
4		0
4.125		0
4.25		0
4.375		0
4.5		0
4.625		0
4.75		0
4.875		0
5		0
5.125		0
5.25		0
5.375		0
5.5		0
5.625		0
5.75		0
5.875		0
6		0
6.125		0
6.25		0
6.375		0
6.5		0
6.625		0
6.75		0
6.875		0
7		0
7.125		0
7.25		0
7.375		0
7.5		0
7.625		0
7.75		0
7.875		0
8		0
8.125		0
8.25		0
8.375		0
8.5		0
8.625		0
8.75		0
8.875		0
9		0
9.125		0
9.25		0
9.375		0
9.5		0
9.625		0
9.75		0
9.875		0
10		0
10.125		0
10.25		0
10.375		0
10.5		0
10.625		0
10.75		0
10.875		0
11		0
11.125		0
11.25		0
11.375		0
11.5		0
11.625		0
11.75		0
11.875		0
12		0
12.125		0
12.25		0
12.375		0
12.5		0
12.625		0
12.75		0
12.875		0
13		0
13.125		0
13.25		0
13.375		0
13.5		0
13.625		0
13.75		0
13.875		0
14		0
14.125		0
14.25		0
14.375		0
14.5		0
14.625		0
14.75		0
14.875		0
15		0
15.125		0
15.25		0
15.375		0
15.5		0
15.625		0
15.75		0
15.875		0
16		0
16.125		250
16.25		250
16.375		250
16.5		250
16.625		250
16.75		250
16.875		250
17		250
17.125		250
17.25		250
17.375		250
17.5		250
17.625		250
17.75		250
17.875		250
18		250
18.125		250
18.25		250
18.375		250
18.5		250
18.625		250
18.75		250
18.875		250
19		250
19.125		250
19.25		250
19.375		250
19.5		250
19.625		250
19.75		250
19.875		250
20		250
20.125		500
20.25		500
20.375		500
20.5		500
20.625		500
20.75		500
20.875		500
21		500
21.125		500
21.25		500
21.375		500
21.5		500
21.625		500
21.75		500
21.875		500
22		500
22.125		500
22.25		500
22.375		500
22.5		500
22.625		500
22.75		500
22.875		500
23		500
23.125		500
23.25		500
23.375		500
23.5		500
23.625		500
23.75		500
23.875		500
24		500
24.125		500
24.25		500
24.375		500
24.5		500
24.625		500
24.75		500
24.875		500
25		500
25.125		500
25.25		500
25.375		500
25.5		500
25.625		500
25.75		500
25.875		500
26		500
26.125		500
26.25		500
26.375		500
26.5		500
26.625		500
26.75		500
26.875		500
27		500
27.125		500
27.25		500
27.375		500
27.5		500
27.625		500
27.75		500
27.875		500
28		500
28.125		500
28.25		500
28.375		500
28.5		500
28.625		500
28.75		500
28.875		500
29		500
29.125		500
29.25		500
29.375		500
29.5		500
29.625		500
29.75		500
29.875		500
30		500
30.125		500
30.25		500
30.375		500
30.5		500
30.625		500
30.75		500
30.875		500
31		500
31.125		500
31.25		500
31.375		500
31.5		500
31.625		500
31.75		500
31.875		500
32		500
32.125		500
32.25		500
32.375		500
32.5		500
32.625		500
32.75		500
32.875		500
33		500
33.125		500
33.25		500
33.375		500
33.5		500
33.625		500
33.75		500
33.875		500
34		500
34.125		750
34.25		750
34.375		750
34.5		750
34.625		750
34.75		750
34.875		750
35		750
35.125		750
35.25		750
35.375		750
35.5		750
35.625		750
35.75		750
35.875		750
36		750
36.125		750
36.25		750
36.375		750
36.5		750
36.625		750
36.75		750
36.875		750
37		750
37.125		750
37.25		750
37.375		750
37.5		750
37.625		750
37.75		750
37.875		750
38		750
38.125		750
38.25		750
38.375		750
38.5		750
38.625		750
38.75		750
38.875		750
39		750
39.125		750
39.25		750
39.375		750
39.5		750
39.625		750
39.75		750
39.875		750
40		750
40.125		750
40.25		750
40.375		750
40.5		750
40.625		750
40.75		750
40.875		750
41		750
41.125		750
41.25		750
41.375		750
41.5		750
41.625		750
41.75		750
41.875		750
42		750
42.125		750
42.25		750
42.375		750
42.5		750
42.625		750
42.75		750
42.875		750
43		750
43.125		750
43.25		750
43.375		750
43.5		750
43.625		750
43.75		750
43.875		750
44		750
44.125		750
44.25		750
44.375		750
44.5		750
44.625		750
44.75		750
44.875		750
45		750
45.125		750
45.25		750
45.375		750
45.5		750
45.625		750
45.75		750
45.875		750
46		750
46.125		750
46.25		750
46.375		750
46.5		750
46.625		750
46.75		750
46.875		750
47		750
47.125		750
47.25		750
47.375		750
47.5		750
47.625		750
47.75		750
47.875		750
48		750
48.125		750
48.25		750
48.375		750
48.5		750
48.625		750
48.75		750
48.875		750
49		750
49.125		750
49.25		750
49.375		750
49.5		750
49.625		750
49.75		750
49.875		750
50		750
50.125		750
50.25		750
50.375		750
50.5		750
50.625		750
50.75		750
50.875		750
51		750
51.125		750
51.25		750
51.375		750
51.5		750
51.625		750
51.75		750
51.875		750
52		750
52.125		750
52.25		750
52.375		750
52.5		750
52.625		750
52.75		750
52.875		750
53		750
53.125		750
53.25		750
53.375		750
53.5		750
53.625		750
53.75		750
53.875		750
54		750
54.125		750
54.25		750
54.375		750
54.5		750
54.625		750
54.75		750
54.875		750
55		750
55.125		750
55.25		750
55.375		750
55.5		750
55.625		750
55.75		750
55.875		750
56		750
56.125		750
56.25		750
56.375		750
56.5		750
56.625		750
56.75		750
56.875		750
57		750
57.125		750
57.25		750
57.375		750
57.5		750
57.625		750
57.75		750
57.875		750
58		750
58.125		750
58.25		750
58.375		750
58.5		750
58.625		750
58.75		750
58.875		750
59		750
59.125		750
59.25		750
59.375		750
59.5		750
59.625		750
59.75		750
59.875		750
60		750
60.125		750
60.25		750
60.375		750
60.5		750
60.625		750
60.75		750
60.875		750
61		750
61.125		750
61.25		750
61.375		750
61.5		750
61.625		750
61.75		750
61.875		750
62		750
62.125		750
62.25		750
62.375		750
62.5		750
62.625		750
62.75		750
62.875		750
63		750
63.125		750
63.25		750
63.375		750
63.5		750
63.625		750
63.75		750
63.875		750
64		750
64.125		750
64.25		750
64.375		750
64.5		750
64.625		750
64.75		750
64.875		750
65		750
65.125		750
65.25		750
65.375		750
65.5		750
65.625		750
65.75		750
65.875		750
66		750
66.125		750
66.25		750
66.375		750
66.5		750
66.625		750
66.75		750
66.875		750
67		750
67.125		750
67.25		750
67.375		750
67.5		750
67.625		750
67.75		750
67.875		750
68		750
68.125		750
68.25		750
68.375		750
68.5		750
68.625		750
68.75		750
68.875		750
69		750
69.125		750
69.25		750
69.375		750
69.5		750
69.625		750
69.75		750
69.875		750
70		750
70.125		750
70.25		750
70.375		750
70.5		750
70.625		750
70.75		750
70.875		750
71		750
71.125		750
71.25		750
71.375		750
71.5		750
71.625		750
71.75		750
71.875		750
72		750
72.125		750
72.25		750
72.375		750
72.5		750
72.625		750
72.75		750
72.875		750
73		750
73.125		750
73.25		750
73.375		750
73.5		750
73.625		750
73.75		750
73.875		750
74		750
74.125		750
74.25		750
74.375		750
74.5		750
74.625		750
74.75		750
74.875		750
75		750
75.125		750
75.25		750
75.375		750
75.5		750
75.625		750
75.75		750
75.875		750
76		750
76.125		750
76.25		750
76.375		750
76.5		750
76.625		750
76.75		750
76.875		750
77		750
77.125		750
77.25		750
77.375		750
77.5		750
77.625		750
77.75		750
77.875		750
78		750
78.125		750
78.25		750
78.375		750
78.5		750
78.625		750
78.75		750
78.875		750
79		750
79.125		750
79.25		750
79.375		750
79.5		750
79.625		750
79.75		750
79.875		750
80		750
80.125		750
80.25		750
80.375		750
80.5		750
80.625		750
80.75		750
80.875		750
81		750
81.125		750
81.25		750
81.375		750
81.5		750
81.625		750
81.75		750
81.875		750
82		750
82.125		750
82.25		750
82.375		750
82.5		750
82.625		750
82.75		750
82.875		750
83		750
83.125		750
83.25		750
83.375		750
83.5		750
83.625		750
83.75		750
83.875		750
84		750
84.125		1000
84.25		1000
84.375		1000
84.5		1000
84.625		1000
84.75		1000
84.875		1000
85		1000
85.125		1000
85.25		1000
85.375		1000
85.5		1000
85.625		1000
85.75		1000
85.875		1000
86		1000
86.125		1000
86.25		1000
86.375		1000
86.5		1000
86.625		1000
86.75		1000
86.875		1000
87		1000
87.125		1000
87.25		1000
87.375		1000
87.5		1000
87.625		1000
87.75		1000
87.875		1000
88		1000
88.125		1000
88.25		1000
88.375		1000
88.5		1000
88.625		1000
88.75		1000
88.875		1000
89		1000
89.125		1000
89.25		1000
89.375		1000
89.5		1000
89.625		1000
89.75		1000
89.875		1000
90		1000
90.125		1000
90.25		1000
90.375		1000
90.5		1000
90.625		1000
90.75		1000
90.875		1000
91		1000
91.125		1000
91.25		1000
91.375		1000
91.5		1000
91.625		1000
91.75		1000
91.875		1000
92		1000
92.125		1000
92.25		1000
92.375		1000
92.5		1000
92.625		1000
92.75		1000
92.875		1000
93		1000
93.125		1000
93.25		1000
93.375		1000
93.5		1000
93.625		1000
93.75		1000
93.875		1000
94		1000
94.125		1000
94.25		1000
94.375		1000
94.5		1000
94.625		1000
94.75		1000
94.875		1000
95		1000
95.125		1000
95.25		1000
95.375		1000
95.5		1000
95.625		1000
95.75		1000
95.875		1000
96		1000
96.125		1000
96.25		1000
96.375		1000
96.5		1000
96.625		1000
96.75		1000
96.875		1000
97		1000
97.125		1000
97.25		1000
97.375		1000
97.5		1000
97.625		1000
97.75		1000
97.875		1000
98		1000
98.125		1000
98.25		1000
98.375		1000
98.5		1000
98.625		1000
98.75		1000
98.875		1000
99		1000
99.125		1000
99.25		1000
99.375		1000
99.5		1000
99.625		1000
99.75		1000
99.875		1000
100		1000
100.125		1000
100.25		1000
100.375		1000
100.5		1000
100.625		1000
100.75		1000
100.875		1000
101		1000
101.125		1000
101.25		1000
101.375		1000
101.5		1000
101.625		1000
101.75		1000
101.875		1000
102		1000
102.125		1000
102.25		1000
102.375		1000
102.5		1000
102.625		1000
102.75		1000
102.875		1000
103		1000
103.125		1000
103.25		1000
103.375		1000
103.5		1000
103.625		1000
103.75		1000
103.875		1000
104		1000
104.125		1250
104.25		1250
104.375		1250
104.5		1250
104.625		1250
104.75		1250
104.875		1250
105		1250
105.125		1250
105.25		1250
105.375		1250
105.5		1250
105.625		1250
105.75		1250
105.875		1250
106		1250
106.125		1250
106.25		1250
106.375		1250
106.5		1250
106.625		1250
106.75		1250
106.875		1250
107		1250
107.125		1250
107.25		1250
107.375		1250
107.5		1250
107.625		1250
107.75		1250
107.875		1250
108		1250
108.125		1250
108.25		1250
108.375		1250
108.5		1250
108.625		1250
108.75		1250
108.875		1250
109		1250
109.125		1250
109.25		1250
109.375		1250
109.5		1250
109.625		1250
109.75		1250
109.875		1250
110		1250
110.125		1250
110.25		1250
110.375		1250
110.5		1250
110.625		1250
110.75		1250
110.875		1250
111		1250
111.125		1250
111.25		1250
111.375		1250
111.5		1250
111.625		1250
111.75		1250
111.875		1250
112		1250
112.125		1250
112.25		1250
112.375		1250
112.5		1250
112.625		1250
112.75		1250
112.875		1250
113		1250
113.125		1250
113.25		1250
113.375		1250
113.5		1250
113.625		1250
113.75		1250
113.875		1250
114		1250
114.125		1250
114.25		1250
114.375		1250
114.5		1250
114.625		1250
114.75		1250
114.875		1250
115		1250
115.125		1500
115.25		1500
115.375		1500
115.5		1500
115.625		1500
115.75		1500
115.875		1500
116		1500
116.125		1500
116.25		1500
116.375		1500
116.5		1500
116.625		1500
116.75		1500
116.875		1500
117		1500
117.125		1500
117.25		1500
117.375		1500
117.5		1500
117.625		1500
117.75		1500
117.875		1500
118		1500
118.125		1500
118.25		1500
118.375		1500
118.5		1500
118.625		1500
118.75		1500
118.875		1500
119		1500
119.125		1500
119.25		1500
119.375		1500
119.5		1500
119.625		1500
119.75		1500
119.875		1500
120		1500
120.125		1500
120.25		1500
120.375		1500
120.5		1500
120.625		1500
120.75		1500
120.875		1500
121		1500
121.125		1500
121.25		1500
121.375		1500
121.5		1500
121.625		1500
121.75		1500
121.875		1500
122		1500
122.125		1500
122.25		1500
122.375		1500
122.5		1500
122.625		1500
122.75		1500
122.875		1500
123		1500
123.125		1500
123.25		1500
123.375		1500
123.5		1500
123.625		1500
123.75		1500
123.875		1500
124		1500
124.125		1500
124.25		1500
124.375		1500
124.5		1500
124.625		1500
124.75		1500
124.875		1500
125		1500
125.125		1500
125.25		1500
125.375		1500
125.5		1500
125.625		1500
125.75		1500
125.875		1500
126		1500
126.125		1500
126.25		1500
126.375		1500
126.5		1500
126.625		1500
126.75		1500
126.875		1500
127		1500
127.125		1500
127.25		1500
127.375		1500
127.5		1500
127.625		1500
127.75		1500
127.875		1500
128		1500
128.125		1500
128.25		1500
128.375		1500
128.5		1500
128.625		1500
128.75		1500
128.875		1500
129		1500
129.125		1500
129.25		1500
129.375		1500
129.5		1500
129.625		1500
129.75		1500
129.875		1500
130		1500
130.125		1500
130.25		1500
130.375		1500
130.5		1500
130.625		1500
130.75		1500
130.875		1500
131		1500
131.125		1500
131.25		1500
131.375		1500
131.5		1500
131.625		1500
131.75		1500
131.875		1500
132		1500
132.125		1500
132.25		1500
132.375		1500
132.5		1500
132.625		1500
132.75		1500
132.875		1500
133		1500
133.125		1500
133.25		1500
133.375		1500
133.5		1500
133.625		1500
133.75		1500
133.875		1500
134		1500
134.125		1750
134.25		1750
134.375		1750
134.5		1750
134.625		1750
134.75		1750
134.875		1750
135		1750
135.125		1750
135.25		1750
135.375		1750
135.5		1750
135.625		1750
135.75		1750
135.875		1750
136		1750
136.125		2000
136.25		2000
136.375		2000
136.5		2000
136.625		2000
136.75		2000
136.875		2000
137		2000
137.125		2000
137.25		2000
137.375		2000
137.5		2000
137.625		2000
137.75		2000
137.875		2000
138		2000
138.125		2000
138.25		2000
138.375		2000
138.5		2000
138.625		2000
138.75		2000
138.875		2000
139		2000
139.125		2000
139.25		2000
139.375		2000
139.5		2000
139.625		2000
139.75		2000
139.875		2000
140		2000
140.125		2000
140.25		2000
140.375		2000
140.5		2000
140.625		2000
140.75		2000
140.875		2000
141		2000
141.125		2000
141.25		2000
141.375		2000
141.5		2000
141.625		2000
141.75		2000
141.875		2000
142		2000
142.125		2000
142.25		2000
142.375		2000
142.5		2000
142.625		2000
142.75		2000
142.875		2000
143		2000
143.125		2000
143.25		2000
143.375		2000
143.5		2000
143.625		2000
143.75		2000
143.875		2000
144		2000
144.125		2000
144.25		2000
144.375		2000
144.5		2000
144.625		2000
144.75		2000
144.875		2000
145		2000
145.125		2000
145.25		2000
145.375		2000
145.5		2000
145.625		2000
145.75		2000
145.875		2000
146		2000
146.125		2000
146.25		2000
146.375		2000
146.5		2000
146.625		2000
146.75		2000
146.875		2000
147		2000
147.125		2000
147.25		2000
147.375		2000
147.5		2000
147.625		2000
147.75		2000
147.875		2000
148		2000
148.125		2000
148.25		2000
148.375		2000
148.5		2000
148.625		2000
148.75		2000
148.875		2000
149		2000
149.125		2000
149.25		2000
149.375		2000
149.5		2000
149.625		2000
149.75		2000
149.875		2000
150		2000
150.125		2000
150.25		2000
150.375		2000
150.5		2000
150.625		2000
150.75		2000
150.875		2000
151		2000
151.125		2000
151.25		2000
151.375		2000
151.5		2000
151.625		2000
151.75		2000
151.875		2000
152		2000
152.125		2000
152.25		2000
152.375		2000
152.5		2000
152.625		2000
152.75		2000
152.875		2000
153		2000
153.125		2000
153.25		2000
153.375		2000
153.5		2000
153.625		2000
153.75		2000
153.875		2000
154		2000
154.125		2000
154.25		2000
154.375		2000
154.5		2000
154.625		2000
154.75		2000
154.875		2000
155		2000
155.125		2000
155.25		2000
155.375		2000
155.5		2000
155.625		2000
155.75		2000
155.875		2000
156		2000
156.125		2000
156.25		2000
156.375		2000
156.5		2000
156.625		2000
156.75		2000
156.875		2000
157		2000
157.125		2000
157.25		2000
157.375		2000
157.5		2000
157.625		2000
157.75		2000
157.875		2000
158		2000
158.125		2000
158.25		2000
158.375		2000
158.5		2000
158.625		2000
158.75		2000
158.875		2000
159		2000
159.125		2000
159.25		2000
159.375		2000
159.5		2000
159.625		2000
159.75		2000
159.875		2000
160		2000
160.125		2000
160.25		2000
160.375		2000
160.5		2000
160.625		2000
160.75		2000
160.875		2000
161		2000
161.125		2000
161.25		2000
161.375		2000
161.5		2000
161.625		2000
161.75		2000
161.875		2000
162		2000
162.125		2000
162.25		2000
162.375		2000
162.5		2000
162.625		2000
162.75		2000
162.875		2000
163		2000
163.125		2000
163.25		2000
163.375		2000
163.5		2000
163.625		2000
163.75		2000
163.875		2000
164		2000
164.125		2000
164.25		2000
164.375		2000
164.5		2000
164.625		2000
164.75		2000
164.875		2000
165		2000
165.125		2000
165.25		2000
165.375		2000
165.5		2000
165.625		2000
165.75		2000
165.875		2000
166		2000
166.125		2000
166.25		2000
166.375		2000
166.5		2000
166.625		2000
166.75		2000
166.875		2000
167		2000
167.125		2000
167.25		2000
167.375		2000
167.5		2000
167.625		2000
167.75		2000
167.875		2000
168		2000
168.125		2000
168.25		2000
168.375		2000
168.5		2000
168.625		2000
168.75		2000
168.875		2000
169		2000
169.125		2000
169.25		2000
169.375		2000
169.5		2000
169.625		2000
169.75		2000
169.875		2000
170		2000
170.125		2000
170.25		2000
170.375		2000
170.5		2000
170.625		2000
170.75		2000
170.875		2000
171		2000
171.125		2000
171.25		2000
171.375		2000
171.5		2000
171.625		2000
171.75		2000
171.875		2000
172		2000
172.125		2000
172.25		2000
172.375		2000
172.5		2000
172.625		2000
172.75		2000
172.875		2000
173		2000
173.125		2000
173.25		2000
173.375		2000
173.5		2000
173.625		2000
173.75		2000
173.875		2000
174		2000
174.125		2000
174.25		2000
174.375		2000
174.5		2000
174.625		2000
174.75		2000
174.875		2000
175		2000
175.125		2000
175.25		2000
175.375		2000
175.5		2000
175.625		2000
175.75		2000
175.875		2000
176		2000
176.125		2000
176.25		2000
176.375		2000
176.5		2000
176.625		2000
176.75		2000
176.875		2000
177		2000
177.125		2000
177.25		2000
177.375		2000
177.5		2000
177.625		2000
177.75		2000
177.875		2000
178		2000
178.125		2250
178.25		2250
178.375		2250
178.5		2250
178.625		2250
178.75		2250
178.875		2250
179		2250
179.125		2250
179.25		2250
179.375		2250
179.5		2250
179.625		2250
179.75		2250
179.875		2250
180		2250
180.125		2250
180.25		2250
180.375		2250
180.5		2250
180.625		2250
180.75		2250
180.875		2250
181		2250
181.125		2250
181.25		2250
181.375		2250
181.5		2250
181.625		2250
181.75		2250
181.875		2250
182		2250
182.125		2250
182.25		2250
182.375		2250
182.5		2250
182.625		2250
182.75		2250
182.875		2250
183		2250
183.125		2250
183.25		2250
183.375		2250
183.5		2250
183.625		2250
183.75		2250
183.875		2250
184		2250
184.125		2250
184.25		2250
184.375		2250
184.5		2250
184.625		2250
184.75		2250
184.875		2250
185		2250
185.125		2250
185.25		2250
185.375		2250
185.5		2250
185.625		2250
185.75		2250
185.875		2250
186		2250
186.125		2250
186.25		2250
186.375		2250
186.5		2250
186.625		2250
186.75		2250
186.875		2250
187		2250
187.125		2250
187.25		2250
187.375		2250
187.5		2250
187.625		2250
187.75		2250
187.875		2250
188		2250
188.125		2250
188.25		2250
188.375		2250
188.5		2250
188.625		2250
188.75		2250
188.875		2250
189		2250
189.125		2250
189.25		2250
189.375		2250
189.5		2250
189.625		2250
189.75		2250
189.875		2250
190		2250
190.125		2250
190.25		2250
190.375		2250
190.5		2250
190.625		2250
190.75		2250
190.875		2250
191		2250
191.125		2250
191.25		2250
191.375		2250
191.5		2250
191.625		2250
191.75		2250
191.875		2250
192		2250
192.125		2250
192.25		2250
192.375		2250
192.5		2250
192.625		2250
192.75		2250
192.875		2250
193		2250
193.125		2250
193.25		2250
193.375		2250
193.5		2250
193.625		2250
193.75		2250
193.875		2250
194		2250
194.125		2250
194.25		2250
194.375		2250
194.5		2250
194.625		2250
194.75		2250
194.875		2250
195		2250
195.125		2250
195.25		2250
195.375		2250
195.5		2250
195.625		2250
195.75		2250
195.875		2250
196		2250
196.125		2250
196.25		2250
196.375		2250
196.5		2250
196.625		2250
196.75		2250
196.875		2250
197		2250
197.125		2250
197.25		2250
197.375		2250
197.5		2250
197.625		2250
197.75		2250
197.875		2250
198		2250
198.125		2250
198.25		2250
198.375		2250
198.5		2250
198.625		2250
198.75		2250
198.875		2250
199		2250
199.125		2250
199.25		2250
199.375		2250
199.5		2250
199.625		2250
199.75		2250
199.875		2250
200		2250
200.125		2250
200.25		2250
200.375		2250
200.5		2250
200.625		2250
200.75		2250
200.875		2250
201		2250
201.125		2250
201.25		2250
201.375		2250
201.5		2250
201.625		2250
201.75		2250
201.875		2250
202		2250
202.125		2250
202.25		2250
202.375		2250
202.5		2250
202.625		2250
202.75		2250
202.875		2250
203		2250
203.125		2250
203.25		2250
203.375		2250
203.5		2250
203.625		2250
203.75		2250
203.875		2250
204		2250
204.125		2250
204.25		2250
204.375		2250
204.5		2250
204.625		2250
204.75		2250
204.875		2250
205		2250
205.125		2250
205.25		2250
205.375		2250
205.5		2250
205.625		2250
205.75		2250
205.875		2250
206		2250
206.125		2250
206.25		2250
206.375		2250
206.5		2250
206.625		2250
206.75		2250
206.875		2250
207		2250
207.125		2250
207.25		2250
207.375		2250
207.5		2250
207.625		2250
207.75		2250
207.875		2250
208		2250
208.125		2250
208.25		2250
208.375		2250
208.5		2250
208.625		2250
208.75		2250
208.875		2250
209		2250
209.125		2250
209.25		2250
209.375		2250
209.5		2250
209.625		2250
209.75		2250
209.875		2250
210		2250
210.125		2250
210.25		2250
210.375		2250
210.5		2250
210.625		2250
210.75		2250
210.875		2250
211		2250
211.125		2250
211.25		2250
211.375		2250
211.5		2250
211.625		2250
211.75		2250
211.875		2250
212		2250
212.125		2250
212.25		2250
212.375		2250
212.5		2250
212.625		2250
212.75		2250
212.875		2250
213		2250
213.125		2250
213.25		2250
213.375		2250
213.5		2250
213.625		2250
213.75		2250
213.875		2250
214		2250
214.125		2250
214.25		2250
214.375		2250
214.5		2250
214.625		2250
214.75		2250
214.875		2250
215		2250
215.125		2250
215.25		2250
215.375		2250
215.5		2250
215.625		2250
215.75		2250
215.875		2250
216		2250
216.125		2250
216.25		2250
216.375		2250
216.5		2250
216.625		2250
216.75		2250
216.875		2250
217		2250
217.125		2250
217.25		2250
217.375		2250
217.5		2250
217.625		2250
217.75		2250
217.875		2250
218		2250
218.125		2250
218.25		2250
218.375		2250
218.5		2250
218.625		2250
218.75		2250
218.875		2250
219		2250
219.125		2250
219.25		2250
219.375		2250
219.5		2250
219.625		2250
219.75		2250
219.875		2250
220		2250
220.125		2250
220.25		2250
220.375		2250
220.5		2250
220.625		2250
220.75		2250
220.875		2250
221		2250
221.125		2250
221.25		2250
221.375		2250
221.5		2250
221.625		2250
221.75		2250
221.875		2250
222		2250
222.125		2250
222.25		2250
222.375		2250
222.5		2250
222.625		2250
222.75		2250
222.875		2250
223		2250
223.125		2250
223.25		2250
223.375		2250
223.5		2250
223.625		2250
223.75		2250
223.875		2250
224		2250
224.125		2250
224.25		2250
224.375		2250
224.5		2250
224.625		2250
224.75		2250
224.875		2250
225		2250
225.125		2250
225.25		2250
225.375		2250
225.5		2250
225.625		2250
225.75		2250
225.875		2250
226		2250
226.125		2250
226.25		2250
226.375		2250
226.5		2250
226.625		2250
226.75		2250
226.875		2250
227		2250
227.125		2250
227.25		2250
227.375		2250
227.5		2250
227.625		2250
227.75		2250
227.875		2250
228		2250
228.125		2250
228.25		2250
228.375		2250
228.5		2250
228.625		2250
228.75		2250
228.875		2250
229		2250
229.125		2250
229.25		2250
229.375		2250
229.5		2250
229.625		2250
229.75		2250
229.875		2250
230		2250
230.125		2250
230.25		2250
230.375		2250
230.5		2250
230.625		2250
230.75		2250
230.875		2250
231		2250
231.125		2250
231.25		2250
231.375		2250
231.5		2250
231.625		2250
231.75		2250
231.875		2250
232		2250
232.125		2250
232.25		2250
232.375		2250
232.5		2250
232.625		2250
232.75		2250
232.875		2250
233		2250
233.125		2250
233.25		2250
233.375		2250
233.5		2250
233.625		2250
233.75		2250
233.875		2250
234		2250
234.125		2250
234.25		2250
234.375		2250
234.5		2250
234.625		2250
234.75		2250
234.875		2250
235		2250
235.125		2250
235.25		2250
235.375		2250
235.5		2250
235.625		2250
235.75		2250
235.875		2250
236		2250
236.125		2250
236.25		2250
236.375		2250
236.5		2250
236.625		2250
236.75		2250
236.875		2250
237		2250
237.125		2250
237.25		2250
237.375		2250
237.5		2250
237.625		2250
237.75		2250
237.875		2250
238		2250
238.125		2250
238.25		2250
238.375		2250
238.5		2250
238.625		2250
238.75		2250
238.875		2250
239		2250
239.125		2250
239.25		2250
239.375		2250
239.5		2250
239.625		2250
239.75		2250
239.875		2250
240		2250
240.125		2500
240.25		2500
240.375		2500
240.5		2500
240.625		2500
240.75		2500
240.875		2500
241		2500
241.125		2500
241.25		2500
241.375		2500
241.5		2500
241.625		2500
241.75		2500
241.875		2500
242		2500
242.125		2500
242.25		2500
242.375		2500
242.5		2500
242.625		2500
242.75		2500
242.875		2500
243		2500
243.125		2500
243.25		2500
243.375		2500
243.5		2500
243.625		2500
243.75		2500
243.875		2500
244		2500
244.125		2500
244.25		2500
244.375		2500
244.5		2500
244.625		2500
244.75		2500
244.875		2500
245		2500
245.125		2500
245.25		2500
245.375		2500
245.5		2500
245.625		2500
245.75		2500
245.875		2500
246		2500
246.125		2500
246.25		2500
246.375		2500
246.5		2500
246.625		2500
246.75		2500
246.875		2500
247		2500
247.125		2750
247.25		2750
247.375		2750
247.5		2750
247.625		2750
247.75		2750
247.875		2750
248		2750
248.125		2750
248.25		2750
248.375		2750
248.5		2750
248.625		2750
248.75		2750
248.875		2750
249		2750
249.125		2750
249.25		2750
249.375		2750
249.5		2750
249.625		2750
249.75		2750
249.875		2750
250		2750
250.125		2750
250.25		2750
250.375		2750
250.5		2750
250.625		2750
250.75		2750
250.875		2750
251		2750
251.125		2750
251.25		2750
251.375		2750
251.5		2750
251.625		2750
251.75		2750
251.875		2750
252		2750
252.125		2750
252.25		2750
252.375		2750
252.5		2750
252.625		2750
252.75		2750
252.875		2750
253		2750
253.125		2750
253.25		2750
253.375		2750
253.5		2750
253.625		2750
253.75		2750
253.875		2750
254		2750
254.125		2750
254.25		2750
254.375		2750
254.5		2750
254.625		2750
254.75		2750
254.875		2750
255		2750
255.125		2750
255.25		2750
255.375		2750
255.5		2750
255.625		2750
255.75		2750
255.875		2750
256		2750
256.125		2750
256.25		2750
256.375		2750
256.5		2750
256.625		2750
256.75		2750
256.875		2750
257		2750
257.125		2750
257.25		2750
257.375		2750
257.5		2750
257.625		2750
257.75		2750
257.875		2750
258		2750
258.125		2750
258.25		2750
258.375		2750
258.5		2750
258.625		2750
258.75		2750
258.875		2750
259		2750
259.125		2750
259.25		2750
259.375		2750
259.5		2750
259.625		2750
259.75		2750
259.875		2750
260		2750
260.125		2750
260.25		2750
260.375		2750
260.5		2750
260.625		2750
260.75		2750
260.875		2750
261		2750
261.125		2750
261.25		2750
261.375		2750
261.5		2750
261.625		2750
261.75		2750
261.875		2750
262		2750
262.125		2750
262.25		2750
262.375		2750
262.5		2750
262.625		2750
262.75		2750
262.875		2750
263		2750
263.125		2750
263.25		2750
263.375		2750
263.5		2750
263.625		2750
263.75		2750
263.875		2750
264		2750
264.125		2750
264.25		2750
264.375		2750
264.5		2750
264.625		2750
264.75		2750
264.875		2750
265		2750
265.125		2750
265.25		2750
265.375		2750
265.5		2750
265.625		2750
265.75		2750
265.875		2750
266		2750
266.125		2750
266.25		2750
266.375		2750
266.5		2750
266.625		2750
266.75		2750
266.875		2750
267		2750
267.125		2750
267.25		2750
267.375		2750
267.5		2750
267.625		2750
267.75		2750
267.875		2750
268		2750
268.125		2750
268.25		2750
268.375		2750
268.5		2750
268.625		2750
268.75		2750
268.875		2750
269		2750
269.125		3000
269.25		3000
269.375		3000
269.5		3000
269.625		3000
269.75		3000
269.875		3000
270		3000
270.125		3000
270.25		3000
270.375		3000
270.5		3000
270.625		3000
270.75		3000
270.875		3000
271		3000
271.125		3000
271.25		3000
271.375		3000
271.5		3000
271.625		3000
271.75		3000
271.875		3000
272		3000
272.125		3000
272.25		3000
272.375		3000
272.5		3000
272.625		3000
272.75		3000
272.875		3000
273		3000
273.125		3000
273.25		3000
273.375		3000
273.5		3000
273.625		3000
273.75		3000
273.875		3000
274		3000
274.125		3000
274.25		3000
274.375		3000
274.5		3000
274.625		3000
274.75		3000
274.875		3000
275		3000
275.125		3000
275.25		3000
275.375		3000
275.5		3000
275.625		3000
275.75		3000
275.875		3000
276		3000
276.125		3000
276.25		3000
276.375		3000
276.5		3000
276.625		3000
276.75		3000
276.875		3000
277		3000
277.125		3000
277.25		3000
277.375		3000
277.5		3000
277.625		3000
277.75		3000
277.875		3000
278		3000
278.125		3000
278.25		3000
278.375		3000
278.5		3000
278.625		3000
278.75		3000
278.875		3000
279		3000
279.125		3000
279.25		3000
279.375		3000
279.5		3000
279.625		3000
279.75		3000
279.875		3000
280		3000
280.125		3000
280.25		3000
280.375		3000
280.5		3000
280.625		3000
280.75		3000
280.875		3000
281		3000
281.125		3000
281.25		3000
281.375		3000
281.5		3000
281.625		3000
281.75		3000
281.875		3000
282		3000
282.125		3000
282.25		3000
282.375		3000
282.5		3000
282.625		3000
282.75		3000
282.875		3000
283		3000
283.125		3000
283.25		3000
283.375		3000
283.5		3000
283.625		3000
283.75		3000
283.875		3000
284		3000
284.125		3000
284.25		3000
284.375		3000
284.5		3000
284.625		3000
284.75		3000
284.875		3000
285		3000
285.125		3000
285.25		3000
285.375		3000
285.5		3000
285.625		3000
285.75		3000
285.875		3000
286		3000
286.125		3000
286.25		3000
286.375		3000
286.5		3000
286.625		3000
286.75		3000
286.875		3000
287		3000
287.125		3000
287.25		3000
287.375		3000
287.5		3000
287.625		3000
287.75		3000
287.875		3000
288		3000
288.125		3250
288.25		3250
288.375		3250
288.5		3250
288.625		3250
288.75		3250
288.875		3250
289		3250
289.125		3250
289.25		3250
289.375		3250
289.5		3250
289.625		3250
289.75		3250
289.875		3250
290		3250
290.125		3250
290.25		3250
290.375		3250
290.5		3250
290.625		3250
290.75		3250
290.875		3250
291		3250
291.125		3250
291.25		3250
291.375		3250
291.5		3250
291.625		3250
291.75		3250
291.875		3250
292		3250
292.125		3250
292.25		3250
292.375		3250
292.5		3250
292.625		3250
292.75		3250
292.875		3250
293		3250
293.125		3250
293.25		3250
293.375		3250
293.5		3250
293.625		3250
293.75		3250
293.875		3250
294		3250
294.125		3250
294.25		3250
294.375		3250
294.5		3250
294.625		3250
294.75		3250
294.875		3250
295		3250
295.125		3250
295.25		3250
295.375		3250
295.5		3250
295.625		3250
295.75		3250
295.875		3250
296		3250
296.125		3250
296.25		3250
296.375		3250
296.5		3250
296.625		3250
296.75		3250
296.875		3250
297		3250
297.125		3250
297.25		3250
297.375		3250
297.5		3250
297.625		3250
297.75		3250
297.875		3250
298		3250
298.125		3250
298.25		3250
298.375		3250
298.5		3250
298.625		3250
298.75		3250
298.875		3250
299		3250
299.125		3250
299.25		3250
299.375		3250
299.5		3250
299.625		3250
299.75		3250
299.875		3250
300		3250
300.125		3250
300.25		3250
300.375		3250
300.5		3250
300.625		3250
300.75		3250
300.875		3250
301		3250
301.125		3250
301.25		3250
301.375		3250
301.5		3250
301.625		3250
301.75		3250
301.875		3250
302		3250
302.125		3250
302.25		3250
302.375		3250
302.5		3250
302.625		3250
302.75		3250
302.875		3250
303		3250
303.125		3250
303.25		3250
303.375		3250
303.5		3250
303.625		3250
303.75		3250
303.875		3250
304		3250
304.125		3250
304.25		3250
304.375		3250
304.5		3250
304.625		3250
304.75		3250
304.875		3250
305		3250
305.125		3250
305.25		3250
305.375		3250
305.5		3250
305.625		3250
305.75		3250
305.875		3250
306		3250
306.125		3250
306.25		3250
306.375		3250
306.5		3250
306.625		3250
306.75		3250
306.875		3250
307		3250
307.125		3250
307.25		3250
307.375		3250
307.5		3250
307.625		3250
307.75		3250
307.875		3250
308		3250
308.125		3250
308.25		3250
308.375		3250
308.5		3250
308.625		3250
308.75		3250
308.875		3250
309		3250
309.125		3250
309.25		3250
309.375		3250
309.5		3250
309.625		3250
309.75		3250
309.875		3250
310		3250
310.125		3250
310.25		3250
310.375		3250
310.5		3250
310.625		3250
310.75		3250
310.875		3250
311		3250
311.125		3250
311.25		3250
311.375		3250
311.5		3250
311.625		3250
311.75		3250
311.875		3250
312		3250
312.125		3250
312.25		3250
312.375		3250
312.5		3250
312.625		3250
312.75		3250
312.875		3250
313		3250
313.125		3250
313.25		3250
313.375		3250
313.5		3250
313.625		3250
313.75		3250
313.875		3250
314		3250
314.125		3250
314.25		3250
314.375		3250
314.5		3250
314.625		3250
314.75		3250
314.875		3250
315		3250
315.125		3250
315.25		3250
315.375		3250
315.5		3250
315.625		3250
315.75		3250
315.875		3250
316		3250
316.125		3250
316.25		3250
316.375		3250
316.5		3250
316.625		3250
316.75		3250
316.875		3250
317		3250
317.125		3250
317.25		3250
317.375		3250
317.5		3250
317.625		3250
317.75		3250
317.875		3250
318		3250
318.125		3250
318.25		3250
318.375		3250
318.5		3250
318.625		3250
318.75		3250
318.875		3250
319		3250
319.125		3250
319.25		3250
319.375		3250
319.5		3250
319.625		3250
319.75		3250
319.875		3250
320		3250
320.125		3250
320.25		3250
320.375		3250
320.5		3250
320.625		3250
320.75		3250
320.875		3250
321		3250
321.125		3250
321.25		3250
321.375		3250
321.5		3250
321.625		3250
321.75		3250
321.875		3250
322		3250
322.125		3250
322.25		3250
322.375		3250
322.5		3250
322.625		3250
322.75		3250
322.875		3250
323		3250
323.125		3250
323.25		3250
323.375		3250
323.5		3250
323.625		3250
323.75		3250
323.875		3250
324		3250
324.125		3250
324.25		3250
324.375		3250
324.5		3250
324.625		3250
324.75		3250
324.875		3250
325		3250
325.125		3250
325.25		3250
325.375		3250
325.5		3250
325.625		3250
325.75		3250
325.875		3250
326		3250
326.125		3500
326.25		3500
326.375		3500
326.5		3500
326.625		3500
326.75		3500
326.875		3500
327		3500
327.125		3500
327.25		3500
327.375		3500
327.5		3500
327.625		3500
327.75		3500
327.875		3500
328		3500
328.125		3500
328.25		3500
328.375		3500
328.5		3500
328.625		3500
328.75		3500
328.875		3500
329		3500
329.125		3500
329.25		3500
329.375		3500
329.5		3500
329.625		3500
329.75		3500
329.875		3500
330		3500
330.125		3500
330.25		3500
330.375		3500
330.5		3500
330.625		3500
330.75		3500
330.875		3500
331		3500
331.125		3500
331.25		3500
331.375		3500
331.5		3500
331.625		3500
331.75		3500
331.875		3500
332		3500
332.125		3500
332.25		3500
332.375		3500
332.5		3500
332.625		3500
332.75		3500
332.875		3500
333		3500
333.125		3500
333.25		3500
333.375		3500
333.5		3500
333.625		3500
333.75		3500
333.875		3500
334		3500
334.125		3500
334.25		3500
334.375		3500
334.5		3500
334.625		3500
334.75		3500
334.875		3500
335		3500
335.125		3500
335.25		3500
335.375		3500
335.5		3500
335.625		3500
335.75		3500
335.875		3500
336		3500
336.125		3500
336.25		3500
336.375		3500
336.5		3500
336.625		3500
336.75		3500
336.875		3500
337		3500
337.125		3750
337.25		3750
337.375		3750
337.5		3750
337.625		3750
337.75		3750
337.875		3750
338		3750
338.125		3750
338.25		3750
338.375		3750
338.5		3750
338.625		3750
338.75		3750
338.875		3750
339		3750
339.125		3750
339.25		3750
339.375		3750
339.5		3750
339.625		3750
339.75		3750
339.875		3750
340		3750
340.125		3750
340.25		3750
340.375		3750
340.5		3750
340.625		3750
340.75		3750
340.875		3750
341		3750
341.125		3750
341.25		3750
341.375		3750
341.5		3750
341.625		3750
341.75		3750
341.875		3750
342		3750
342.125		3750
342.25		3750
342.375		3750
342.5		3750
342.625		3750
342.75		3750
342.875		3750
343		3750
343.125		3750
343.25		3750
343.375		3750
343.5		3750
343.625		3750
343.75		3750
343.875		3750
344		3750
344.125		3750
344.25		3750
344.375		3750
344.5		3750
344.625		3750
344.75		3750
344.875		3750
345		3750
345.125		3750
345.25		3750
345.375		3750
345.5		3750
345.625		3750
345.75		3750
345.875		3750
346		3750
346.125		4000
346.25		4000
346.375		4000
346.5		4000
346.625		4000
346.75		4000
346.875		4000
347		4000
347.125		4000
347.25		4000
347.375		4000
347.5		4000
347.625		4000
347.75		4000
347.875		4000
348		4000
348.125		4000
348.25		4000
348.375		4000
348.5		4000
348.625		4000
348.75		4000
348.875		4000
349		4000
349.125		4000
349.25		4000
349.375		4000
349.5		4000
349.625		4000
349.75		4000
349.875		4000
350		4000
350.125		4000
350.25		4000
350.375		4000
350.5		4000
350.625		4000
350.75		4000
350.875		4000
351		4000
351.125		4000
351.25		4000
351.375		4000
351.5		4000
351.625		4000
351.75		4000
351.875		4000
352		4000
352.125		4000
352.25		4000
352.375		4000
352.5		4000
352.625		4000
352.75		4000
352.875		4000
353		4000
353.125		4000
353.25		4000
353.375		4000
353.5		4000
353.625		4000
353.75		4000
353.875		4000
354		4000
354.125		4000
354.25		4000
354.375		4000
354.5		4000
354.625		4000
354.75		4000
354.875		4000
355		4000
355.125		4000
355.25		4000
355.375		4000
355.5		4000
355.625		4000
355.75		4000
355.875		4000
356		4000
356.125		4250
356.25		4250
356.375		4250
356.5		4250
356.625		4250
356.75		4250
356.875		4250
357		4250
357.125		4250
357.25		4250
357.375		4250
357.5		4250
357.625		4250
357.75		4250
357.875		4250
358		4250
358.125		4250
358.25		4250
358.375		4250
358.5		4250
358.625		4250
358.75		4250
358.875		4250
359		4250
359.125		4250
359.25		4250
359.375		4250
359.5		4250
359.625		4250
359.75		4250
359.875		4250
360		4250
360.125		4250
360.25		4250
360.375		4250
360.5		4250
360.625		4250
360.75		4250
360.875		4250
361		4250
361.125		4250
361.25		4250
361.375		4250
361.5		4250
361.625		4250
361.75		4250
361.875		4250
362		4250
362.125		4250
362.25		4250
362.375		4250
362.5		4250
362.625		4250
362.75		4250
362.875		4250
363		4250
363.125		4250
363.25		4250
363.375		4250
363.5		4250
363.625		4250
363.75		4250
363.875		4250
364		4250
364.125		4250
364.25		4250
364.375		4250
364.5		4250
364.625		4250
364.75		4250
364.875		4250
365		4250
365.125		4250
365.25		4250
365.375		4250
365.5		4250
365.625		4250
365.75		4250
365.875		4250
366		4250
366.125		4250
366.25		4250
366.375		4250
366.5		4250
366.625		4250
366.75		4250
366.875		4250
367		4250
367.125		4250
367.25		4250
367.375		4250
367.5		4250
367.625		4250
367.75		4250
367.875		4250
368		4250
368.125		4250
368.25		4250
368.375		4250
368.5		4250
368.625		4250
368.75		4250
368.875		4250
369		4250
369.125		4250
369.25		4250
369.375		4250
369.5		4250
369.625		4250
369.75		4250
369.875		4250
370		4250
370.125		4250
370.25		4250
370.375		4250
370.5		4250
370.625		4250
370.75		4250
370.875		4250
371		4250
371.125		4250
371.25		4250
371.375		4250
371.5		4250
371.625		4250
371.75		4250
371.875		4250
372		4250
372.125		4250
372.25		4250
372.375		4250
372.5		4250
372.625		4250
372.75		4250
372.875		4250
373		4250
373.125		4250
373.25		4250
373.375		4250
373.5		4250
373.625		4250
373.75		4250
373.875		4250
374		4250
374.125		4250
374.25		4250
374.375		4250
374.5		4250
374.625		4250
374.75		4250
374.875		4250
375		4250
375.125		4250
375.25		4250
375.375		4250
375.5		4250
375.625		4250
375.75		4250
375.875		4250
376		4250
376.125		4250
376.25		4250
376.375		4250
376.5		4250
376.625		4250
376.75		4250
376.875		4250
377		4250
377.125		4250
377.25		4250
377.375		4250
377.5		4250
377.625		4250
377.75		4250
377.875		4250
378		4250
378.125		4250
378.25		4250
378.375		4250
378.5		4250
378.625		4250
378.75		4250
378.875		4250
379		4250
379.125		4250
379.25		4250
379.375		4250
379.5		4250
379.625		4250
379.75		4250
379.875		4250
380		4250
380.125		4250
380.25		4250
380.375		4250
380.5		4250
380.625		4250
380.75		4250
380.875		4250
381		4250
381.125		4250
381.25		4250
381.375		4250
381.5		4250
381.625		4250
381.75		4250
381.875		4250
382		4250
382.125		4250
382.25		4250
382.375		4250
382.5		4250
382.625		4250
382.75		4250
382.875		4250
383		4250
383.125		4250
383.25		4250
383.375		4250
383.5		4250
383.625		4250
383.75		4250
383.875		4250
384		4250
384.125		4250
384.25		4250
384.375		4250
384.5		4250
384.625		4250
384.75		4250
384.875		4250
385		4250
385.125		4250
385.25		4250
385.375		4250
385.5		4250
385.625		4250
385.75		4250
385.875		4250
386		4250
386.125		4250
386.25		4250
386.375		4250
386.5		4250
386.625		4250
386.75		4250
386.875		4250
387		4250
387.125		4250
387.25		4250
387.375		4250
387.5		4250
387.625		4250
387.75		4250
387.875		4250
388		4250
388.125		4250
388.25		4250
388.375		4250
388.5		4250
388.625		4250
388.75		4250
388.875		4250
389		4250
389.125		4250
389.25		4250
389.375		4250
389.5		4250
389.625		4250
389.75		4250
389.875		4250
390		4250
390.125		4250
390.25		4250
390.375		4250
390.5		4250
390.625		4250
390.75		4250
390.875		4250
391		4250
391.125		4250
391.25		4250
391.375		4250
391.5		4250
391.625		4250
391.75		4250
391.875		4250
392		4250
392.125		4250
392.25		4250
392.375		4250
392.5		4250
392.625		4250
392.75		4250
392.875		4250
393		4250
393.125		4250
393.25		4250
393.375		4250
393.5		4250
393.625		4250
393.75		4250
393.875		4250
394		4250
394.125		4500
394.25		4500
394.375		4500
394.5		4500
394.625		4500
394.75		4500
394.875		4500
395		4500
395.125		4500
395.25		4500
395.375		4500
395.5		4500
395.625		4500
395.75		4500
395.875		4500
396		4500
396.125		4500
396.25		4500
396.375		4500
396.5		4500
396.625		4500
396.75		4500
396.875		4500
397		4500
397.125		4500
397.25		4500
397.375		4500
397.5		4500
397.625		4500
397.75		4500
397.875		4500
398		4500
398.125		4500
398.25		4500
398.375		4500
398.5		4500
398.625		4500
398.75		4500
398.875		4500
399		4500
399.125		4500
399.25		4500
399.375		4500
399.5		4500
399.625		4500
399.75		4500
399.875		4500
400		4500
400.125		4500
400.25		4500
400.375		4500
400.5		4500
400.625		4500
400.75		4500
400.875		4500
401		4500
401.125		4500
401.25		4500
401.375		4500
401.5		4500
401.625		4500
401.75		4500
401.875		4500
402		4500
402.125		4500
402.25		4500
402.375		4500
402.5		4500
402.625		4500
402.75		4500
402.875		4500
403		4500
403.125		4500
403.25		4500
403.375		4500
403.5		4500
403.625		4500
403.75		4500
403.875		4500
404		4500
404.125		4500
404.25		4500
404.375		4500
404.5		4500
404.625		4500
404.75		4500
404.875		4500
405		4500
405.125		4500
405.25		4500
405.375		4500
405.5		4500
405.625		4500
405.75		4500
405.875		4500
406		4500
406.125		4500
406.25		4500
406.375		4500
406.5		4500
406.625		4500
406.75		4500
406.875		4500
407		4500
407.125		4500
407.25		4500
407.375		4500
407.5		4500
407.625		4500
407.75		4500
407.875		4500
408		4500
408.125		4500
408.25		4500
408.375		4500
408.5		4500
408.625		4500
408.75		4500
408.875		4500
409		4500
409.125		4500
409.25		4500
409.375		4500
409.5		4500
409.625		4500
409.75		4500
409.875		4500
410		4500
410.125		4750
410.25		4750
410.375		4750
410.5		4750
410.625		4750
410.75		4750
410.875		4750
411		4750
411.125		4750
411.25		4750
411.375		4750
411.5		4750
411.625		4750
411.75		4750
411.875		4750
412		4750
412.125		4750
412.25		4750
412.375		4750
412.5		4750
412.625		4750
412.75		4750
412.875		4750
413		4750
413.125		4750
413.25		4750
413.375		4750
413.5		4750
413.625		4750
413.75		4750
413.875		4750
414		4750
414.125		4750
414.25		4750
414.375		4750
414.5		4750
414.625		4750
414.75		4750
414.875		4750
415		4750
415.125		4750
415.25		4750
415.375		4750
415.5		4750
415.625		4750
415.75		4750
415.875		4750
416		4750
416.125		4750
416.25		4750
416.375		4750
416.5		4750
416.625		4750
416.75		4750
416.875		4750
417		4750
417.125		4750
417.25		4750
417.375		4750
417.5		4750
417.625		4750
417.75		4750
417.875		4750
418		4750
418.125		4750
418.25		4750
418.375		4750
418.5		4750
418.625		4750
418.75		4750
418.875		4750
419		4750
419.125		4750
419.25		4750
419.375		4750
419.5		4750
419.625		4750
419.75		4750
419.875		4750
420		4750
420.125		4750
420.25		4750
420.375		4750
420.5		4750
420.625		4750
420.75		4750
420.875		4750
421		4750
421.125		4750
421.25		4750
421.375		4750
421.5		4750
421.625		4750
421.75		4750
421.875		4750
422		4750
422.125		4750
422.25		4750
422.375		4750
422.5		4750
422.625		4750
422.75		4750
422.875		4750
423		4750
423.125		4750
423.25		4750
423.375		4750
423.5		4750
423.625		4750
423.75		4750
423.875		4750
424		4750
424.125		4750
424.25		4750
424.375		4750
424.5		4750
424.625		4750
424.75		4750
424.875		4750
425		4750
425.125		4750
425.25		4750
425.375		4750
425.5		4750
425.625		4750
425.75		4750
425.875		4750
426		4750
426.125		0
426.25		0
426.375		0
426.5		0
426.625		0
426.75		0
426.875		0
427		0
427.125		0
427.25		0
427.375		0
427.5		0
427.625		0
427.75		0
427.875		0
428		0
428.125		0
428.25		0
428.375		0
428.5		0
428.625		0
428.75		0
428.875		0
429		0
429.125		0
429.25		0
429.375		0
429.5		0
429.625		0
429.75		0
429.875		0
430		0
430.125		0
430.25		0
430.375		0
430.5		0
430.625		0
430.75		0
430.875		0
431		0
431.125		0
431.25		0
431.375		0
431.5		0
431.625		0
431.75		0
431.875		0
432		0
432.125		0
432.25		0
432.375		0
432.5		0
432.625		0
432.75		0
432.875		0
433		0
433.125		0
433.25		0
433.375		0
433.5		0
433.625		0
433.75		0
433.875		0
434		0
434.125		0
434.25		0
434.375		0
434.5		0
434.625		0
434.75		0
434.875		0
435		0
435.125		0
435.25		0
435.375		0
435.5		0
435.625		0
435.75		0
435.875		0
436		0
436.125		0
436.25		0
436.375		0
436.5		0
436.625		0
436.75		0
436.875		0
437		0
437.125		0
437.25		0
437.375		0
437.5		0
437.625		0
437.75		0
437.875		0
438		0
438.125		0
438.25		0
438.375		0
438.5		0
438.625		0
438.75		0
438.875		0
439		0
439.125		0
439.25		0
439.375		0
439.5		0
439.625		0
439.75		0
439.875		0
440		0
440.125		0
440.25		0
440.375		0
440.5		0
440.625		0
440.75		0
440.875		0
441		0
441.125		0
441.25		0
441.375		0
441.5		0
441.625		0
441.75		0
441.875		0
442		0
442.125		0
442.25		0
442.375		0
442.5		0
442.625		0
442.75		0
442.875		0
443		0
443.125		0
443.25		0
443.375		0
443.5		0
443.625		0
443.75		0
443.875		0
444		0
444.125		0
444.25		0
444.375		0
444.5		0
444.625		0
444.75		0
444.875		0
445		0
445.125		0
445.25		0
445.375		0
445.5		0
445.625		0
445.75		0
445.875		0
446		0
446.125		0
446.25		0
446.375		0
446.5		0
446.625		0
446.75		0
446.875		0
447		0
447.125		0
447.25		0
447.375		0
447.5		0
447.625		0
447.75		0
447.875		0
448		0
448.125		0
448.25		0
448.375		0
448.5		0
448.625		0
448.75		0
448.875		0
449		0
449.125		0
449.25		0
449.375		0
449.5		0
449.625		0
449.75		0
449.875		0
450		0
450.125		0
450.25		0
450.375		0
450.5		0
450.625		0
450.75		0
450.875		0
451		0
451.125		0
451.25		0
451.375		0
451.5		0
451.625		0
451.75		0
451.875		0
452		0
452.125		0
452.25		0
452.375		0
452.5		0
452.625		0
452.75		0
452.875		0
453		0
453.125		0
453.25		0
453.375		0
453.5		0
453.625		0
453.75		0
453.875		0
454		0
454.125		0
454.25		0
454.375		0
454.5		0
454.625		0
454.75		0
454.875		0
455		0
455.125		0
455.25		0
455.375		0
455.5		0
455.625		0
455.75		0
455.875		0
456		0
456.125		0
456.25		0
456.375		0
456.5		0
456.625		0
456.75		0
456.875		0
457		0
457.125		0
457.25		0
457.375		0
457.5		0
457.625		0
457.75		0
457.875		0
458		0
458.125		0
458.25		0
458.375		0
458.5		0
458.625		0
458.75		0
458.875		0
459		0
459.125		0
459.25		0
459.375		0
459.5		0
459.625		0
459.75		0
459.875		0
460		0
460.125		0
460.25		0
460.375		0
460.5		0
460.625		0
460.75		0
460.875		0
461		0
461.125		0
461.25		0
461.375		0
461.5		0
461.625		0
461.75		0
461.875		0
462		0
462.125		0
462.25		0
462.375		0
462.5		0
462.625		0
462.75		0
462.875		0
463		0
463.125		0
463.25		0
463.375		0
463.5		0
463.625		0
463.75		0
463.875		0
464		0
464.125		0
464.25		0
464.375		0
464.5		0
464.625		0
464.75		0
464.875		0
465		0
465.125		0
465.25		0
465.375		0
465.5		0
465.625		0
465.75		0
465.875		0
466		0
466.125		0
466.25		0
466.375		0
466.5		0
466.625		0
466.75		0
466.875		0
467		0
467.125		0
467.25		0
467.375		0
467.5		0
467.625		0
467.75		0
467.875		0
468		0
468.125		0
468.25		0
468.375		0
468.5		0
468.625		0
468.75		0
468.875		0
469		0
469.125		0
469.25		0
469.375		0
469.5		0
469.625		0
469.75		0
469.875		0
470		0
470.125		0
470.25		0
470.375		0
470.5		0
470.625		0
470.75		0
470.875		0
471		0
471.125		0
471.25		0
471.375		0
471.5		0
471.625		0
471.75		0
471.875		0
472		0
472.125		0
472.25		0
472.375		0
472.5		0
472.625		0
472.75		0
472.875		0
473		0
473.125		0
473.25		0
473.375		0
473.5		0
473.625		0
473.75		0
473.875		0
474		0
474.125		0
474.25		0
474.375		0
474.5		0
474.625		0
474.75		0
474.875		0
475		0
475.125		0
475.25		0
475.375		0
475.5		0
475.625		0
475.75		0
475.875		0
476		0
476.125		0
476.25		0
476.375		0
476.5		0
476.625		0
476.75		0
476.875		0
477		0
477.125		0
477.25		0
477.375		0
477.5		0
477.625		0
477.75		0
477.875		0
478		0
478.125		0
478.25		0
478.375		0
478.5		0
478.625		0
478.75		0
478.875		0
479		0
479.125		0
479.25		0
479.375		0
479.5		0
479.625		0
479.75		0
479.875		0
480		0
480.125		0
480.25		0
480.375		0
480.5		0
480.625		0
480.75		0
480.875		0
481		0
481.125		0
481.25		0
481.375		0
481.5		0
481.625		0
481.75		0
481.875		0
482		0
482.125		0
482.25		0
482.375		0
482.5		0
482.625		0
482.75		0
482.875		0
483		0
483.125		0
483.25		0
483.375		0
483.5		0
483.625		0
483.75		0
483.875		0
484		0
484.125		0
484.25		0
484.375		0
484.5		0
484.625		0
484.75		0
484.875		0
485		0
485.125		0
485.25		0
485.375		0
485.5		0
485.625		0
485.75		0
485.875		0
486		0
486.125		0
486.25		0
486.375		0
486.5		0
486.625		0
486.75		0
486.875		0
487		0
487.125		0
487.25		0
487.375		0
487.5		0
487.625		0
487.75		0
487.875		0
488		0
488.125		0
488.25		0
488.375		0
488.5		0
488.625		0
488.75		0
488.875		0
489		0
489.125		0
489.25		0
489.375		0
489.5		0
489.625		0
489.75		0
489.875		0
490		0
490.125		0
490.25		0
490.375		0
490.5		0
490.625		0
490.75		0
490.875		0
491		0
491.125		0
491.25		0
491.375		0
491.5		0
491.625		0
491.75		0
491.875		0
492		0
492.125		0
492.25		0
492.375		0
492.5		0
492.625		0
492.75		0
492.875		0
493		0
493.125		0
493.25		0
493.375		0
493.5		0
493.625		0
493.75		0
493.875		0
494		0
494.125		0
494.25		0
494.375		0
494.5		0
494.625		0
494.75		0
494.875		0
495		0
495.125		0
495.25		0
495.375		0
495.5		0
495.625		0
495.75		0
495.875		0
496		0
496.125		0
496.25		0
496.375		0
496.5		0
496.625		0
496.75		0
496.875		0
497		0
497.125		0
497.25		0
497.375		0
497.5		0
497.625		0
497.75		0
497.875		0
498		0
498.125		0
498.25		0
498.375		0
498.5		0
498.625		0
498.75		0
498.875		0
499		0
499.125		0
499.25		0
499.375		0
499.5		0
499.625		0
499.75		0
499.875		0
500		0
