# Calibration file of tamex_id 0 @ channel 22
# fine_T bin		 Calibration value
0.125		0
0.25		0
0.375		0
0.5		0
0.625		0
0.75		0
0.875		0
1		0
1.125		0
1.25		0
1.375		0
1.5		0
1.625		0
1.75		0
1.875		0
2		0
2.125		0
2.25		0
2.375		0
2.5		0
2.625		0
2.75		0
2.875		0
3		0
3.125		0
3.25		0
3.375		0
3.5		0
3.625		0
3.75		0
3.875		0
4		0
4.125		0
4.25		0
4.375		0
4.5		0
4.625		0
4.75		0
4.875		0
5		0
5.125		0
5.25		0
5.375		0
5.5		0
5.625		0
5.75		0
5.875		0
6		0
6.125		0
6.25		0
6.375		0
6.5		0
6.625		0
6.75		0
6.875		0
7		0
7.125		0
7.25		0
7.375		0
7.5		0
7.625		0
7.75		0
7.875		0
8		0
8.125		0
8.25		0
8.375		0
8.5		0
8.625		0
8.75		0
8.875		0
9		0
9.125		0
9.25		0
9.375		0
9.5		0
9.625		0
9.75		0
9.875		0
10		0
10.125		0
10.25		0
10.375		0
10.5		0
10.625		0
10.75		0
10.875		0
11		0
11.125		0
11.25		0
11.375		0
11.5		0
11.625		0
11.75		0
11.875		0
12		0
12.125		0
12.25		0
12.375		0
12.5		0
12.625		0
12.75		0
12.875		0
13		0
13.125		0
13.25		0
13.375		0
13.5		0
13.625		0
13.75		0
13.875		0
14		0
14.125		0
14.25		0
14.375		0
14.5		0
14.625		0
14.75		0
14.875		0
15		0
15.125		0
15.25		0
15.375		0
15.5		0
15.625		0
15.75		0
15.875		0
16		0
16.125		285.714
16.25		285.714
16.375		285.714
16.5		285.714
16.625		285.714
16.75		285.714
16.875		285.714
17		285.714
17.125		285.714
17.25		285.714
17.375		285.714
17.5		285.714
17.625		285.714
17.75		285.714
17.875		285.714
18		285.714
18.125		285.714
18.25		285.714
18.375		285.714
18.5		285.714
18.625		285.714
18.75		285.714
18.875		285.714
19		285.714
19.125		285.714
19.25		285.714
19.375		285.714
19.5		285.714
19.625		285.714
19.75		285.714
19.875		285.714
20		285.714
20.125		571.429
20.25		571.429
20.375		571.429
20.5		571.429
20.625		571.429
20.75		571.429
20.875		571.429
21		571.429
21.125		571.429
21.25		571.429
21.375		571.429
21.5		571.429
21.625		571.429
21.75		571.429
21.875		571.429
22		571.429
22.125		571.429
22.25		571.429
22.375		571.429
22.5		571.429
22.625		571.429
22.75		571.429
22.875		571.429
23		571.429
23.125		571.429
23.25		571.429
23.375		571.429
23.5		571.429
23.625		571.429
23.75		571.429
23.875		571.429
24		571.429
24.125		571.429
24.25		571.429
24.375		571.429
24.5		571.429
24.625		571.429
24.75		571.429
24.875		571.429
25		571.429
25.125		571.429
25.25		571.429
25.375		571.429
25.5		571.429
25.625		571.429
25.75		571.429
25.875		571.429
26		571.429
26.125		571.429
26.25		571.429
26.375		571.429
26.5		571.429
26.625		571.429
26.75		571.429
26.875		571.429
27		571.429
27.125		571.429
27.25		571.429
27.375		571.429
27.5		571.429
27.625		571.429
27.75		571.429
27.875		571.429
28		571.429
28.125		571.429
28.25		571.429
28.375		571.429
28.5		571.429
28.625		571.429
28.75		571.429
28.875		571.429
29		571.429
29.125		571.429
29.25		571.429
29.375		571.429
29.5		571.429
29.625		571.429
29.75		571.429
29.875		571.429
30		571.429
30.125		571.429
30.25		571.429
30.375		571.429
30.5		571.429
30.625		571.429
30.75		571.429
30.875		571.429
31		571.429
31.125		571.429
31.25		571.429
31.375		571.429
31.5		571.429
31.625		571.429
31.75		571.429
31.875		571.429
32		571.429
32.125		571.429
32.25		571.429
32.375		571.429
32.5		571.429
32.625		571.429
32.75		571.429
32.875		571.429
33		571.429
33.125		571.429
33.25		571.429
33.375		571.429
33.5		571.429
33.625		571.429
33.75		571.429
33.875		571.429
34		571.429
34.125		571.429
34.25		571.429
34.375		571.429
34.5		571.429
34.625		571.429
34.75		571.429
34.875		571.429
35		571.429
35.125		571.429
35.25		571.429
35.375		571.429
35.5		571.429
35.625		571.429
35.75		571.429
35.875		571.429
36		571.429
36.125		571.429
36.25		571.429
36.375		571.429
36.5		571.429
36.625		571.429
36.75		571.429
36.875		571.429
37		571.429
37.125		571.429
37.25		571.429
37.375		571.429
37.5		571.429
37.625		571.429
37.75		571.429
37.875		571.429
38		571.429
38.125		571.429
38.25		571.429
38.375		571.429
38.5		571.429
38.625		571.429
38.75		571.429
38.875		571.429
39		571.429
39.125		571.429
39.25		571.429
39.375		571.429
39.5		571.429
39.625		571.429
39.75		571.429
39.875		571.429
40		571.429
40.125		571.429
40.25		571.429
40.375		571.429
40.5		571.429
40.625		571.429
40.75		571.429
40.875		571.429
41		571.429
41.125		571.429
41.25		571.429
41.375		571.429
41.5		571.429
41.625		571.429
41.75		571.429
41.875		571.429
42		571.429
42.125		571.429
42.25		571.429
42.375		571.429
42.5		571.429
42.625		571.429
42.75		571.429
42.875		571.429
43		571.429
43.125		571.429
43.25		571.429
43.375		571.429
43.5		571.429
43.625		571.429
43.75		571.429
43.875		571.429
44		571.429
44.125		571.429
44.25		571.429
44.375		571.429
44.5		571.429
44.625		571.429
44.75		571.429
44.875		571.429
45		571.429
45.125		571.429
45.25		571.429
45.375		571.429
45.5		571.429
45.625		571.429
45.75		571.429
45.875		571.429
46		571.429
46.125		571.429
46.25		571.429
46.375		571.429
46.5		571.429
46.625		571.429
46.75		571.429
46.875		571.429
47		571.429
47.125		571.429
47.25		571.429
47.375		571.429
47.5		571.429
47.625		571.429
47.75		571.429
47.875		571.429
48		571.429
48.125		571.429
48.25		571.429
48.375		571.429
48.5		571.429
48.625		571.429
48.75		571.429
48.875		571.429
49		571.429
49.125		571.429
49.25		571.429
49.375		571.429
49.5		571.429
49.625		571.429
49.75		571.429
49.875		571.429
50		571.429
50.125		571.429
50.25		571.429
50.375		571.429
50.5		571.429
50.625		571.429
50.75		571.429
50.875		571.429
51		571.429
51.125		571.429
51.25		571.429
51.375		571.429
51.5		571.429
51.625		571.429
51.75		571.429
51.875		571.429
52		571.429
52.125		571.429
52.25		571.429
52.375		571.429
52.5		571.429
52.625		571.429
52.75		571.429
52.875		571.429
53		571.429
53.125		571.429
53.25		571.429
53.375		571.429
53.5		571.429
53.625		571.429
53.75		571.429
53.875		571.429
54		571.429
54.125		714.286
54.25		714.286
54.375		714.286
54.5		714.286
54.625		714.286
54.75		714.286
54.875		714.286
55		714.286
55.125		714.286
55.25		714.286
55.375		714.286
55.5		714.286
55.625		714.286
55.75		714.286
55.875		714.286
56		714.286
56.125		714.286
56.25		714.286
56.375		714.286
56.5		714.286
56.625		714.286
56.75		714.286
56.875		714.286
57		714.286
57.125		714.286
57.25		714.286
57.375		714.286
57.5		714.286
57.625		714.286
57.75		714.286
57.875		714.286
58		714.286
58.125		714.286
58.25		714.286
58.375		714.286
58.5		714.286
58.625		714.286
58.75		714.286
58.875		714.286
59		714.286
59.125		714.286
59.25		714.286
59.375		714.286
59.5		714.286
59.625		714.286
59.75		714.286
59.875		714.286
60		714.286
60.125		714.286
60.25		714.286
60.375		714.286
60.5		714.286
60.625		714.286
60.75		714.286
60.875		714.286
61		714.286
61.125		714.286
61.25		714.286
61.375		714.286
61.5		714.286
61.625		714.286
61.75		714.286
61.875		714.286
62		714.286
62.125		714.286
62.25		714.286
62.375		714.286
62.5		714.286
62.625		714.286
62.75		714.286
62.875		714.286
63		714.286
63.125		714.286
63.25		714.286
63.375		714.286
63.5		714.286
63.625		714.286
63.75		714.286
63.875		714.286
64		714.286
64.125		714.286
64.25		714.286
64.375		714.286
64.5		714.286
64.625		714.286
64.75		714.286
64.875		714.286
65		714.286
65.125		714.286
65.25		714.286
65.375		714.286
65.5		714.286
65.625		714.286
65.75		714.286
65.875		714.286
66		714.286
66.125		714.286
66.25		714.286
66.375		714.286
66.5		714.286
66.625		714.286
66.75		714.286
66.875		714.286
67		714.286
67.125		714.286
67.25		714.286
67.375		714.286
67.5		714.286
67.625		714.286
67.75		714.286
67.875		714.286
68		714.286
68.125		714.286
68.25		714.286
68.375		714.286
68.5		714.286
68.625		714.286
68.75		714.286
68.875		714.286
69		714.286
69.125		714.286
69.25		714.286
69.375		714.286
69.5		714.286
69.625		714.286
69.75		714.286
69.875		714.286
70		714.286
70.125		714.286
70.25		714.286
70.375		714.286
70.5		714.286
70.625		714.286
70.75		714.286
70.875		714.286
71		714.286
71.125		857.143
71.25		857.143
71.375		857.143
71.5		857.143
71.625		857.143
71.75		857.143
71.875		857.143
72		857.143
72.125		857.143
72.25		857.143
72.375		857.143
72.5		857.143
72.625		857.143
72.75		857.143
72.875		857.143
73		857.143
73.125		857.143
73.25		857.143
73.375		857.143
73.5		857.143
73.625		857.143
73.75		857.143
73.875		857.143
74		857.143
74.125		857.143
74.25		857.143
74.375		857.143
74.5		857.143
74.625		857.143
74.75		857.143
74.875		857.143
75		857.143
75.125		857.143
75.25		857.143
75.375		857.143
75.5		857.143
75.625		857.143
75.75		857.143
75.875		857.143
76		857.143
76.125		857.143
76.25		857.143
76.375		857.143
76.5		857.143
76.625		857.143
76.75		857.143
76.875		857.143
77		857.143
77.125		857.143
77.25		857.143
77.375		857.143
77.5		857.143
77.625		857.143
77.75		857.143
77.875		857.143
78		857.143
78.125		857.143
78.25		857.143
78.375		857.143
78.5		857.143
78.625		857.143
78.75		857.143
78.875		857.143
79		857.143
79.125		857.143
79.25		857.143
79.375		857.143
79.5		857.143
79.625		857.143
79.75		857.143
79.875		857.143
80		857.143
80.125		857.143
80.25		857.143
80.375		857.143
80.5		857.143
80.625		857.143
80.75		857.143
80.875		857.143
81		857.143
81.125		857.143
81.25		857.143
81.375		857.143
81.5		857.143
81.625		857.143
81.75		857.143
81.875		857.143
82		857.143
82.125		857.143
82.25		857.143
82.375		857.143
82.5		857.143
82.625		857.143
82.75		857.143
82.875		857.143
83		857.143
83.125		857.143
83.25		857.143
83.375		857.143
83.5		857.143
83.625		857.143
83.75		857.143
83.875		857.143
84		857.143
84.125		857.143
84.25		857.143
84.375		857.143
84.5		857.143
84.625		857.143
84.75		857.143
84.875		857.143
85		857.143
85.125		857.143
85.25		857.143
85.375		857.143
85.5		857.143
85.625		857.143
85.75		857.143
85.875		857.143
86		857.143
86.125		857.143
86.25		857.143
86.375		857.143
86.5		857.143
86.625		857.143
86.75		857.143
86.875		857.143
87		857.143
87.125		1000
87.25		1000
87.375		1000
87.5		1000
87.625		1000
87.75		1000
87.875		1000
88		1000
88.125		1000
88.25		1000
88.375		1000
88.5		1000
88.625		1000
88.75		1000
88.875		1000
89		1000
89.125		1000
89.25		1000
89.375		1000
89.5		1000
89.625		1000
89.75		1000
89.875		1000
90		1000
90.125		1000
90.25		1000
90.375		1000
90.5		1000
90.625		1000
90.75		1000
90.875		1000
91		1000
91.125		1142.86
91.25		1142.86
91.375		1142.86
91.5		1142.86
91.625		1142.86
91.75		1142.86
91.875		1142.86
92		1142.86
92.125		1285.71
92.25		1285.71
92.375		1285.71
92.5		1285.71
92.625		1285.71
92.75		1285.71
92.875		1285.71
93		1285.71
93.125		1285.71
93.25		1285.71
93.375		1285.71
93.5		1285.71
93.625		1285.71
93.75		1285.71
93.875		1285.71
94		1285.71
94.125		1285.71
94.25		1285.71
94.375		1285.71
94.5		1285.71
94.625		1285.71
94.75		1285.71
94.875		1285.71
95		1285.71
95.125		1285.71
95.25		1285.71
95.375		1285.71
95.5		1285.71
95.625		1285.71
95.75		1285.71
95.875		1285.71
96		1285.71
96.125		1285.71
96.25		1285.71
96.375		1285.71
96.5		1285.71
96.625		1285.71
96.75		1285.71
96.875		1285.71
97		1285.71
97.125		1285.71
97.25		1285.71
97.375		1285.71
97.5		1285.71
97.625		1285.71
97.75		1285.71
97.875		1285.71
98		1285.71
98.125		1285.71
98.25		1285.71
98.375		1285.71
98.5		1285.71
98.625		1285.71
98.75		1285.71
98.875		1285.71
99		1285.71
99.125		1285.71
99.25		1285.71
99.375		1285.71
99.5		1285.71
99.625		1285.71
99.75		1285.71
99.875		1285.71
100		1285.71
100.125		1285.71
100.25		1285.71
100.375		1285.71
100.5		1285.71
100.625		1285.71
100.75		1285.71
100.875		1285.71
101		1285.71
101.125		1285.71
101.25		1285.71
101.375		1285.71
101.5		1285.71
101.625		1285.71
101.75		1285.71
101.875		1285.71
102		1285.71
102.125		1285.71
102.25		1285.71
102.375		1285.71
102.5		1285.71
102.625		1285.71
102.75		1285.71
102.875		1285.71
103		1285.71
103.125		1285.71
103.25		1285.71
103.375		1285.71
103.5		1285.71
103.625		1285.71
103.75		1285.71
103.875		1285.71
104		1285.71
104.125		1285.71
104.25		1285.71
104.375		1285.71
104.5		1285.71
104.625		1285.71
104.75		1285.71
104.875		1285.71
105		1285.71
105.125		1285.71
105.25		1285.71
105.375		1285.71
105.5		1285.71
105.625		1285.71
105.75		1285.71
105.875		1285.71
106		1285.71
106.125		1285.71
106.25		1285.71
106.375		1285.71
106.5		1285.71
106.625		1285.71
106.75		1285.71
106.875		1285.71
107		1285.71
107.125		1285.71
107.25		1285.71
107.375		1285.71
107.5		1285.71
107.625		1285.71
107.75		1285.71
107.875		1285.71
108		1285.71
108.125		1285.71
108.25		1285.71
108.375		1285.71
108.5		1285.71
108.625		1285.71
108.75		1285.71
108.875		1285.71
109		1285.71
109.125		1285.71
109.25		1285.71
109.375		1285.71
109.5		1285.71
109.625		1285.71
109.75		1285.71
109.875		1285.71
110		1285.71
110.125		1285.71
110.25		1285.71
110.375		1285.71
110.5		1285.71
110.625		1285.71
110.75		1285.71
110.875		1285.71
111		1285.71
111.125		1285.71
111.25		1285.71
111.375		1285.71
111.5		1285.71
111.625		1285.71
111.75		1285.71
111.875		1285.71
112		1285.71
112.125		1285.71
112.25		1285.71
112.375		1285.71
112.5		1285.71
112.625		1285.71
112.75		1285.71
112.875		1285.71
113		1285.71
113.125		1285.71
113.25		1285.71
113.375		1285.71
113.5		1285.71
113.625		1285.71
113.75		1285.71
113.875		1285.71
114		1285.71
114.125		1285.71
114.25		1285.71
114.375		1285.71
114.5		1285.71
114.625		1285.71
114.75		1285.71
114.875		1285.71
115		1285.71
115.125		1428.57
115.25		1428.57
115.375		1428.57
115.5		1428.57
115.625		1428.57
115.75		1428.57
115.875		1428.57
116		1428.57
116.125		1428.57
116.25		1428.57
116.375		1428.57
116.5		1428.57
116.625		1428.57
116.75		1428.57
116.875		1428.57
117		1428.57
117.125		1428.57
117.25		1428.57
117.375		1428.57
117.5		1428.57
117.625		1428.57
117.75		1428.57
117.875		1428.57
118		1428.57
118.125		1428.57
118.25		1428.57
118.375		1428.57
118.5		1428.57
118.625		1428.57
118.75		1428.57
118.875		1428.57
119		1428.57
119.125		1428.57
119.25		1428.57
119.375		1428.57
119.5		1428.57
119.625		1428.57
119.75		1428.57
119.875		1428.57
120		1428.57
120.125		1428.57
120.25		1428.57
120.375		1428.57
120.5		1428.57
120.625		1428.57
120.75		1428.57
120.875		1428.57
121		1428.57
121.125		1428.57
121.25		1428.57
121.375		1428.57
121.5		1428.57
121.625		1428.57
121.75		1428.57
121.875		1428.57
122		1428.57
122.125		1428.57
122.25		1428.57
122.375		1428.57
122.5		1428.57
122.625		1428.57
122.75		1428.57
122.875		1428.57
123		1428.57
123.125		1428.57
123.25		1428.57
123.375		1428.57
123.5		1428.57
123.625		1428.57
123.75		1428.57
123.875		1428.57
124		1428.57
124.125		1428.57
124.25		1428.57
124.375		1428.57
124.5		1428.57
124.625		1428.57
124.75		1428.57
124.875		1428.57
125		1428.57
125.125		1428.57
125.25		1428.57
125.375		1428.57
125.5		1428.57
125.625		1428.57
125.75		1428.57
125.875		1428.57
126		1428.57
126.125		1428.57
126.25		1428.57
126.375		1428.57
126.5		1428.57
126.625		1428.57
126.75		1428.57
126.875		1428.57
127		1428.57
127.125		1428.57
127.25		1428.57
127.375		1428.57
127.5		1428.57
127.625		1428.57
127.75		1428.57
127.875		1428.57
128		1428.57
128.125		1428.57
128.25		1428.57
128.375		1428.57
128.5		1428.57
128.625		1428.57
128.75		1428.57
128.875		1428.57
129		1428.57
129.125		1428.57
129.25		1428.57
129.375		1428.57
129.5		1428.57
129.625		1428.57
129.75		1428.57
129.875		1428.57
130		1428.57
130.125		1428.57
130.25		1428.57
130.375		1428.57
130.5		1428.57
130.625		1428.57
130.75		1428.57
130.875		1428.57
131		1428.57
131.125		1428.57
131.25		1428.57
131.375		1428.57
131.5		1428.57
131.625		1428.57
131.75		1428.57
131.875		1428.57
132		1428.57
132.125		1428.57
132.25		1428.57
132.375		1428.57
132.5		1428.57
132.625		1428.57
132.75		1428.57
132.875		1428.57
133		1428.57
133.125		1571.43
133.25		1571.43
133.375		1571.43
133.5		1571.43
133.625		1571.43
133.75		1571.43
133.875		1571.43
134		1571.43
134.125		1571.43
134.25		1571.43
134.375		1571.43
134.5		1571.43
134.625		1571.43
134.75		1571.43
134.875		1571.43
135		1571.43
135.125		1571.43
135.25		1571.43
135.375		1571.43
135.5		1571.43
135.625		1571.43
135.75		1571.43
135.875		1571.43
136		1571.43
136.125		1714.29
136.25		1714.29
136.375		1714.29
136.5		1714.29
136.625		1714.29
136.75		1714.29
136.875		1714.29
137		1714.29
137.125		1714.29
137.25		1714.29
137.375		1714.29
137.5		1714.29
137.625		1714.29
137.75		1714.29
137.875		1714.29
138		1714.29
138.125		1714.29
138.25		1714.29
138.375		1714.29
138.5		1714.29
138.625		1714.29
138.75		1714.29
138.875		1714.29
139		1714.29
139.125		1714.29
139.25		1714.29
139.375		1714.29
139.5		1714.29
139.625		1714.29
139.75		1714.29
139.875		1714.29
140		1714.29
140.125		1714.29
140.25		1714.29
140.375		1714.29
140.5		1714.29
140.625		1714.29
140.75		1714.29
140.875		1714.29
141		1714.29
141.125		1714.29
141.25		1714.29
141.375		1714.29
141.5		1714.29
141.625		1714.29
141.75		1714.29
141.875		1714.29
142		1714.29
142.125		1714.29
142.25		1714.29
142.375		1714.29
142.5		1714.29
142.625		1714.29
142.75		1714.29
142.875		1714.29
143		1714.29
143.125		1714.29
143.25		1714.29
143.375		1714.29
143.5		1714.29
143.625		1714.29
143.75		1714.29
143.875		1714.29
144		1714.29
144.125		1714.29
144.25		1714.29
144.375		1714.29
144.5		1714.29
144.625		1714.29
144.75		1714.29
144.875		1714.29
145		1714.29
145.125		1714.29
145.25		1714.29
145.375		1714.29
145.5		1714.29
145.625		1714.29
145.75		1714.29
145.875		1714.29
146		1714.29
146.125		1857.14
146.25		1857.14
146.375		1857.14
146.5		1857.14
146.625		1857.14
146.75		1857.14
146.875		1857.14
147		1857.14
147.125		1857.14
147.25		1857.14
147.375		1857.14
147.5		1857.14
147.625		1857.14
147.75		1857.14
147.875		1857.14
148		1857.14
148.125		1857.14
148.25		1857.14
148.375		1857.14
148.5		1857.14
148.625		1857.14
148.75		1857.14
148.875		1857.14
149		1857.14
149.125		2000
149.25		2000
149.375		2000
149.5		2000
149.625		2000
149.75		2000
149.875		2000
150		2000
150.125		2000
150.25		2000
150.375		2000
150.5		2000
150.625		2000
150.75		2000
150.875		2000
151		2000
151.125		2000
151.25		2000
151.375		2000
151.5		2000
151.625		2000
151.75		2000
151.875		2000
152		2000
152.125		2000
152.25		2000
152.375		2000
152.5		2000
152.625		2000
152.75		2000
152.875		2000
153		2000
153.125		2000
153.25		2000
153.375		2000
153.5		2000
153.625		2000
153.75		2000
153.875		2000
154		2000
154.125		2142.86
154.25		2142.86
154.375		2142.86
154.5		2142.86
154.625		2142.86
154.75		2142.86
154.875		2142.86
155		2142.86
155.125		2142.86
155.25		2142.86
155.375		2142.86
155.5		2142.86
155.625		2142.86
155.75		2142.86
155.875		2142.86
156		2142.86
156.125		2142.86
156.25		2142.86
156.375		2142.86
156.5		2142.86
156.625		2142.86
156.75		2142.86
156.875		2142.86
157		2142.86
157.125		2142.86
157.25		2142.86
157.375		2142.86
157.5		2142.86
157.625		2142.86
157.75		2142.86
157.875		2142.86
158		2142.86
158.125		2142.86
158.25		2142.86
158.375		2142.86
158.5		2142.86
158.625		2142.86
158.75		2142.86
158.875		2142.86
159		2142.86
159.125		2142.86
159.25		2142.86
159.375		2142.86
159.5		2142.86
159.625		2142.86
159.75		2142.86
159.875		2142.86
160		2142.86
160.125		2142.86
160.25		2142.86
160.375		2142.86
160.5		2142.86
160.625		2142.86
160.75		2142.86
160.875		2142.86
161		2142.86
161.125		2142.86
161.25		2142.86
161.375		2142.86
161.5		2142.86
161.625		2142.86
161.75		2142.86
161.875		2142.86
162		2142.86
162.125		2142.86
162.25		2142.86
162.375		2142.86
162.5		2142.86
162.625		2142.86
162.75		2142.86
162.875		2142.86
163		2142.86
163.125		2142.86
163.25		2142.86
163.375		2142.86
163.5		2142.86
163.625		2142.86
163.75		2142.86
163.875		2142.86
164		2142.86
164.125		2285.71
164.25		2285.71
164.375		2285.71
164.5		2285.71
164.625		2285.71
164.75		2285.71
164.875		2285.71
165		2285.71
165.125		2285.71
165.25		2285.71
165.375		2285.71
165.5		2285.71
165.625		2285.71
165.75		2285.71
165.875		2285.71
166		2285.71
166.125		2285.71
166.25		2285.71
166.375		2285.71
166.5		2285.71
166.625		2285.71
166.75		2285.71
166.875		2285.71
167		2285.71
167.125		2285.71
167.25		2285.71
167.375		2285.71
167.5		2285.71
167.625		2285.71
167.75		2285.71
167.875		2285.71
168		2285.71
168.125		2428.57
168.25		2428.57
168.375		2428.57
168.5		2428.57
168.625		2428.57
168.75		2428.57
168.875		2428.57
169		2428.57
169.125		2428.57
169.25		2428.57
169.375		2428.57
169.5		2428.57
169.625		2428.57
169.75		2428.57
169.875		2428.57
170		2428.57
170.125		2428.57
170.25		2428.57
170.375		2428.57
170.5		2428.57
170.625		2428.57
170.75		2428.57
170.875		2428.57
171		2428.57
171.125		2428.57
171.25		2428.57
171.375		2428.57
171.5		2428.57
171.625		2428.57
171.75		2428.57
171.875		2428.57
172		2428.57
172.125		2428.57
172.25		2428.57
172.375		2428.57
172.5		2428.57
172.625		2428.57
172.75		2428.57
172.875		2428.57
173		2428.57
173.125		2428.57
173.25		2428.57
173.375		2428.57
173.5		2428.57
173.625		2428.57
173.75		2428.57
173.875		2428.57
174		2428.57
174.125		2428.57
174.25		2428.57
174.375		2428.57
174.5		2428.57
174.625		2428.57
174.75		2428.57
174.875		2428.57
175		2428.57
175.125		2428.57
175.25		2428.57
175.375		2428.57
175.5		2428.57
175.625		2428.57
175.75		2428.57
175.875		2428.57
176		2428.57
176.125		2428.57
176.25		2428.57
176.375		2428.57
176.5		2428.57
176.625		2428.57
176.75		2428.57
176.875		2428.57
177		2428.57
177.125		2428.57
177.25		2428.57
177.375		2428.57
177.5		2428.57
177.625		2428.57
177.75		2428.57
177.875		2428.57
178		2428.57
178.125		2428.57
178.25		2428.57
178.375		2428.57
178.5		2428.57
178.625		2428.57
178.75		2428.57
178.875		2428.57
179		2428.57
179.125		2428.57
179.25		2428.57
179.375		2428.57
179.5		2428.57
179.625		2428.57
179.75		2428.57
179.875		2428.57
180		2428.57
180.125		2428.57
180.25		2428.57
180.375		2428.57
180.5		2428.57
180.625		2428.57
180.75		2428.57
180.875		2428.57
181		2428.57
181.125		2428.57
181.25		2428.57
181.375		2428.57
181.5		2428.57
181.625		2428.57
181.75		2428.57
181.875		2428.57
182		2428.57
182.125		2428.57
182.25		2428.57
182.375		2428.57
182.5		2428.57
182.625		2428.57
182.75		2428.57
182.875		2428.57
183		2428.57
183.125		2428.57
183.25		2428.57
183.375		2428.57
183.5		2428.57
183.625		2428.57
183.75		2428.57
183.875		2428.57
184		2428.57
184.125		2428.57
184.25		2428.57
184.375		2428.57
184.5		2428.57
184.625		2428.57
184.75		2428.57
184.875		2428.57
185		2428.57
185.125		2428.57
185.25		2428.57
185.375		2428.57
185.5		2428.57
185.625		2428.57
185.75		2428.57
185.875		2428.57
186		2428.57
186.125		2428.57
186.25		2428.57
186.375		2428.57
186.5		2428.57
186.625		2428.57
186.75		2428.57
186.875		2428.57
187		2428.57
187.125		2428.57
187.25		2428.57
187.375		2428.57
187.5		2428.57
187.625		2428.57
187.75		2428.57
187.875		2428.57
188		2428.57
188.125		2428.57
188.25		2428.57
188.375		2428.57
188.5		2428.57
188.625		2428.57
188.75		2428.57
188.875		2428.57
189		2428.57
189.125		2428.57
189.25		2428.57
189.375		2428.57
189.5		2428.57
189.625		2428.57
189.75		2428.57
189.875		2428.57
190		2428.57
190.125		2428.57
190.25		2428.57
190.375		2428.57
190.5		2428.57
190.625		2428.57
190.75		2428.57
190.875		2428.57
191		2428.57
191.125		2428.57
191.25		2428.57
191.375		2428.57
191.5		2428.57
191.625		2428.57
191.75		2428.57
191.875		2428.57
192		2428.57
192.125		2428.57
192.25		2428.57
192.375		2428.57
192.5		2428.57
192.625		2428.57
192.75		2428.57
192.875		2428.57
193		2428.57
193.125		2428.57
193.25		2428.57
193.375		2428.57
193.5		2428.57
193.625		2428.57
193.75		2428.57
193.875		2428.57
194		2428.57
194.125		2428.57
194.25		2428.57
194.375		2428.57
194.5		2428.57
194.625		2428.57
194.75		2428.57
194.875		2428.57
195		2428.57
195.125		2428.57
195.25		2428.57
195.375		2428.57
195.5		2428.57
195.625		2428.57
195.75		2428.57
195.875		2428.57
196		2428.57
196.125		2428.57
196.25		2428.57
196.375		2428.57
196.5		2428.57
196.625		2428.57
196.75		2428.57
196.875		2428.57
197		2428.57
197.125		2428.57
197.25		2428.57
197.375		2428.57
197.5		2428.57
197.625		2428.57
197.75		2428.57
197.875		2428.57
198		2428.57
198.125		2428.57
198.25		2428.57
198.375		2428.57
198.5		2428.57
198.625		2428.57
198.75		2428.57
198.875		2428.57
199		2428.57
199.125		2428.57
199.25		2428.57
199.375		2428.57
199.5		2428.57
199.625		2428.57
199.75		2428.57
199.875		2428.57
200		2428.57
200.125		2428.57
200.25		2428.57
200.375		2428.57
200.5		2428.57
200.625		2428.57
200.75		2428.57
200.875		2428.57
201		2428.57
201.125		2428.57
201.25		2428.57
201.375		2428.57
201.5		2428.57
201.625		2428.57
201.75		2428.57
201.875		2428.57
202		2428.57
202.125		2428.57
202.25		2428.57
202.375		2428.57
202.5		2428.57
202.625		2428.57
202.75		2428.57
202.875		2428.57
203		2428.57
203.125		2428.57
203.25		2428.57
203.375		2428.57
203.5		2428.57
203.625		2428.57
203.75		2428.57
203.875		2428.57
204		2428.57
204.125		2428.57
204.25		2428.57
204.375		2428.57
204.5		2428.57
204.625		2428.57
204.75		2428.57
204.875		2428.57
205		2428.57
205.125		2428.57
205.25		2428.57
205.375		2428.57
205.5		2428.57
205.625		2428.57
205.75		2428.57
205.875		2428.57
206		2428.57
206.125		2428.57
206.25		2428.57
206.375		2428.57
206.5		2428.57
206.625		2428.57
206.75		2428.57
206.875		2428.57
207		2428.57
207.125		2428.57
207.25		2428.57
207.375		2428.57
207.5		2428.57
207.625		2428.57
207.75		2428.57
207.875		2428.57
208		2428.57
208.125		2428.57
208.25		2428.57
208.375		2428.57
208.5		2428.57
208.625		2428.57
208.75		2428.57
208.875		2428.57
209		2428.57
209.125		2428.57
209.25		2428.57
209.375		2428.57
209.5		2428.57
209.625		2428.57
209.75		2428.57
209.875		2428.57
210		2428.57
210.125		2428.57
210.25		2428.57
210.375		2428.57
210.5		2428.57
210.625		2428.57
210.75		2428.57
210.875		2428.57
211		2428.57
211.125		2428.57
211.25		2428.57
211.375		2428.57
211.5		2428.57
211.625		2428.57
211.75		2428.57
211.875		2428.57
212		2428.57
212.125		2428.57
212.25		2428.57
212.375		2428.57
212.5		2428.57
212.625		2428.57
212.75		2428.57
212.875		2428.57
213		2428.57
213.125		2428.57
213.25		2428.57
213.375		2428.57
213.5		2428.57
213.625		2428.57
213.75		2428.57
213.875		2428.57
214		2428.57
214.125		2428.57
214.25		2428.57
214.375		2428.57
214.5		2428.57
214.625		2428.57
214.75		2428.57
214.875		2428.57
215		2428.57
215.125		2428.57
215.25		2428.57
215.375		2428.57
215.5		2428.57
215.625		2428.57
215.75		2428.57
215.875		2428.57
216		2428.57
216.125		2428.57
216.25		2428.57
216.375		2428.57
216.5		2428.57
216.625		2428.57
216.75		2428.57
216.875		2428.57
217		2428.57
217.125		2428.57
217.25		2428.57
217.375		2428.57
217.5		2428.57
217.625		2428.57
217.75		2428.57
217.875		2428.57
218		2428.57
218.125		2428.57
218.25		2428.57
218.375		2428.57
218.5		2428.57
218.625		2428.57
218.75		2428.57
218.875		2428.57
219		2428.57
219.125		2428.57
219.25		2428.57
219.375		2428.57
219.5		2428.57
219.625		2428.57
219.75		2428.57
219.875		2428.57
220		2428.57
220.125		2428.57
220.25		2428.57
220.375		2428.57
220.5		2428.57
220.625		2428.57
220.75		2428.57
220.875		2428.57
221		2428.57
221.125		2571.43
221.25		2571.43
221.375		2571.43
221.5		2571.43
221.625		2571.43
221.75		2571.43
221.875		2571.43
222		2571.43
222.125		2571.43
222.25		2571.43
222.375		2571.43
222.5		2571.43
222.625		2571.43
222.75		2571.43
222.875		2571.43
223		2571.43
223.125		2571.43
223.25		2571.43
223.375		2571.43
223.5		2571.43
223.625		2571.43
223.75		2571.43
223.875		2571.43
224		2571.43
224.125		2571.43
224.25		2571.43
224.375		2571.43
224.5		2571.43
224.625		2571.43
224.75		2571.43
224.875		2571.43
225		2571.43
225.125		2571.43
225.25		2571.43
225.375		2571.43
225.5		2571.43
225.625		2571.43
225.75		2571.43
225.875		2571.43
226		2571.43
226.125		2571.43
226.25		2571.43
226.375		2571.43
226.5		2571.43
226.625		2571.43
226.75		2571.43
226.875		2571.43
227		2571.43
227.125		2571.43
227.25		2571.43
227.375		2571.43
227.5		2571.43
227.625		2571.43
227.75		2571.43
227.875		2571.43
228		2571.43
228.125		2571.43
228.25		2571.43
228.375		2571.43
228.5		2571.43
228.625		2571.43
228.75		2571.43
228.875		2571.43
229		2571.43
229.125		2571.43
229.25		2571.43
229.375		2571.43
229.5		2571.43
229.625		2571.43
229.75		2571.43
229.875		2571.43
230		2571.43
230.125		2571.43
230.25		2571.43
230.375		2571.43
230.5		2571.43
230.625		2571.43
230.75		2571.43
230.875		2571.43
231		2571.43
231.125		2571.43
231.25		2571.43
231.375		2571.43
231.5		2571.43
231.625		2571.43
231.75		2571.43
231.875		2571.43
232		2571.43
232.125		2571.43
232.25		2571.43
232.375		2571.43
232.5		2571.43
232.625		2571.43
232.75		2571.43
232.875		2571.43
233		2571.43
233.125		2571.43
233.25		2571.43
233.375		2571.43
233.5		2571.43
233.625		2571.43
233.75		2571.43
233.875		2571.43
234		2571.43
234.125		2571.43
234.25		2571.43
234.375		2571.43
234.5		2571.43
234.625		2571.43
234.75		2571.43
234.875		2571.43
235		2571.43
235.125		2571.43
235.25		2571.43
235.375		2571.43
235.5		2571.43
235.625		2571.43
235.75		2571.43
235.875		2571.43
236		2571.43
236.125		2714.29
236.25		2714.29
236.375		2714.29
236.5		2714.29
236.625		2714.29
236.75		2714.29
236.875		2714.29
237		2714.29
237.125		2714.29
237.25		2714.29
237.375		2714.29
237.5		2714.29
237.625		2714.29
237.75		2714.29
237.875		2714.29
238		2714.29
238.125		2714.29
238.25		2714.29
238.375		2714.29
238.5		2714.29
238.625		2714.29
238.75		2714.29
238.875		2714.29
239		2714.29
239.125		2714.29
239.25		2714.29
239.375		2714.29
239.5		2714.29
239.625		2714.29
239.75		2714.29
239.875		2714.29
240		2714.29
240.125		2714.29
240.25		2714.29
240.375		2714.29
240.5		2714.29
240.625		2714.29
240.75		2714.29
240.875		2714.29
241		2714.29
241.125		2714.29
241.25		2714.29
241.375		2714.29
241.5		2714.29
241.625		2714.29
241.75		2714.29
241.875		2714.29
242		2714.29
242.125		2714.29
242.25		2714.29
242.375		2714.29
242.5		2714.29
242.625		2714.29
242.75		2714.29
242.875		2714.29
243		2714.29
243.125		2714.29
243.25		2714.29
243.375		2714.29
243.5		2714.29
243.625		2714.29
243.75		2714.29
243.875		2714.29
244		2714.29
244.125		2857.14
244.25		2857.14
244.375		2857.14
244.5		2857.14
244.625		2857.14
244.75		2857.14
244.875		2857.14
245		2857.14
245.125		2857.14
245.25		2857.14
245.375		2857.14
245.5		2857.14
245.625		2857.14
245.75		2857.14
245.875		2857.14
246		2857.14
246.125		2857.14
246.25		2857.14
246.375		2857.14
246.5		2857.14
246.625		2857.14
246.75		2857.14
246.875		2857.14
247		2857.14
247.125		2857.14
247.25		2857.14
247.375		2857.14
247.5		2857.14
247.625		2857.14
247.75		2857.14
247.875		2857.14
248		2857.14
248.125		2857.14
248.25		2857.14
248.375		2857.14
248.5		2857.14
248.625		2857.14
248.75		2857.14
248.875		2857.14
249		2857.14
249.125		2857.14
249.25		2857.14
249.375		2857.14
249.5		2857.14
249.625		2857.14
249.75		2857.14
249.875		2857.14
250		2857.14
250.125		2857.14
250.25		2857.14
250.375		2857.14
250.5		2857.14
250.625		2857.14
250.75		2857.14
250.875		2857.14
251		2857.14
251.125		2857.14
251.25		2857.14
251.375		2857.14
251.5		2857.14
251.625		2857.14
251.75		2857.14
251.875		2857.14
252		2857.14
252.125		2857.14
252.25		2857.14
252.375		2857.14
252.5		2857.14
252.625		2857.14
252.75		2857.14
252.875		2857.14
253		2857.14
253.125		2857.14
253.25		2857.14
253.375		2857.14
253.5		2857.14
253.625		2857.14
253.75		2857.14
253.875		2857.14
254		2857.14
254.125		2857.14
254.25		2857.14
254.375		2857.14
254.5		2857.14
254.625		2857.14
254.75		2857.14
254.875		2857.14
255		2857.14
255.125		2857.14
255.25		2857.14
255.375		2857.14
255.5		2857.14
255.625		2857.14
255.75		2857.14
255.875		2857.14
256		2857.14
256.125		2857.14
256.25		2857.14
256.375		2857.14
256.5		2857.14
256.625		2857.14
256.75		2857.14
256.875		2857.14
257		2857.14
257.125		2857.14
257.25		2857.14
257.375		2857.14
257.5		2857.14
257.625		2857.14
257.75		2857.14
257.875		2857.14
258		2857.14
258.125		3000
258.25		3000
258.375		3000
258.5		3000
258.625		3000
258.75		3000
258.875		3000
259		3000
259.125		3000
259.25		3000
259.375		3000
259.5		3000
259.625		3000
259.75		3000
259.875		3000
260		3000
260.125		3000
260.25		3000
260.375		3000
260.5		3000
260.625		3000
260.75		3000
260.875		3000
261		3000
261.125		3000
261.25		3000
261.375		3000
261.5		3000
261.625		3000
261.75		3000
261.875		3000
262		3000
262.125		3000
262.25		3000
262.375		3000
262.5		3000
262.625		3000
262.75		3000
262.875		3000
263		3000
263.125		3000
263.25		3000
263.375		3000
263.5		3000
263.625		3000
263.75		3000
263.875		3000
264		3000
264.125		3000
264.25		3000
264.375		3000
264.5		3000
264.625		3000
264.75		3000
264.875		3000
265		3000
265.125		3000
265.25		3000
265.375		3000
265.5		3000
265.625		3000
265.75		3000
265.875		3000
266		3000
266.125		3000
266.25		3000
266.375		3000
266.5		3000
266.625		3000
266.75		3000
266.875		3000
267		3000
267.125		3000
267.25		3000
267.375		3000
267.5		3000
267.625		3000
267.75		3000
267.875		3000
268		3000
268.125		3142.86
268.25		3142.86
268.375		3142.86
268.5		3142.86
268.625		3142.86
268.75		3142.86
268.875		3142.86
269		3142.86
269.125		3142.86
269.25		3142.86
269.375		3142.86
269.5		3142.86
269.625		3142.86
269.75		3142.86
269.875		3142.86
270		3142.86
270.125		3142.86
270.25		3142.86
270.375		3142.86
270.5		3142.86
270.625		3142.86
270.75		3142.86
270.875		3142.86
271		3142.86
271.125		3142.86
271.25		3142.86
271.375		3142.86
271.5		3142.86
271.625		3142.86
271.75		3142.86
271.875		3142.86
272		3142.86
272.125		3142.86
272.25		3142.86
272.375		3142.86
272.5		3142.86
272.625		3142.86
272.75		3142.86
272.875		3142.86
273		3142.86
273.125		3142.86
273.25		3142.86
273.375		3142.86
273.5		3142.86
273.625		3142.86
273.75		3142.86
273.875		3142.86
274		3142.86
274.125		3142.86
274.25		3142.86
274.375		3142.86
274.5		3142.86
274.625		3142.86
274.75		3142.86
274.875		3142.86
275		3142.86
275.125		3142.86
275.25		3142.86
275.375		3142.86
275.5		3142.86
275.625		3142.86
275.75		3142.86
275.875		3142.86
276		3142.86
276.125		3142.86
276.25		3142.86
276.375		3142.86
276.5		3142.86
276.625		3142.86
276.75		3142.86
276.875		3142.86
277		3142.86
277.125		3142.86
277.25		3142.86
277.375		3142.86
277.5		3142.86
277.625		3142.86
277.75		3142.86
277.875		3142.86
278		3142.86
278.125		3142.86
278.25		3142.86
278.375		3142.86
278.5		3142.86
278.625		3142.86
278.75		3142.86
278.875		3142.86
279		3142.86
279.125		3142.86
279.25		3142.86
279.375		3142.86
279.5		3142.86
279.625		3142.86
279.75		3142.86
279.875		3142.86
280		3142.86
280.125		3142.86
280.25		3142.86
280.375		3142.86
280.5		3142.86
280.625		3142.86
280.75		3142.86
280.875		3142.86
281		3142.86
281.125		3142.86
281.25		3142.86
281.375		3142.86
281.5		3142.86
281.625		3142.86
281.75		3142.86
281.875		3142.86
282		3142.86
282.125		3142.86
282.25		3142.86
282.375		3142.86
282.5		3142.86
282.625		3142.86
282.75		3142.86
282.875		3142.86
283		3142.86
283.125		3142.86
283.25		3142.86
283.375		3142.86
283.5		3142.86
283.625		3142.86
283.75		3142.86
283.875		3142.86
284		3142.86
284.125		3142.86
284.25		3142.86
284.375		3142.86
284.5		3142.86
284.625		3142.86
284.75		3142.86
284.875		3142.86
285		3142.86
285.125		3142.86
285.25		3142.86
285.375		3142.86
285.5		3142.86
285.625		3142.86
285.75		3142.86
285.875		3142.86
286		3142.86
286.125		3142.86
286.25		3142.86
286.375		3142.86
286.5		3142.86
286.625		3142.86
286.75		3142.86
286.875		3142.86
287		3142.86
287.125		3285.71
287.25		3285.71
287.375		3285.71
287.5		3285.71
287.625		3285.71
287.75		3285.71
287.875		3285.71
288		3285.71
288.125		3285.71
288.25		3285.71
288.375		3285.71
288.5		3285.71
288.625		3285.71
288.75		3285.71
288.875		3285.71
289		3285.71
289.125		3285.71
289.25		3285.71
289.375		3285.71
289.5		3285.71
289.625		3285.71
289.75		3285.71
289.875		3285.71
290		3285.71
290.125		3285.71
290.25		3285.71
290.375		3285.71
290.5		3285.71
290.625		3285.71
290.75		3285.71
290.875		3285.71
291		3285.71
291.125		3285.71
291.25		3285.71
291.375		3285.71
291.5		3285.71
291.625		3285.71
291.75		3285.71
291.875		3285.71
292		3285.71
292.125		3285.71
292.25		3285.71
292.375		3285.71
292.5		3285.71
292.625		3285.71
292.75		3285.71
292.875		3285.71
293		3285.71
293.125		3285.71
293.25		3285.71
293.375		3285.71
293.5		3285.71
293.625		3285.71
293.75		3285.71
293.875		3285.71
294		3285.71
294.125		3285.71
294.25		3285.71
294.375		3285.71
294.5		3285.71
294.625		3285.71
294.75		3285.71
294.875		3285.71
295		3285.71
295.125		3285.71
295.25		3285.71
295.375		3285.71
295.5		3285.71
295.625		3285.71
295.75		3285.71
295.875		3285.71
296		3285.71
296.125		3285.71
296.25		3285.71
296.375		3285.71
296.5		3285.71
296.625		3285.71
296.75		3285.71
296.875		3285.71
297		3285.71
297.125		3285.71
297.25		3285.71
297.375		3285.71
297.5		3285.71
297.625		3285.71
297.75		3285.71
297.875		3285.71
298		3285.71
298.125		3285.71
298.25		3285.71
298.375		3285.71
298.5		3285.71
298.625		3285.71
298.75		3285.71
298.875		3285.71
299		3285.71
299.125		3285.71
299.25		3285.71
299.375		3285.71
299.5		3285.71
299.625		3285.71
299.75		3285.71
299.875		3285.71
300		3285.71
300.125		3428.57
300.25		3428.57
300.375		3428.57
300.5		3428.57
300.625		3428.57
300.75		3428.57
300.875		3428.57
301		3428.57
301.125		3428.57
301.25		3428.57
301.375		3428.57
301.5		3428.57
301.625		3428.57
301.75		3428.57
301.875		3428.57
302		3428.57
302.125		3428.57
302.25		3428.57
302.375		3428.57
302.5		3428.57
302.625		3428.57
302.75		3428.57
302.875		3428.57
303		3428.57
303.125		3428.57
303.25		3428.57
303.375		3428.57
303.5		3428.57
303.625		3428.57
303.75		3428.57
303.875		3428.57
304		3428.57
304.125		3428.57
304.25		3428.57
304.375		3428.57
304.5		3428.57
304.625		3428.57
304.75		3428.57
304.875		3428.57
305		3428.57
305.125		3571.43
305.25		3571.43
305.375		3571.43
305.5		3571.43
305.625		3571.43
305.75		3571.43
305.875		3571.43
306		3571.43
306.125		3571.43
306.25		3571.43
306.375		3571.43
306.5		3571.43
306.625		3571.43
306.75		3571.43
306.875		3571.43
307		3571.43
307.125		3571.43
307.25		3571.43
307.375		3571.43
307.5		3571.43
307.625		3571.43
307.75		3571.43
307.875		3571.43
308		3571.43
308.125		3571.43
308.25		3571.43
308.375		3571.43
308.5		3571.43
308.625		3571.43
308.75		3571.43
308.875		3571.43
309		3571.43
309.125		3571.43
309.25		3571.43
309.375		3571.43
309.5		3571.43
309.625		3571.43
309.75		3571.43
309.875		3571.43
310		3571.43
310.125		3714.29
310.25		3714.29
310.375		3714.29
310.5		3714.29
310.625		3714.29
310.75		3714.29
310.875		3714.29
311		3714.29
311.125		3714.29
311.25		3714.29
311.375		3714.29
311.5		3714.29
311.625		3714.29
311.75		3714.29
311.875		3714.29
312		3714.29
312.125		3714.29
312.25		3714.29
312.375		3714.29
312.5		3714.29
312.625		3714.29
312.75		3714.29
312.875		3714.29
313		3714.29
313.125		3857.14
313.25		3857.14
313.375		3857.14
313.5		3857.14
313.625		3857.14
313.75		3857.14
313.875		3857.14
314		3857.14
314.125		3857.14
314.25		3857.14
314.375		3857.14
314.5		3857.14
314.625		3857.14
314.75		3857.14
314.875		3857.14
315		3857.14
315.125		3857.14
315.25		3857.14
315.375		3857.14
315.5		3857.14
315.625		3857.14
315.75		3857.14
315.875		3857.14
316		3857.14
316.125		3857.14
316.25		3857.14
316.375		3857.14
316.5		3857.14
316.625		3857.14
316.75		3857.14
316.875		3857.14
317		3857.14
317.125		3857.14
317.25		3857.14
317.375		3857.14
317.5		3857.14
317.625		3857.14
317.75		3857.14
317.875		3857.14
318		3857.14
318.125		3857.14
318.25		3857.14
318.375		3857.14
318.5		3857.14
318.625		3857.14
318.75		3857.14
318.875		3857.14
319		3857.14
319.125		3857.14
319.25		3857.14
319.375		3857.14
319.5		3857.14
319.625		3857.14
319.75		3857.14
319.875		3857.14
320		3857.14
320.125		3857.14
320.25		3857.14
320.375		3857.14
320.5		3857.14
320.625		3857.14
320.75		3857.14
320.875		3857.14
321		3857.14
321.125		3857.14
321.25		3857.14
321.375		3857.14
321.5		3857.14
321.625		3857.14
321.75		3857.14
321.875		3857.14
322		3857.14
322.125		4000
322.25		4000
322.375		4000
322.5		4000
322.625		4000
322.75		4000
322.875		4000
323		4000
323.125		4000
323.25		4000
323.375		4000
323.5		4000
323.625		4000
323.75		4000
323.875		4000
324		4000
324.125		4000
324.25		4000
324.375		4000
324.5		4000
324.625		4000
324.75		4000
324.875		4000
325		4000
325.125		4000
325.25		4000
325.375		4000
325.5		4000
325.625		4000
325.75		4000
325.875		4000
326		4000
326.125		4000
326.25		4000
326.375		4000
326.5		4000
326.625		4000
326.75		4000
326.875		4000
327		4000
327.125		4000
327.25		4000
327.375		4000
327.5		4000
327.625		4000
327.75		4000
327.875		4000
328		4000
328.125		4000
328.25		4000
328.375		4000
328.5		4000
328.625		4000
328.75		4000
328.875		4000
329		4000
329.125		4000
329.25		4000
329.375		4000
329.5		4000
329.625		4000
329.75		4000
329.875		4000
330		4000
330.125		4000
330.25		4000
330.375		4000
330.5		4000
330.625		4000
330.75		4000
330.875		4000
331		4000
331.125		4000
331.25		4000
331.375		4000
331.5		4000
331.625		4000
331.75		4000
331.875		4000
332		4000
332.125		4000
332.25		4000
332.375		4000
332.5		4000
332.625		4000
332.75		4000
332.875		4000
333		4000
333.125		4000
333.25		4000
333.375		4000
333.5		4000
333.625		4000
333.75		4000
333.875		4000
334		4000
334.125		4000
334.25		4000
334.375		4000
334.5		4000
334.625		4000
334.75		4000
334.875		4000
335		4000
335.125		4000
335.25		4000
335.375		4000
335.5		4000
335.625		4000
335.75		4000
335.875		4000
336		4000
336.125		4000
336.25		4000
336.375		4000
336.5		4000
336.625		4000
336.75		4000
336.875		4000
337		4000
337.125		4000
337.25		4000
337.375		4000
337.5		4000
337.625		4000
337.75		4000
337.875		4000
338		4000
338.125		4000
338.25		4000
338.375		4000
338.5		4000
338.625		4000
338.75		4000
338.875		4000
339		4000
339.125		4000
339.25		4000
339.375		4000
339.5		4000
339.625		4000
339.75		4000
339.875		4000
340		4000
340.125		4000
340.25		4000
340.375		4000
340.5		4000
340.625		4000
340.75		4000
340.875		4000
341		4000
341.125		4000
341.25		4000
341.375		4000
341.5		4000
341.625		4000
341.75		4000
341.875		4000
342		4000
342.125		4000
342.25		4000
342.375		4000
342.5		4000
342.625		4000
342.75		4000
342.875		4000
343		4000
343.125		4000
343.25		4000
343.375		4000
343.5		4000
343.625		4000
343.75		4000
343.875		4000
344		4000
344.125		4000
344.25		4000
344.375		4000
344.5		4000
344.625		4000
344.75		4000
344.875		4000
345		4000
345.125		4000
345.25		4000
345.375		4000
345.5		4000
345.625		4000
345.75		4000
345.875		4000
346		4000
346.125		4000
346.25		4000
346.375		4000
346.5		4000
346.625		4000
346.75		4000
346.875		4000
347		4000
347.125		4000
347.25		4000
347.375		4000
347.5		4000
347.625		4000
347.75		4000
347.875		4000
348		4000
348.125		4000
348.25		4000
348.375		4000
348.5		4000
348.625		4000
348.75		4000
348.875		4000
349		4000
349.125		4000
349.25		4000
349.375		4000
349.5		4000
349.625		4000
349.75		4000
349.875		4000
350		4000
350.125		4000
350.25		4000
350.375		4000
350.5		4000
350.625		4000
350.75		4000
350.875		4000
351		4000
351.125		4142.86
351.25		4142.86
351.375		4142.86
351.5		4142.86
351.625		4142.86
351.75		4142.86
351.875		4142.86
352		4142.86
352.125		4142.86
352.25		4142.86
352.375		4142.86
352.5		4142.86
352.625		4142.86
352.75		4142.86
352.875		4142.86
353		4142.86
353.125		4142.86
353.25		4142.86
353.375		4142.86
353.5		4142.86
353.625		4142.86
353.75		4142.86
353.875		4142.86
354		4142.86
354.125		4142.86
354.25		4142.86
354.375		4142.86
354.5		4142.86
354.625		4142.86
354.75		4142.86
354.875		4142.86
355		4142.86
355.125		4142.86
355.25		4142.86
355.375		4142.86
355.5		4142.86
355.625		4142.86
355.75		4142.86
355.875		4142.86
356		4142.86
356.125		4142.86
356.25		4142.86
356.375		4142.86
356.5		4142.86
356.625		4142.86
356.75		4142.86
356.875		4142.86
357		4142.86
357.125		4142.86
357.25		4142.86
357.375		4142.86
357.5		4142.86
357.625		4142.86
357.75		4142.86
357.875		4142.86
358		4142.86
358.125		4142.86
358.25		4142.86
358.375		4142.86
358.5		4142.86
358.625		4142.86
358.75		4142.86
358.875		4142.86
359		4142.86
359.125		4142.86
359.25		4142.86
359.375		4142.86
359.5		4142.86
359.625		4142.86
359.75		4142.86
359.875		4142.86
360		4142.86
360.125		4142.86
360.25		4142.86
360.375		4142.86
360.5		4142.86
360.625		4142.86
360.75		4142.86
360.875		4142.86
361		4142.86
361.125		4142.86
361.25		4142.86
361.375		4142.86
361.5		4142.86
361.625		4142.86
361.75		4142.86
361.875		4142.86
362		4142.86
362.125		4142.86
362.25		4142.86
362.375		4142.86
362.5		4142.86
362.625		4142.86
362.75		4142.86
362.875		4142.86
363		4142.86
363.125		4142.86
363.25		4142.86
363.375		4142.86
363.5		4142.86
363.625		4142.86
363.75		4142.86
363.875		4142.86
364		4142.86
364.125		4142.86
364.25		4142.86
364.375		4142.86
364.5		4142.86
364.625		4142.86
364.75		4142.86
364.875		4142.86
365		4142.86
365.125		4142.86
365.25		4142.86
365.375		4142.86
365.5		4142.86
365.625		4142.86
365.75		4142.86
365.875		4142.86
366		4142.86
366.125		4142.86
366.25		4142.86
366.375		4142.86
366.5		4142.86
366.625		4142.86
366.75		4142.86
366.875		4142.86
367		4142.86
367.125		4142.86
367.25		4142.86
367.375		4142.86
367.5		4142.86
367.625		4142.86
367.75		4142.86
367.875		4142.86
368		4142.86
368.125		4142.86
368.25		4142.86
368.375		4142.86
368.5		4142.86
368.625		4142.86
368.75		4142.86
368.875		4142.86
369		4142.86
369.125		4142.86
369.25		4142.86
369.375		4142.86
369.5		4142.86
369.625		4142.86
369.75		4142.86
369.875		4142.86
370		4142.86
370.125		4142.86
370.25		4142.86
370.375		4142.86
370.5		4142.86
370.625		4142.86
370.75		4142.86
370.875		4142.86
371		4142.86
371.125		4142.86
371.25		4142.86
371.375		4142.86
371.5		4142.86
371.625		4142.86
371.75		4142.86
371.875		4142.86
372		4142.86
372.125		4142.86
372.25		4142.86
372.375		4142.86
372.5		4142.86
372.625		4142.86
372.75		4142.86
372.875		4142.86
373		4142.86
373.125		4285.71
373.25		4285.71
373.375		4285.71
373.5		4285.71
373.625		4285.71
373.75		4285.71
373.875		4285.71
374		4285.71
374.125		4285.71
374.25		4285.71
374.375		4285.71
374.5		4285.71
374.625		4285.71
374.75		4285.71
374.875		4285.71
375		4285.71
375.125		4285.71
375.25		4285.71
375.375		4285.71
375.5		4285.71
375.625		4285.71
375.75		4285.71
375.875		4285.71
376		4285.71
376.125		4285.71
376.25		4285.71
376.375		4285.71
376.5		4285.71
376.625		4285.71
376.75		4285.71
376.875		4285.71
377		4285.71
377.125		4285.71
377.25		4285.71
377.375		4285.71
377.5		4285.71
377.625		4285.71
377.75		4285.71
377.875		4285.71
378		4285.71
378.125		4285.71
378.25		4285.71
378.375		4285.71
378.5		4285.71
378.625		4285.71
378.75		4285.71
378.875		4285.71
379		4285.71
379.125		4285.71
379.25		4285.71
379.375		4285.71
379.5		4285.71
379.625		4285.71
379.75		4285.71
379.875		4285.71
380		4285.71
380.125		4285.71
380.25		4285.71
380.375		4285.71
380.5		4285.71
380.625		4285.71
380.75		4285.71
380.875		4285.71
381		4285.71
381.125		4285.71
381.25		4285.71
381.375		4285.71
381.5		4285.71
381.625		4285.71
381.75		4285.71
381.875		4285.71
382		4285.71
382.125		4285.71
382.25		4285.71
382.375		4285.71
382.5		4285.71
382.625		4285.71
382.75		4285.71
382.875		4285.71
383		4285.71
383.125		4285.71
383.25		4285.71
383.375		4285.71
383.5		4285.71
383.625		4285.71
383.75		4285.71
383.875		4285.71
384		4285.71
384.125		4285.71
384.25		4285.71
384.375		4285.71
384.5		4285.71
384.625		4285.71
384.75		4285.71
384.875		4285.71
385		4285.71
385.125		4285.71
385.25		4285.71
385.375		4285.71
385.5		4285.71
385.625		4285.71
385.75		4285.71
385.875		4285.71
386		4285.71
386.125		4285.71
386.25		4285.71
386.375		4285.71
386.5		4285.71
386.625		4285.71
386.75		4285.71
386.875		4285.71
387		4285.71
387.125		4285.71
387.25		4285.71
387.375		4285.71
387.5		4285.71
387.625		4285.71
387.75		4285.71
387.875		4285.71
388		4285.71
388.125		4285.71
388.25		4285.71
388.375		4285.71
388.5		4285.71
388.625		4285.71
388.75		4285.71
388.875		4285.71
389		4285.71
389.125		4285.71
389.25		4285.71
389.375		4285.71
389.5		4285.71
389.625		4285.71
389.75		4285.71
389.875		4285.71
390		4285.71
390.125		4285.71
390.25		4285.71
390.375		4285.71
390.5		4285.71
390.625		4285.71
390.75		4285.71
390.875		4285.71
391		4285.71
391.125		4285.71
391.25		4285.71
391.375		4285.71
391.5		4285.71
391.625		4285.71
391.75		4285.71
391.875		4285.71
392		4285.71
392.125		4285.71
392.25		4285.71
392.375		4285.71
392.5		4285.71
392.625		4285.71
392.75		4285.71
392.875		4285.71
393		4285.71
393.125		4285.71
393.25		4285.71
393.375		4285.71
393.5		4285.71
393.625		4285.71
393.75		4285.71
393.875		4285.71
394		4285.71
394.125		4285.71
394.25		4285.71
394.375		4285.71
394.5		4285.71
394.625		4285.71
394.75		4285.71
394.875		4285.71
395		4285.71
395.125		4285.71
395.25		4285.71
395.375		4285.71
395.5		4285.71
395.625		4285.71
395.75		4285.71
395.875		4285.71
396		4285.71
396.125		4285.71
396.25		4285.71
396.375		4285.71
396.5		4285.71
396.625		4285.71
396.75		4285.71
396.875		4285.71
397		4285.71
397.125		4285.71
397.25		4285.71
397.375		4285.71
397.5		4285.71
397.625		4285.71
397.75		4285.71
397.875		4285.71
398		4285.71
398.125		4285.71
398.25		4285.71
398.375		4285.71
398.5		4285.71
398.625		4285.71
398.75		4285.71
398.875		4285.71
399		4285.71
399.125		4285.71
399.25		4285.71
399.375		4285.71
399.5		4285.71
399.625		4285.71
399.75		4285.71
399.875		4285.71
400		4285.71
400.125		4285.71
400.25		4285.71
400.375		4285.71
400.5		4285.71
400.625		4285.71
400.75		4285.71
400.875		4285.71
401		4285.71
401.125		4285.71
401.25		4285.71
401.375		4285.71
401.5		4285.71
401.625		4285.71
401.75		4285.71
401.875		4285.71
402		4285.71
402.125		4285.71
402.25		4285.71
402.375		4285.71
402.5		4285.71
402.625		4285.71
402.75		4285.71
402.875		4285.71
403		4285.71
403.125		4285.71
403.25		4285.71
403.375		4285.71
403.5		4285.71
403.625		4285.71
403.75		4285.71
403.875		4285.71
404		4285.71
404.125		4285.71
404.25		4285.71
404.375		4285.71
404.5		4285.71
404.625		4285.71
404.75		4285.71
404.875		4285.71
405		4285.71
405.125		4428.57
405.25		4428.57
405.375		4428.57
405.5		4428.57
405.625		4428.57
405.75		4428.57
405.875		4428.57
406		4428.57
406.125		4428.57
406.25		4428.57
406.375		4428.57
406.5		4428.57
406.625		4428.57
406.75		4428.57
406.875		4428.57
407		4428.57
407.125		4428.57
407.25		4428.57
407.375		4428.57
407.5		4428.57
407.625		4428.57
407.75		4428.57
407.875		4428.57
408		4428.57
408.125		4428.57
408.25		4428.57
408.375		4428.57
408.5		4428.57
408.625		4428.57
408.75		4428.57
408.875		4428.57
409		4428.57
409.125		4428.57
409.25		4428.57
409.375		4428.57
409.5		4428.57
409.625		4428.57
409.75		4428.57
409.875		4428.57
410		4428.57
410.125		4428.57
410.25		4428.57
410.375		4428.57
410.5		4428.57
410.625		4428.57
410.75		4428.57
410.875		4428.57
411		4428.57
411.125		4428.57
411.25		4428.57
411.375		4428.57
411.5		4428.57
411.625		4428.57
411.75		4428.57
411.875		4428.57
412		4428.57
412.125		4428.57
412.25		4428.57
412.375		4428.57
412.5		4428.57
412.625		4428.57
412.75		4428.57
412.875		4428.57
413		4428.57
413.125		4428.57
413.25		4428.57
413.375		4428.57
413.5		4428.57
413.625		4428.57
413.75		4428.57
413.875		4428.57
414		4428.57
414.125		4428.57
414.25		4428.57
414.375		4428.57
414.5		4428.57
414.625		4428.57
414.75		4428.57
414.875		4428.57
415		4428.57
415.125		4428.57
415.25		4428.57
415.375		4428.57
415.5		4428.57
415.625		4428.57
415.75		4428.57
415.875		4428.57
416		4428.57
416.125		4571.43
416.25		4571.43
416.375		4571.43
416.5		4571.43
416.625		4571.43
416.75		4571.43
416.875		4571.43
417		4571.43
417.125		4571.43
417.25		4571.43
417.375		4571.43
417.5		4571.43
417.625		4571.43
417.75		4571.43
417.875		4571.43
418		4571.43
418.125		4571.43
418.25		4571.43
418.375		4571.43
418.5		4571.43
418.625		4571.43
418.75		4571.43
418.875		4571.43
419		4571.43
419.125		4571.43
419.25		4571.43
419.375		4571.43
419.5		4571.43
419.625		4571.43
419.75		4571.43
419.875		4571.43
420		4571.43
420.125		4571.43
420.25		4571.43
420.375		4571.43
420.5		4571.43
420.625		4571.43
420.75		4571.43
420.875		4571.43
421		4571.43
421.125		4571.43
421.25		4571.43
421.375		4571.43
421.5		4571.43
421.625		4571.43
421.75		4571.43
421.875		4571.43
422		4571.43
422.125		4571.43
422.25		4571.43
422.375		4571.43
422.5		4571.43
422.625		4571.43
422.75		4571.43
422.875		4571.43
423		4571.43
423.125		4571.43
423.25		4571.43
423.375		4571.43
423.5		4571.43
423.625		4571.43
423.75		4571.43
423.875		4571.43
424		4571.43
424.125		4571.43
424.25		4571.43
424.375		4571.43
424.5		4571.43
424.625		4571.43
424.75		4571.43
424.875		4571.43
425		4571.43
425.125		4571.43
425.25		4571.43
425.375		4571.43
425.5		4571.43
425.625		4571.43
425.75		4571.43
425.875		4571.43
426		4571.43
426.125		4571.43
426.25		4571.43
426.375		4571.43
426.5		4571.43
426.625		4571.43
426.75		4571.43
426.875		4571.43
427		4571.43
427.125		4571.43
427.25		4571.43
427.375		4571.43
427.5		4571.43
427.625		4571.43
427.75		4571.43
427.875		4571.43
428		4571.43
428.125		4571.43
428.25		4571.43
428.375		4571.43
428.5		4571.43
428.625		4571.43
428.75		4571.43
428.875		4571.43
429		4571.43
429.125		4571.43
429.25		4571.43
429.375		4571.43
429.5		4571.43
429.625		4571.43
429.75		4571.43
429.875		4571.43
430		4571.43
430.125		4571.43
430.25		4571.43
430.375		4571.43
430.5		4571.43
430.625		4571.43
430.75		4571.43
430.875		4571.43
431		4571.43
431.125		4571.43
431.25		4571.43
431.375		4571.43
431.5		4571.43
431.625		4571.43
431.75		4571.43
431.875		4571.43
432		4571.43
432.125		4571.43
432.25		4571.43
432.375		4571.43
432.5		4571.43
432.625		4571.43
432.75		4571.43
432.875		4571.43
433		4571.43
433.125		4571.43
433.25		4571.43
433.375		4571.43
433.5		4571.43
433.625		4571.43
433.75		4571.43
433.875		4571.43
434		4571.43
434.125		4571.43
434.25		4571.43
434.375		4571.43
434.5		4571.43
434.625		4571.43
434.75		4571.43
434.875		4571.43
435		4571.43
435.125		4571.43
435.25		4571.43
435.375		4571.43
435.5		4571.43
435.625		4571.43
435.75		4571.43
435.875		4571.43
436		4571.43
436.125		4571.43
436.25		4571.43
436.375		4571.43
436.5		4571.43
436.625		4571.43
436.75		4571.43
436.875		4571.43
437		4571.43
437.125		4571.43
437.25		4571.43
437.375		4571.43
437.5		4571.43
437.625		4571.43
437.75		4571.43
437.875		4571.43
438		4571.43
438.125		4571.43
438.25		4571.43
438.375		4571.43
438.5		4571.43
438.625		4571.43
438.75		4571.43
438.875		4571.43
439		4571.43
439.125		4571.43
439.25		4571.43
439.375		4571.43
439.5		4571.43
439.625		4571.43
439.75		4571.43
439.875		4571.43
440		4571.43
440.125		4571.43
440.25		4571.43
440.375		4571.43
440.5		4571.43
440.625		4571.43
440.75		4571.43
440.875		4571.43
441		4571.43
441.125		4571.43
441.25		4571.43
441.375		4571.43
441.5		4571.43
441.625		4571.43
441.75		4571.43
441.875		4571.43
442		4571.43
442.125		4571.43
442.25		4571.43
442.375		4571.43
442.5		4571.43
442.625		4571.43
442.75		4571.43
442.875		4571.43
443		4571.43
443.125		4571.43
443.25		4571.43
443.375		4571.43
443.5		4571.43
443.625		4571.43
443.75		4571.43
443.875		4571.43
444		4571.43
444.125		4571.43
444.25		4571.43
444.375		4571.43
444.5		4571.43
444.625		4571.43
444.75		4571.43
444.875		4571.43
445		4571.43
445.125		4571.43
445.25		4571.43
445.375		4571.43
445.5		4571.43
445.625		4571.43
445.75		4571.43
445.875		4571.43
446		4571.43
446.125		4571.43
446.25		4571.43
446.375		4571.43
446.5		4571.43
446.625		4571.43
446.75		4571.43
446.875		4571.43
447		4571.43
447.125		4714.29
447.25		4714.29
447.375		4714.29
447.5		4714.29
447.625		4714.29
447.75		4714.29
447.875		4714.29
448		4714.29
448.125		4714.29
448.25		4714.29
448.375		4714.29
448.5		4714.29
448.625		4714.29
448.75		4714.29
448.875		4714.29
449		4714.29
449.125		4714.29
449.25		4714.29
449.375		4714.29
449.5		4714.29
449.625		4714.29
449.75		4714.29
449.875		4714.29
450		4714.29
450.125		4714.29
450.25		4714.29
450.375		4714.29
450.5		4714.29
450.625		4714.29
450.75		4714.29
450.875		4714.29
451		4714.29
451.125		4714.29
451.25		4714.29
451.375		4714.29
451.5		4714.29
451.625		4714.29
451.75		4714.29
451.875		4714.29
452		4714.29
452.125		4714.29
452.25		4714.29
452.375		4714.29
452.5		4714.29
452.625		4714.29
452.75		4714.29
452.875		4714.29
453		4714.29
453.125		4714.29
453.25		4714.29
453.375		4714.29
453.5		4714.29
453.625		4714.29
453.75		4714.29
453.875		4714.29
454		4714.29
454.125		4714.29
454.25		4714.29
454.375		4714.29
454.5		4714.29
454.625		4714.29
454.75		4714.29
454.875		4714.29
455		4714.29
455.125		4714.29
455.25		4714.29
455.375		4714.29
455.5		4714.29
455.625		4714.29
455.75		4714.29
455.875		4714.29
456		4714.29
456.125		4714.29
456.25		4714.29
456.375		4714.29
456.5		4714.29
456.625		4714.29
456.75		4714.29
456.875		4714.29
457		4714.29
457.125		4714.29
457.25		4714.29
457.375		4714.29
457.5		4714.29
457.625		4714.29
457.75		4714.29
457.875		4714.29
458		4714.29
458.125		4714.29
458.25		4714.29
458.375		4714.29
458.5		4714.29
458.625		4714.29
458.75		4714.29
458.875		4714.29
459		4714.29
459.125		0
459.25		0
459.375		0
459.5		0
459.625		0
459.75		0
459.875		0
460		0
460.125		0
460.25		0
460.375		0
460.5		0
460.625		0
460.75		0
460.875		0
461		0
461.125		0
461.25		0
461.375		0
461.5		0
461.625		0
461.75		0
461.875		0
462		0
462.125		0
462.25		0
462.375		0
462.5		0
462.625		0
462.75		0
462.875		0
463		0
463.125		0
463.25		0
463.375		0
463.5		0
463.625		0
463.75		0
463.875		0
464		0
464.125		0
464.25		0
464.375		0
464.5		0
464.625		0
464.75		0
464.875		0
465		0
465.125		0
465.25		0
465.375		0
465.5		0
465.625		0
465.75		0
465.875		0
466		0
466.125		0
466.25		0
466.375		0
466.5		0
466.625		0
466.75		0
466.875		0
467		0
467.125		0
467.25		0
467.375		0
467.5		0
467.625		0
467.75		0
467.875		0
468		0
468.125		0
468.25		0
468.375		0
468.5		0
468.625		0
468.75		0
468.875		0
469		0
469.125		0
469.25		0
469.375		0
469.5		0
469.625		0
469.75		0
469.875		0
470		0
470.125		0
470.25		0
470.375		0
470.5		0
470.625		0
470.75		0
470.875		0
471		0
471.125		0
471.25		0
471.375		0
471.5		0
471.625		0
471.75		0
471.875		0
472		0
472.125		0
472.25		0
472.375		0
472.5		0
472.625		0
472.75		0
472.875		0
473		0
473.125		0
473.25		0
473.375		0
473.5		0
473.625		0
473.75		0
473.875		0
474		0
474.125		0
474.25		0
474.375		0
474.5		0
474.625		0
474.75		0
474.875		0
475		0
475.125		0
475.25		0
475.375		0
475.5		0
475.625		0
475.75		0
475.875		0
476		0
476.125		0
476.25		0
476.375		0
476.5		0
476.625		0
476.75		0
476.875		0
477		0
477.125		0
477.25		0
477.375		0
477.5		0
477.625		0
477.75		0
477.875		0
478		0
478.125		0
478.25		0
478.375		0
478.5		0
478.625		0
478.75		0
478.875		0
479		0
479.125		0
479.25		0
479.375		0
479.5		0
479.625		0
479.75		0
479.875		0
480		0
480.125		0
480.25		0
480.375		0
480.5		0
480.625		0
480.75		0
480.875		0
481		0
481.125		0
481.25		0
481.375		0
481.5		0
481.625		0
481.75		0
481.875		0
482		0
482.125		0
482.25		0
482.375		0
482.5		0
482.625		0
482.75		0
482.875		0
483		0
483.125		0
483.25		0
483.375		0
483.5		0
483.625		0
483.75		0
483.875		0
484		0
484.125		0
484.25		0
484.375		0
484.5		0
484.625		0
484.75		0
484.875		0
485		0
485.125		0
485.25		0
485.375		0
485.5		0
485.625		0
485.75		0
485.875		0
486		0
486.125		0
486.25		0
486.375		0
486.5		0
486.625		0
486.75		0
486.875		0
487		0
487.125		0
487.25		0
487.375		0
487.5		0
487.625		0
487.75		0
487.875		0
488		0
488.125		0
488.25		0
488.375		0
488.5		0
488.625		0
488.75		0
488.875		0
489		0
489.125		0
489.25		0
489.375		0
489.5		0
489.625		0
489.75		0
489.875		0
490		0
490.125		0
490.25		0
490.375		0
490.5		0
490.625		0
490.75		0
490.875		0
491		0
491.125		0
491.25		0
491.375		0
491.5		0
491.625		0
491.75		0
491.875		0
492		0
492.125		0
492.25		0
492.375		0
492.5		0
492.625		0
492.75		0
492.875		0
493		0
493.125		0
493.25		0
493.375		0
493.5		0
493.625		0
493.75		0
493.875		0
494		0
494.125		0
494.25		0
494.375		0
494.5		0
494.625		0
494.75		0
494.875		0
495		0
495.125		0
495.25		0
495.375		0
495.5		0
495.625		0
495.75		0
495.875		0
496		0
496.125		0
496.25		0
496.375		0
496.5		0
496.625		0
496.75		0
496.875		0
497		0
497.125		0
497.25		0
497.375		0
497.5		0
497.625		0
497.75		0
497.875		0
498		0
498.125		0
498.25		0
498.375		0
498.5		0
498.625		0
498.75		0
498.875		0
499		0
499.125		0
499.25		0
499.375		0
499.5		0
499.625		0
499.75		0
499.875		0
500		0
