# Calibration file of tamex_id 1 @ channel 29
# fine_T bin		 Calibration value
0.125		0
0.25		0
0.375		0
0.5		0
0.625		0
0.75		0
0.875		0
1		0
1.125		0
1.25		0
1.375		0
1.5		0
1.625		0
1.75		0
1.875		0
2		0
2.125		0
2.25		0
2.375		0
2.5		0
2.625		0
2.75		0
2.875		0
3		0
3.125		0
3.25		0
3.375		0
3.5		0
3.625		0
3.75		0
3.875		0
4		0
4.125		0
4.25		0
4.375		0
4.5		0
4.625		0
4.75		0
4.875		0
5		0
5.125		0
5.25		0
5.375		0
5.5		0
5.625		0
5.75		0
5.875		0
6		0
6.125		0
6.25		0
6.375		0
6.5		0
6.625		0
6.75		0
6.875		0
7		0
7.125		0
7.25		0
7.375		0
7.5		0
7.625		0
7.75		0
7.875		0
8		0
8.125		0
8.25		0
8.375		0
8.5		0
8.625		0
8.75		0
8.875		0
9		0
9.125		0
9.25		0
9.375		0
9.5		0
9.625		0
9.75		0
9.875		0
10		0
10.125		0
10.25		0
10.375		0
10.5		0
10.625		0
10.75		0
10.875		0
11		0
11.125		0
11.25		0
11.375		0
11.5		0
11.625		0
11.75		0
11.875		0
12		0
12.125		0
12.25		0
12.375		0
12.5		0
12.625		0
12.75		0
12.875		0
13		0
13.125		0
13.25		0
13.375		0
13.5		0
13.625		0
13.75		0
13.875		0
14		0
14.125		0
14.25		0
14.375		0
14.5		0
14.625		0
14.75		0
14.875		0
15		0
15.125		0
15.25		0
15.375		0
15.5		0
15.625		0
15.75		0
15.875		0
16		0
16.125		0
16.25		0
16.375		0
16.5		0
16.625		0
16.75		0
16.875		0
17		0
17.125		26.8945
17.25		26.8945
17.375		26.8945
17.5		26.8945
17.625		26.8945
17.75		26.8945
17.875		26.8945
18		26.8945
18.125		45.556
18.25		45.556
18.375		45.556
18.5		45.556
18.625		45.556
18.75		45.556
18.875		45.556
19		45.556
19.125		45.739
19.25		45.739
19.375		45.739
19.5		45.739
19.625		45.739
19.75		45.739
19.875		45.739
20		45.739
20.125		75.5608
20.25		75.5608
20.375		75.5608
20.5		75.5608
20.625		75.5608
20.75		75.5608
20.875		75.5608
21		75.5608
21.125		78.1221
21.25		78.1221
21.375		78.1221
21.5		78.1221
21.625		78.1221
21.75		78.1221
21.875		78.1221
22		78.1221
22.125		83.0619
22.25		83.0619
22.375		83.0619
22.5		83.0619
22.625		83.0619
22.75		83.0619
22.875		83.0619
23		83.0619
23.125		101.723
23.25		101.723
23.375		101.723
23.5		101.723
23.625		101.723
23.75		101.723
23.875		101.723
24		101.723
24.125		104.102
24.25		104.102
24.375		104.102
24.5		104.102
24.625		104.102
24.75		104.102
24.875		104.102
25		104.102
25.125		132.094
25.25		132.094
25.375		132.094
25.5		132.094
25.625		132.094
25.75		132.094
25.875		132.094
26		132.094
26.125		135.387
26.25		135.387
26.375		135.387
26.5		135.387
26.625		135.387
26.75		135.387
26.875		135.387
27		135.387
27.125		140.144
27.25		140.144
27.375		140.144
27.5		140.144
27.625		140.144
27.75		140.144
27.875		140.144
28		140.144
28.125		141.974
28.25		141.974
28.375		141.974
28.5		141.974
28.625		141.974
28.75		141.974
28.875		141.974
29		141.974
29.125		165.209
29.25		165.209
29.375		165.209
29.5		165.209
29.625		165.209
29.75		165.209
29.875		165.209
30		165.209
30.125		180.029
30.25		180.029
30.375		180.029
30.5		180.029
30.625		180.029
30.75		180.029
30.875		180.029
31		180.029
31.125		181.492
31.25		181.492
31.375		181.492
31.5		181.492
31.625		181.492
31.75		181.492
31.875		181.492
32		181.492
32.125		185.151
32.25		185.151
32.375		185.151
32.5		185.151
32.625		185.151
32.75		185.151
32.875		185.151
33		185.151
33.125		195.214
33.25		195.214
33.375		195.214
33.5		195.214
33.625		195.214
33.75		195.214
33.875		195.214
34		195.214
34.125		213.144
34.25		213.144
34.375		213.144
34.5		213.144
34.625		213.144
34.75		213.144
34.875		213.144
35		213.144
35.125		222.84
35.25		222.84
35.375		222.84
35.5		222.84
35.625		222.84
35.75		222.84
35.875		222.84
36		222.84
36.125		228.146
36.25		228.146
36.375		228.146
36.5		228.146
36.625		228.146
36.75		228.146
36.875		228.146
37		228.146
37.125		236.196
37.25		236.196
37.375		236.196
37.5		236.196
37.625		236.196
37.75		236.196
37.875		236.196
38		236.196
38.125		253.211
38.25		253.211
38.375		253.211
38.5		253.211
38.625		253.211
38.75		253.211
38.875		253.211
39		253.211
39.125		257.419
39.25		257.419
39.375		257.419
39.5		257.419
39.625		257.419
39.75		257.419
39.875		257.419
40		257.419
40.125		269.494
40.25		269.494
40.375		269.494
40.5		269.494
40.625		269.494
40.75		269.494
40.875		269.494
41		269.494
41.125		280.654
41.25		280.654
41.375		280.654
41.5		280.654
41.625		280.654
41.75		280.654
41.875		280.654
42		280.654
42.125		309.561
42.25		309.561
42.375		309.561
42.5		309.561
42.625		309.561
42.75		309.561
42.875		309.561
43		309.561
43.125		309.744
43.25		309.744
43.375		309.744
43.5		309.744
43.625		309.744
43.75		309.744
43.875		309.744
44		309.744
44.125		314.318
44.25		314.318
44.375		314.318
44.5		314.318
44.625		314.318
44.75		314.318
44.875		314.318
45		314.318
45.125		316.148
45.25		316.148
45.375		316.148
45.5		316.148
45.625		316.148
45.75		316.148
45.875		316.148
46		316.148
46.125		332.065
46.25		332.065
46.375		332.065
46.5		332.065
46.625		332.065
46.75		332.065
46.875		332.065
47		332.065
47.125		351.458
47.25		351.458
47.375		351.458
47.5		351.458
47.625		351.458
47.75		351.458
47.875		351.458
48		351.458
48.125		355.483
48.25		355.483
48.375		355.483
48.5		355.483
48.625		355.483
48.75		355.483
48.875		355.483
49		355.483
49.125		363.35
49.25		363.35
49.375		363.35
49.5		363.35
49.625		363.35
49.75		363.35
49.875		363.35
50		363.35
50.125		370.486
50.25		370.486
50.375		370.486
50.5		370.486
50.625		370.486
50.75		370.486
50.875		370.486
51		370.486
51.125		395.185
51.25		395.185
51.375		395.185
51.5		395.185
51.625		395.185
51.75		395.185
51.875		395.185
52		395.185
52.125		398.661
52.25		398.661
52.375		398.661
52.5		398.661
52.625		398.661
52.75		398.661
52.875		398.661
53		398.661
53.125		411.102
53.25		411.102
53.375		411.102
53.5		411.102
53.625		411.102
53.75		411.102
53.875		411.102
54		411.102
54.125		415.859
54.25		415.859
54.375		415.859
54.5		415.859
54.625		415.859
54.75		415.859
54.875		415.859
55		415.859
55.125		426.287
55.25		426.287
55.375		426.287
55.5		426.287
55.625		426.287
55.75		426.287
55.875		426.287
56		426.287
56.125		436.167
56.25		436.167
56.375		436.167
56.5		436.167
56.625		436.167
56.75		436.167
56.875		436.167
57		436.167
57.125		452.633
57.25		452.633
57.375		452.633
57.5		452.633
57.625		452.633
57.75		452.633
57.875		452.633
58		452.633
58.125		463.244
58.25		463.244
58.375		463.244
58.5		463.244
58.625		463.244
58.75		463.244
58.875		463.244
59		463.244
59.125		473.673
59.25		473.673
59.375		473.673
59.5		473.673
59.625		473.673
59.75		473.673
59.875		473.673
60		473.673
60.125		500.567
60.25		500.567
60.375		500.567
60.5		500.567
60.625		500.567
60.75		500.567
60.875		500.567
61		500.567
61.125		501.299
61.25		501.299
61.375		501.299
61.5		501.299
61.625		501.299
61.75		501.299
61.875		501.299
62		501.299
62.125		507.154
62.25		507.154
62.375		507.154
62.5		507.154
62.625		507.154
62.75		507.154
62.875		507.154
63		507.154
63.125		517.948
63.25		517.948
63.375		517.948
63.5		517.948
63.625		517.948
63.75		517.948
63.875		517.948
64		517.948
64.125		540.634
64.25		540.634
64.375		540.634
64.5		540.634
64.625		540.634
64.75		540.634
64.875		540.634
65		540.634
65.125		552.344
65.25		552.344
65.375		552.344
65.5		552.344
65.625		552.344
65.75		552.344
65.875		552.344
66		552.344
66.125		559.662
66.25		559.662
66.375		559.662
66.5		559.662
66.625		559.662
66.75		559.662
66.875		559.662
67		559.662
67.125		561.126
67.25		561.126
67.375		561.126
67.5		561.126
67.625		561.126
67.75		561.126
67.875		561.126
68		561.126
68.125		595.704
68.25		595.704
68.375		595.704
68.5		595.704
68.625		595.704
68.75		595.704
68.875		595.704
69		595.704
69.125		597.351
69.25		597.351
69.375		597.351
69.5		597.351
69.625		597.351
69.75		597.351
69.875		597.351
70		597.351
70.125		599.363
70.25		599.363
70.375		599.363
70.5		599.363
70.625		599.363
70.75		599.363
70.875		599.363
71		599.363
71.125		611.621
71.25		611.621
71.375		611.621
71.5		611.621
71.625		611.621
71.75		611.621
71.875		611.621
72		611.621
72.125		634.674
72.25		634.674
72.375		634.674
72.5		634.674
72.625		634.674
72.75		634.674
72.875		634.674
73		634.674
73.125		645.102
73.25		645.102
73.375		645.102
73.5		645.102
73.625		645.102
73.75		645.102
73.875		645.102
74		645.102
74.125		645.834
74.25		645.834
74.375		645.834
74.5		645.834
74.625		645.834
74.75		645.834
74.875		645.834
75		645.834
75.125		658.092
75.25		658.092
75.375		658.092
75.5		658.092
75.625		658.092
75.75		658.092
75.875		658.092
76		658.092
76.125		674.924
76.25		674.924
76.375		674.924
76.5		674.924
76.625		674.924
76.75		674.924
76.875		674.924
77		674.924
77.125		677.302
77.25		677.302
77.375		677.302
77.5		677.302
77.625		677.302
77.75		677.302
77.875		677.302
78		677.302
78.125		697.245
78.25		697.245
78.375		697.245
78.5		697.245
78.625		697.245
78.75		697.245
78.875		697.245
79		697.245
79.125		708.222
79.25		708.222
79.375		708.222
79.5		708.222
79.625		708.222
79.75		708.222
79.875		708.222
80		708.222
80.125		727.249
80.25		727.249
80.375		727.249
80.5		727.249
80.625		727.249
80.75		727.249
80.875		727.249
81		727.249
81.125		734.202
81.25		734.202
81.375		734.202
81.5		734.202
81.625		734.202
81.75		734.202
81.875		734.202
82		734.202
82.125		750.851
82.25		750.851
82.375		750.851
82.5		750.851
82.625		750.851
82.75		750.851
82.875		750.851
83		750.851
83.125		756.888
83.25		756.888
83.375		756.888
83.5		756.888
83.625		756.888
83.75		756.888
83.875		756.888
84		756.888
84.125		783.783
84.25		783.783
84.375		783.783
84.5		783.783
84.625		783.783
84.75		783.783
84.875		783.783
85		783.783
85.125		802.078
85.25		802.078
85.375		802.078
85.5		802.078
85.625		802.078
85.75		802.078
85.875		802.078
86		802.078
86.125		810.128
86.25		810.128
86.375		810.128
86.5		810.128
86.625		810.128
86.75		810.128
86.875		810.128
87		810.128
87.125		813.605
87.25		813.605
87.375		813.605
87.5		813.605
87.625		813.605
87.75		813.605
87.875		813.605
88		813.605
88.125		822.569
88.25		822.569
88.375		822.569
88.5		822.569
88.625		822.569
88.75		822.569
88.875		822.569
89		822.569
89.125		839.767
89.25		839.767
89.375		839.767
89.5		839.767
89.625		839.767
89.75		839.767
89.875		839.767
90		839.767
90.125		842.512
90.25		842.512
90.375		842.512
90.5		842.512
90.625		842.512
90.75		842.512
90.875		842.512
91		842.512
91.125		858.063
91.25		858.063
91.375		858.063
91.5		858.063
91.625		858.063
91.75		858.063
91.875		858.063
92		858.063
92.125		861.905
92.25		861.905
92.375		861.905
92.5		861.905
92.625		861.905
92.75		861.905
92.875		861.905
93		861.905
93.125		872.699
93.25		872.699
93.375		872.699
93.5		872.699
93.625		872.699
93.75		872.699
93.875		872.699
94		872.699
94.125		892.093
94.25		892.093
94.375		892.093
94.5		892.093
94.625		892.093
94.75		892.093
94.875		892.093
95		892.093
95.125		897.032
95.25		897.032
95.375		897.032
95.5		897.032
95.625		897.032
95.75		897.032
95.875		897.032
96		897.032
96.125		905.814
96.25		905.814
96.375		905.814
96.5		905.814
96.625		905.814
96.75		905.814
96.875		905.814
97		905.814
97.125		907.827
97.25		907.827
97.375		907.827
97.5		907.827
97.625		907.827
97.75		907.827
97.875		907.827
98		907.827
98.125		944.784
98.25		944.784
98.375		944.784
98.5		944.784
98.625		944.784
98.75		944.784
98.875		944.784
99		944.784
99.125		946.979
99.25		946.979
99.375		946.979
99.5		946.979
99.625		946.979
99.75		946.979
99.875		946.979
100		946.979
100.125		951.37
100.25		951.37
100.375		951.37
100.5		951.37
100.625		951.37
100.75		951.37
100.875		951.37
101		951.37
101.125		956.676
101.25		956.676
101.375		956.676
101.5		956.676
101.625		956.676
101.75		956.676
101.875		956.676
102		956.676
102.125		981.558
102.25		981.558
102.375		981.558
102.5		981.558
102.625		981.558
102.75		981.558
102.875		981.558
103		981.558
103.125		992.352
103.25		992.352
103.375		992.352
103.5		992.352
103.625		992.352
103.75		992.352
103.875		992.352
104		992.352
104.125		995.097
104.25		995.097
104.375		995.097
104.5		995.097
104.625		995.097
104.75		995.097
104.875		995.097
105		995.097
105.125		995.646
105.25		995.646
105.375		995.646
105.5		995.646
105.625		995.646
105.75		995.646
105.875		995.646
106		995.646
106.125		1017.42
106.25		1017.42
106.375		1017.42
106.5		1017.42
106.625		1017.42
106.75		1017.42
106.875		1017.42
107		1017.42
107.125		1039.01
107.25		1039.01
107.375		1039.01
107.5		1039.01
107.625		1039.01
107.75		1039.01
107.875		1039.01
108		1039.01
108.125		1045.59
108.25		1045.59
108.375		1045.59
108.5		1045.59
108.625		1045.59
108.75		1045.59
108.875		1045.59
109		1045.59
109.125		1047.79
109.25		1047.79
109.375		1047.79
109.5		1047.79
109.625		1047.79
109.75		1047.79
109.875		1047.79
110		1047.79
110.125		1068.46
110.25		1068.46
110.375		1068.46
110.5		1068.46
110.625		1068.46
110.75		1068.46
110.875		1068.46
111		1068.46
111.125		1084.2
111.25		1084.2
111.375		1084.2
111.5		1084.2
111.625		1084.2
111.75		1084.2
111.875		1084.2
112		1084.2
112.125		1087.67
112.25		1087.67
112.375		1087.67
112.5		1087.67
112.625		1087.67
112.75		1087.67
112.875		1087.67
113		1087.67
113.125		1105.79
113.25		1105.79
113.375		1105.79
113.5		1105.79
113.625		1105.79
113.75		1105.79
113.875		1105.79
114		1105.79
114.125		1116.4
114.25		1116.4
114.375		1116.4
114.5		1116.4
114.625		1116.4
114.75		1116.4
114.875		1116.4
115		1116.4
115.125		1126.46
115.25		1126.46
115.375		1126.46
115.5		1126.46
115.625		1126.46
115.75		1126.46
115.875		1126.46
116		1126.46
116.125		1140.55
116.25		1140.55
116.375		1140.55
116.5		1140.55
116.625		1140.55
116.75		1140.55
116.875		1140.55
117		1140.55
117.125		1145.3
117.25		1145.3
117.375		1145.3
117.5		1145.3
117.625		1145.3
117.75		1145.3
117.875		1145.3
118		1145.3
118.125		1165.06
118.25		1165.06
118.375		1165.06
118.5		1165.06
118.625		1165.06
118.75		1165.06
118.875		1165.06
119		1165.06
119.125		1186.83
119.25		1186.83
119.375		1186.83
119.5		1186.83
119.625		1186.83
119.75		1186.83
119.875		1186.83
120		1186.83
120.125		1190.13
120.25		1190.13
120.375		1190.13
120.5		1190.13
120.625		1190.13
120.75		1190.13
120.875		1190.13
121		1190.13
121.125		1192.32
121.25		1192.32
121.375		1192.32
121.5		1192.32
121.625		1192.32
121.75		1192.32
121.875		1192.32
122		1192.32
122.125		1193.24
122.25		1193.24
122.375		1193.24
122.5		1193.24
122.625		1193.24
122.75		1193.24
122.875		1193.24
123		1193.24
123.125		1206.23
123.25		1206.23
123.375		1206.23
123.5		1206.23
123.625		1206.23
123.75		1206.23
123.875		1206.23
124		1206.23
124.125		1216.84
124.25		1216.84
124.375		1216.84
124.5		1216.84
124.625		1216.84
124.75		1216.84
124.875		1216.84
125		1216.84
125.125		1232.39
125.25		1232.39
125.375		1232.39
125.5		1232.39
125.625		1232.39
125.75		1232.39
125.875		1232.39
126		1232.39
126.125		1240.44
126.25		1240.44
126.375		1240.44
126.5		1240.44
126.625		1240.44
126.75		1240.44
126.875		1240.44
127		1240.44
127.125		1253.25
127.25		1253.25
127.375		1253.25
127.5		1253.25
127.625		1253.25
127.75		1253.25
127.875		1253.25
128		1253.25
128.125		1259.29
128.25		1259.29
128.375		1259.29
128.5		1259.29
128.625		1259.29
128.75		1259.29
128.875		1259.29
129		1259.29
129.125		1278.31
129.25		1278.31
129.375		1278.31
129.5		1278.31
129.625		1278.31
129.75		1278.31
129.875		1278.31
130		1278.31
130.125		1281.42
130.25		1281.42
130.375		1281.42
130.5		1281.42
130.625		1281.42
130.75		1281.42
130.875		1281.42
131		1281.42
131.125		1288.92
131.25		1288.92
131.375		1288.92
131.5		1288.92
131.625		1288.92
131.75		1288.92
131.875		1288.92
132		1288.92
132.125		1299.54
132.25		1299.54
132.375		1299.54
132.5		1299.54
132.625		1299.54
132.75		1299.54
132.875		1299.54
133		1299.54
133.125		1308.87
133.25		1308.87
133.375		1308.87
133.5		1308.87
133.625		1308.87
133.75		1308.87
133.875		1308.87
134		1308.87
134.125		1329.17
134.25		1329.17
134.375		1329.17
134.5		1329.17
134.625		1329.17
134.75		1329.17
134.875		1329.17
135		1329.17
135.125		1331.74
135.25		1331.74
135.375		1331.74
135.5		1331.74
135.625		1331.74
135.75		1331.74
135.875		1331.74
136		1331.74
136.125		1335.39
136.25		1335.39
136.375		1335.39
136.5		1335.39
136.625		1335.39
136.75		1335.39
136.875		1335.39
137		1335.39
137.125		1347.29
137.25		1347.29
137.375		1347.29
137.5		1347.29
137.625		1347.29
137.75		1347.29
137.875		1347.29
138		1347.29
138.125		1364.12
138.25		1364.12
138.375		1364.12
138.5		1364.12
138.625		1364.12
138.75		1364.12
138.875		1364.12
139		1364.12
139.125		1378.21
139.25		1378.21
139.375		1378.21
139.5		1378.21
139.625		1378.21
139.75		1378.21
139.875		1378.21
140		1378.21
140.125		1391.93
140.25		1391.93
140.375		1391.93
140.5		1391.93
140.625		1391.93
140.75		1391.93
140.875		1391.93
141		1391.93
141.125		1396.87
141.25		1396.87
141.375		1396.87
141.5		1396.87
141.625		1396.87
141.75		1396.87
141.875		1396.87
142		1396.87
142.125		1400.89
142.25		1400.89
142.375		1400.89
142.5		1400.89
142.625		1400.89
142.75		1400.89
142.875		1400.89
143		1400.89
143.125		1416.81
143.25		1416.81
143.375		1416.81
143.5		1416.81
143.625		1416.81
143.75		1416.81
143.875		1416.81
144		1416.81
144.125		1430.17
144.25		1430.17
144.375		1430.17
144.5		1430.17
144.625		1430.17
144.75		1430.17
144.875		1430.17
145		1430.17
145.125		1449.92
145.25		1449.92
145.375		1449.92
145.5		1449.92
145.625		1449.92
145.75		1449.92
145.875		1449.92
146		1449.92
146.125		1454.13
146.25		1454.13
146.375		1454.13
146.5		1454.13
146.625		1454.13
146.75		1454.13
146.875		1454.13
147		1454.13
147.125		1469.32
147.25		1469.32
147.375		1469.32
147.5		1469.32
147.625		1469.32
147.75		1469.32
147.875		1469.32
148		1469.32
148.125		1479.93
148.25		1479.93
148.375		1479.93
148.5		1479.93
148.625		1479.93
148.75		1479.93
148.875		1479.93
149		1479.93
149.125		1487.8
149.25		1487.8
149.375		1487.8
149.5		1487.8
149.625		1487.8
149.75		1487.8
149.875		1487.8
150		1487.8
150.125		1496.58
150.25		1496.58
150.375		1496.58
150.5		1496.58
150.625		1496.58
150.75		1496.58
150.875		1496.58
151		1496.58
151.125		1514.33
151.25		1514.33
151.375		1514.33
151.5		1514.33
151.625		1514.33
151.75		1514.33
151.875		1514.33
152		1514.33
152.125		1527.68
152.25		1527.68
152.375		1527.68
152.5		1527.68
152.625		1527.68
152.75		1527.68
152.875		1527.68
153		1527.68
153.125		1541.04
153.25		1541.04
153.375		1541.04
153.5		1541.04
153.625		1541.04
153.75		1541.04
153.875		1541.04
154		1541.04
154.125		1543.96
154.25		1543.96
154.375		1543.96
154.5		1543.96
154.625		1543.96
154.75		1543.96
154.875		1543.96
155		1543.96
155.125		1557.69
155.25		1557.69
155.375		1557.69
155.5		1557.69
155.625		1557.69
155.75		1557.69
155.875		1557.69
156		1557.69
156.125		1569.58
156.25		1569.58
156.375		1569.58
156.5		1569.58
156.625		1569.58
156.75		1569.58
156.875		1569.58
157		1569.58
157.125		1578.73
157.25		1578.73
157.375		1578.73
157.5		1578.73
157.625		1578.73
157.75		1578.73
157.875		1578.73
158		1578.73
158.125		1589.15
158.25		1589.15
158.375		1589.15
158.5		1589.15
158.625		1589.15
158.75		1589.15
158.875		1589.15
159		1589.15
159.125		1607.08
159.25		1607.08
159.375		1607.08
159.5		1607.08
159.625		1607.08
159.75		1607.08
159.875		1607.08
160		1607.08
160.125		1614.95
160.25		1614.95
160.375		1614.95
160.5		1614.95
160.625		1614.95
160.75		1614.95
160.875		1614.95
161		1614.95
161.125		1628.31
161.25		1628.31
161.375		1628.31
161.5		1628.31
161.625		1628.31
161.75		1628.31
161.875		1628.31
162		1628.31
162.125		1633.8
162.25		1633.8
162.375		1633.8
162.5		1633.8
162.625		1633.8
162.75		1633.8
162.875		1633.8
163		1633.8
163.125		1646.24
163.25		1646.24
163.375		1646.24
163.5		1646.24
163.625		1646.24
163.75		1646.24
163.875		1646.24
164		1646.24
164.125		1663.07
164.25		1663.07
164.375		1663.07
164.5		1663.07
164.625		1663.07
164.75		1663.07
164.875		1663.07
165		1663.07
165.125		1671.48
165.25		1671.48
165.375		1671.48
165.5		1671.48
165.625		1671.48
165.75		1671.48
165.875		1671.48
166		1671.48
166.125		1685.94
166.25		1685.94
166.375		1685.94
166.5		1685.94
166.625		1685.94
166.75		1685.94
166.875		1685.94
167		1685.94
167.125		1698.2
167.25		1698.2
167.375		1698.2
167.5		1698.2
167.625		1698.2
167.75		1698.2
167.875		1698.2
168		1698.2
168.125		1700.39
168.25		1700.39
168.375		1700.39
168.5		1700.39
168.625		1700.39
168.75		1700.39
168.875		1700.39
169		1700.39
169.125		1737.35
169.25		1737.35
169.375		1737.35
169.5		1737.35
169.625		1737.35
169.75		1737.35
169.875		1737.35
170		1737.35
170.125		1739.18
170.25		1739.18
170.375		1739.18
170.5		1739.18
170.625		1739.18
170.75		1739.18
170.875		1739.18
171		1739.18
171.125		1750.89
171.25		1750.89
171.375		1750.89
171.5		1750.89
171.625		1750.89
171.75		1750.89
171.875		1750.89
172		1750.89
172.125		1759.49
172.25		1759.49
172.375		1759.49
172.5		1759.49
172.625		1759.49
172.75		1759.49
172.875		1759.49
173		1759.49
173.125		1761.5
173.25		1761.5
173.375		1761.5
173.5		1761.5
173.625		1761.5
173.75		1761.5
173.875		1761.5
174		1761.5
174.125		1786.93
174.25		1786.93
174.375		1786.93
174.5		1786.93
174.625		1786.93
174.75		1786.93
174.875		1786.93
175		1786.93
175.125		1789.49
175.25		1789.49
175.375		1789.49
175.5		1789.49
175.625		1789.49
175.75		1789.49
175.875		1789.49
176		1789.49
176.125		1790.22
176.25		1790.22
176.375		1790.22
176.5		1790.22
176.625		1790.22
176.75		1790.22
176.875		1790.22
177		1790.22
177.125		1808.34
177.25		1808.34
177.375		1808.34
177.5		1808.34
177.625		1808.34
177.75		1808.34
177.875		1808.34
178		1808.34
178.125		1827.18
178.25		1827.18
178.375		1827.18
178.5		1827.18
178.625		1827.18
178.75		1827.18
178.875		1827.18
179		1827.18
179.125		1830.11
179.25		1830.11
179.375		1830.11
179.5		1830.11
179.625		1830.11
179.75		1830.11
179.875		1830.11
180		1830.11
180.125		1847.12
180.25		1847.12
180.375		1847.12
180.5		1847.12
180.625		1847.12
180.75		1847.12
180.875		1847.12
181		1847.12
181.125		1854.62
181.25		1854.62
181.375		1854.62
181.5		1854.62
181.625		1854.62
181.75		1854.62
181.875		1854.62
182		1854.62
182.125		1872
182.25		1872
182.375		1872
182.5		1872
182.625		1872
182.75		1872
182.875		1872
183		1872
183.125		1878.04
183.25		1878.04
183.375		1878.04
183.5		1878.04
183.625		1878.04
183.75		1878.04
183.875		1878.04
184		1878.04
184.125		1891.4
184.25		1891.4
184.375		1891.4
184.5		1891.4
184.625		1891.4
184.75		1891.4
184.875		1891.4
185		1891.4
185.125		1897.25
185.25		1897.25
185.375		1897.25
185.5		1897.25
185.625		1897.25
185.75		1897.25
185.875		1897.25
186		1897.25
186.125		1908.41
186.25		1908.41
186.375		1908.41
186.5		1908.41
186.625		1908.41
186.75		1908.41
186.875		1908.41
187		1908.41
187.125		1919.94
187.25		1919.94
187.375		1919.94
187.5		1919.94
187.625		1919.94
187.75		1919.94
187.875		1919.94
188		1919.94
188.125		1921.4
188.25		1921.4
188.375		1921.4
188.5		1921.4
188.625		1921.4
188.75		1921.4
188.875		1921.4
189		1921.4
189.125		1935.31
189.25		1935.31
189.375		1935.31
189.5		1935.31
189.625		1935.31
189.75		1935.31
189.875		1935.31
190		1935.31
190.125		1960.01
190.25		1960.01
190.375		1960.01
190.5		1960.01
190.625		1960.01
190.75		1960.01
190.875		1960.01
191		1960.01
191.125		1971.35
191.25		1971.35
191.375		1971.35
191.5		1971.35
191.625		1971.35
191.75		1971.35
191.875		1971.35
192		1971.35
192.125		1976.29
192.25		1976.29
192.375		1976.29
192.5		1976.29
192.625		1976.29
192.75		1976.29
192.875		1976.29
193		1976.29
193.125		1981.05
193.25		1981.05
193.375		1981.05
193.5		1981.05
193.625		1981.05
193.75		1981.05
193.875		1981.05
194		1981.05
194.125		1988.55
194.25		1988.55
194.375		1988.55
194.5		1988.55
194.625		1988.55
194.75		1988.55
194.875		1988.55
195		1988.55
195.125		2017.45
195.25		2017.45
195.375		2017.45
195.5		2017.45
195.625		2017.45
195.75		2017.45
195.875		2017.45
196		2017.45
196.125		2019.47
196.25		2019.47
196.375		2019.47
196.5		2019.47
196.625		2019.47
196.75		2019.47
196.875		2019.47
197		2019.47
197.125		2030.99
197.25		2030.99
197.375		2030.99
197.5		2030.99
197.625		2030.99
197.75		2030.99
197.875		2030.99
198		2030.99
198.125		2035.02
198.25		2035.02
198.375		2035.02
198.5		2035.02
198.625		2035.02
198.75		2035.02
198.875		2035.02
199		2035.02
199.125		2037.76
199.25		2037.76
199.375		2037.76
199.5		2037.76
199.625		2037.76
199.75		2037.76
199.875		2037.76
200		2037.76
200.125		2050.93
200.25		2050.93
200.375		2050.93
200.5		2050.93
200.625		2050.93
200.75		2050.93
200.875		2050.93
201		2050.93
201.125		2073.44
201.25		2073.44
201.375		2073.44
201.5		2073.44
201.625		2073.44
201.75		2073.44
201.875		2073.44
202		2073.44
202.125		2080.02
202.25		2080.02
202.375		2080.02
202.5		2080.02
202.625		2080.02
202.75		2080.02
202.875		2080.02
203		2080.02
203.125		2090.64
203.25		2090.64
203.375		2090.64
203.5		2090.64
203.625		2090.64
203.75		2090.64
203.875		2090.64
204		2090.64
204.125		2108.02
204.25		2108.02
204.375		2108.02
204.5		2108.02
204.625		2108.02
204.75		2108.02
204.875		2108.02
205		2108.02
205.125		2118.26
205.25		2118.26
205.375		2118.26
205.5		2118.26
205.625		2118.26
205.75		2118.26
205.875		2118.26
206		2118.26
206.125		2120.46
206.25		2120.46
206.375		2120.46
206.5		2120.46
206.625		2120.46
206.75		2120.46
206.875		2120.46
207		2120.46
207.125		2132.53
207.25		2132.53
207.375		2132.53
207.5		2132.53
207.625		2132.53
207.75		2132.53
207.875		2132.53
208		2132.53
208.125		2158.88
208.25		2158.88
208.375		2158.88
208.5		2158.88
208.625		2158.88
208.75		2158.88
208.875		2158.88
209		2158.88
209.125		2164
209.25		2164
209.375		2164
209.5		2164
209.625		2164
209.75		2164
209.875		2164
210		2164
210.125		2165.83
210.25		2165.83
210.375		2165.83
210.5		2165.83
210.625		2165.83
210.75		2165.83
210.875		2165.83
211		2165.83
211.125		2176.99
211.25		2176.99
211.375		2176.99
211.5		2176.99
211.625		2176.99
211.75		2176.99
211.875		2176.99
212		2176.99
212.125		2201.32
212.25		2201.32
212.375		2201.32
212.5		2201.32
212.625		2201.32
212.75		2201.32
212.875		2201.32
213		2201.32
213.125		2217.79
213.25		2217.79
213.375		2217.79
213.5		2217.79
213.625		2217.79
213.75		2217.79
213.875		2217.79
214		2217.79
214.125		2220.35
214.25		2220.35
214.375		2220.35
214.5		2220.35
214.625		2220.35
214.75		2220.35
214.875		2220.35
215		2220.35
215.125		2221.27
215.25		2221.27
215.375		2221.27
215.5		2221.27
215.625		2221.27
215.75		2221.27
215.875		2221.27
216		2221.27
216.125		2232.24
216.25		2232.24
216.375		2232.24
216.5		2232.24
216.625		2232.24
216.75		2232.24
216.875		2232.24
217		2232.24
217.125		2238.1
217.25		2238.1
217.375		2238.1
217.5		2238.1
217.625		2238.1
217.75		2238.1
217.875		2238.1
218		2238.1
218.125		2251.82
218.25		2251.82
218.375		2251.82
218.5		2251.82
218.625		2251.82
218.75		2251.82
218.875		2251.82
219		2251.82
219.125		2273.41
219.25		2273.41
219.375		2273.41
219.5		2273.41
219.625		2273.41
219.75		2273.41
219.875		2273.41
220		2273.41
220.125		2279.08
220.25		2279.08
220.375		2279.08
220.5		2279.08
220.625		2279.08
220.75		2279.08
220.875		2279.08
221		2279.08
221.125		2288.23
221.25		2288.23
221.375		2288.23
221.5		2288.23
221.625		2288.23
221.75		2288.23
221.875		2288.23
222		2288.23
222.125		2297.56
222.25		2297.56
222.375		2297.56
222.5		2297.56
222.625		2297.56
222.75		2297.56
222.875		2297.56
223		2297.56
223.125		2298.47
223.25		2298.47
223.375		2298.47
223.5		2298.47
223.625		2298.47
223.75		2298.47
223.875		2298.47
224		2298.47
224.125		2303.6
224.25		2303.6
224.375		2303.6
224.5		2303.6
224.625		2303.6
224.75		2303.6
224.875		2303.6
225		2303.6
225.125		2321.89
225.25		2321.89
225.375		2321.89
225.5		2321.89
225.625		2321.89
225.75		2321.89
225.875		2321.89
226		2321.89
226.125		2327.02
226.25		2327.02
226.375		2327.02
226.5		2327.02
226.625		2327.02
226.75		2327.02
226.875		2327.02
227		2327.02
227.125		2338.18
227.25		2338.18
227.375		2338.18
227.5		2338.18
227.625		2338.18
227.75		2338.18
227.875		2338.18
228		2338.18
228.125		2345.86
228.25		2345.86
228.375		2345.86
228.5		2345.86
228.625		2345.86
228.75		2345.86
228.875		2345.86
229		2345.86
229.125		2357.57
229.25		2357.57
229.375		2357.57
229.5		2357.57
229.625		2357.57
229.75		2357.57
229.875		2357.57
230		2357.57
230.125		2379.71
230.25		2379.71
230.375		2379.71
230.5		2379.71
230.625		2379.71
230.75		2379.71
230.875		2379.71
231		2379.71
231.125		2380.62
231.25		2380.62
231.375		2380.62
231.5		2380.62
231.625		2380.62
231.75		2380.62
231.875		2380.62
232		2380.62
232.125		2387.21
232.25		2387.21
232.375		2387.21
232.5		2387.21
232.625		2387.21
232.75		2387.21
232.875		2387.21
233		2387.21
233.125		2389.22
233.25		2389.22
233.375		2389.22
233.5		2389.22
233.625		2389.22
233.75		2389.22
233.875		2389.22
234		2389.22
234.125		2410.99
234.25		2410.99
234.375		2410.99
234.5		2410.99
234.625		2410.99
234.75		2410.99
234.875		2410.99
235		2410.99
235.125		2421.97
235.25		2421.97
235.375		2421.97
235.5		2421.97
235.625		2421.97
235.75		2421.97
235.875		2421.97
236		2421.97
236.125		2432.95
236.25		2432.95
236.375		2432.95
236.5		2432.95
236.625		2432.95
236.75		2432.95
236.875		2432.95
237		2432.95
237.125		2434.04
237.25		2434.04
237.375		2434.04
237.5		2434.04
237.625		2434.04
237.75		2434.04
237.875		2434.04
238		2434.04
238.125		2439.35
238.25		2439.35
238.375		2439.35
238.5		2439.35
238.625		2439.35
238.75		2439.35
238.875		2439.35
239		2439.35
239.125		2459.66
239.25		2459.66
239.375		2459.66
239.5		2459.66
239.625		2459.66
239.75		2459.66
239.875		2459.66
240		2459.66
240.125		2460.57
240.25		2460.57
240.375		2460.57
240.5		2460.57
240.625		2460.57
240.75		2460.57
240.875		2460.57
241		2460.57
241.125		2475.76
241.25		2475.76
241.375		2475.76
241.5		2475.76
241.625		2475.76
241.75		2475.76
241.875		2475.76
242		2475.76
242.125		2493.69
242.25		2493.69
242.375		2493.69
242.5		2493.69
242.625		2493.69
242.75		2493.69
242.875		2493.69
243		2493.69
243.125		2494.79
243.25		2494.79
243.375		2494.79
243.5		2494.79
243.625		2494.79
243.75		2494.79
243.875		2494.79
244		2494.79
244.125		2511.8
244.25		2511.8
244.375		2511.8
244.5		2511.8
244.625		2511.8
244.75		2511.8
244.875		2511.8
245		2511.8
245.125		2514.91
245.25		2514.91
245.375		2514.91
245.5		2514.91
245.625		2514.91
245.75		2514.91
245.875		2514.91
246		2514.91
246.125		2528.63
246.25		2528.63
246.375		2528.63
246.5		2528.63
246.625		2528.63
246.75		2528.63
246.875		2528.63
247		2528.63
247.125		2535.4
247.25		2535.4
247.375		2535.4
247.5		2535.4
247.625		2535.4
247.75		2535.4
247.875		2535.4
248		2535.4
248.125		2536.32
248.25		2536.32
248.375		2536.32
248.5		2536.32
248.625		2536.32
248.75		2536.32
248.875		2536.32
249		2536.32
249.125		2562.3
249.25		2562.3
249.375		2562.3
249.5		2562.3
249.625		2562.3
249.75		2562.3
249.875		2562.3
250		2562.3
250.125		2569.25
250.25		2569.25
250.375		2569.25
250.5		2569.25
250.625		2569.25
250.75		2569.25
250.875		2569.25
251		2569.25
251.125		2577.3
251.25		2577.3
251.375		2577.3
251.5		2577.3
251.625		2577.3
251.75		2577.3
251.875		2577.3
252		2577.3
252.125		2592.67
252.25		2592.67
252.375		2592.67
252.5		2592.67
252.625		2592.67
252.75		2592.67
252.875		2592.67
253		2592.67
253.125		2594.5
253.25		2594.5
253.375		2594.5
253.5		2594.5
253.625		2594.5
253.75		2594.5
253.875		2594.5
254		2594.5
254.125		2596.14
254.25		2596.14
254.375		2596.14
254.5		2596.14
254.625		2596.14
254.75		2596.14
254.875		2596.14
255		2596.14
255.125		2614.07
255.25		2614.07
255.375		2614.07
255.5		2614.07
255.625		2614.07
255.75		2614.07
255.875		2614.07
256		2614.07
256.125		2632.37
256.25		2632.37
256.375		2632.37
256.5		2632.37
256.625		2632.37
256.75		2632.37
256.875		2632.37
257		2632.37
257.125		2646.82
257.25		2646.82
257.375		2646.82
257.5		2646.82
257.625		2646.82
257.75		2646.82
257.875		2646.82
258		2646.82
258.125		2651.58
258.25		2651.58
258.375		2651.58
258.5		2651.58
258.625		2651.58
258.75		2651.58
258.875		2651.58
259		2651.58
259.125		2654.14
259.25		2654.14
259.375		2654.14
259.5		2654.14
259.625		2654.14
259.75		2654.14
259.875		2654.14
260		2654.14
260.125		2676.83
260.25		2676.83
260.375		2676.83
260.5		2676.83
260.625		2676.83
260.75		2676.83
260.875		2676.83
261		2676.83
261.125		2684.15
261.25		2684.15
261.375		2684.15
261.5		2684.15
261.625		2684.15
261.75		2684.15
261.875		2684.15
262		2684.15
262.125		2687.44
262.25		2687.44
262.375		2687.44
262.5		2687.44
262.625		2687.44
262.75		2687.44
262.875		2687.44
263		2687.44
263.125		2701.16
263.25		2701.16
263.375		2701.16
263.5		2701.16
263.625		2701.16
263.75		2701.16
263.875		2701.16
264		2701.16
264.125		2702.62
264.25		2702.62
264.375		2702.62
264.5		2702.62
264.625		2702.62
264.75		2702.62
264.875		2702.62
265		2702.62
265.125		2723.85
265.25		2723.85
265.375		2723.85
265.5		2723.85
265.625		2723.85
265.75		2723.85
265.875		2723.85
266		2723.85
266.125		2738.12
266.25		2738.12
266.375		2738.12
266.5		2738.12
266.625		2738.12
266.75		2738.12
266.875		2738.12
267		2738.12
267.125		2744.7
267.25		2744.7
267.375		2744.7
267.5		2744.7
267.625		2744.7
267.75		2744.7
267.875		2744.7
268		2744.7
268.125		2747.63
268.25		2747.63
268.375		2747.63
268.5		2747.63
268.625		2747.63
268.75		2747.63
268.875		2747.63
269		2747.63
269.125		2753.49
269.25		2753.49
269.375		2753.49
269.5		2753.49
269.625		2753.49
269.75		2753.49
269.875		2753.49
270		2753.49
270.125		2785.69
270.25		2785.69
270.375		2785.69
270.5		2785.69
270.625		2785.69
270.75		2785.69
270.875		2785.69
271		2785.69
271.125		2787.52
271.25		2787.52
271.375		2787.52
271.5		2787.52
271.625		2787.52
271.75		2787.52
271.875		2787.52
272		2787.52
272.125		2795.57
272.25		2795.57
272.375		2795.57
272.5		2795.57
272.625		2795.57
272.75		2795.57
272.875		2795.57
273		2795.57
273.125		2796.3
273.25		2796.3
273.375		2796.3
273.5		2796.3
273.625		2796.3
273.75		2796.3
273.875		2796.3
274		2796.3
274.125		2823.01
274.25		2823.01
274.375		2823.01
274.5		2823.01
274.625		2823.01
274.75		2823.01
274.875		2823.01
275		2823.01
275.125		2835.82
275.25		2835.82
275.375		2835.82
275.5		2835.82
275.625		2835.82
275.75		2835.82
275.875		2835.82
276		2835.82
276.125		2836.73
276.25		2836.73
276.375		2836.73
276.5		2836.73
276.625		2836.73
276.75		2836.73
276.875		2836.73
277		2836.73
277.125		2845.15
277.25		2845.15
277.375		2845.15
277.5		2845.15
277.625		2845.15
277.75		2845.15
277.875		2845.15
278		2845.15
278.125		2868.75
278.25		2868.75
278.375		2868.75
278.5		2868.75
278.625		2868.75
278.75		2868.75
278.875		2868.75
279		2868.75
279.125		2870.58
279.25		2870.58
279.375		2870.58
279.5		2870.58
279.625		2870.58
279.75		2870.58
279.875		2870.58
280		2870.58
280.125		2885.58
280.25		2885.58
280.375		2885.58
280.5		2885.58
280.625		2885.58
280.75		2885.58
280.875		2885.58
281		2885.58
281.125		2902.78
281.25		2902.78
281.375		2902.78
281.5		2902.78
281.625		2902.78
281.75		2902.78
281.875		2902.78
282		2902.78
282.125		2905.34
282.25		2905.34
282.375		2905.34
282.5		2905.34
282.625		2905.34
282.75		2905.34
282.875		2905.34
283		2905.34
283.125		2912.66
283.25		2912.66
283.375		2912.66
283.5		2912.66
283.625		2912.66
283.75		2912.66
283.875		2912.66
284		2912.66
284.125		2919.79
284.25		2919.79
284.375		2919.79
284.5		2919.79
284.625		2919.79
284.75		2919.79
284.875		2919.79
285		2919.79
285.125		2948.7
285.25		2948.7
285.375		2948.7
285.5		2948.7
285.625		2948.7
285.75		2948.7
285.875		2948.7
286		2948.7
286.125		2954
286.25		2954
286.375		2954
286.5		2954
286.625		2954
286.75		2954
286.875		2954
287		2954
287.125		2957.48
287.25		2957.48
287.375		2957.48
287.5		2957.48
287.625		2957.48
287.75		2957.48
287.875		2957.48
288		2957.48
288.125		2962.05
288.25		2962.05
288.375		2962.05
288.5		2962.05
288.625		2962.05
288.75		2962.05
288.875		2962.05
289		2962.05
289.125		2963.52
289.25		2963.52
289.375		2963.52
289.5		2963.52
289.625		2963.52
289.75		2963.52
289.875		2963.52
290		2963.52
290.125		2992.79
290.25		2992.79
290.375		2992.79
290.5		2992.79
290.625		2992.79
290.75		2992.79
290.875		2992.79
291		2992.79
291.125		2996.27
291.25		2996.27
291.375		2996.27
291.5		2996.27
291.625		2996.27
291.75		2996.27
291.875		2996.27
292		2996.27
292.125		2998.65
292.25		2998.65
292.375		2998.65
292.5		2998.65
292.625		2998.65
292.75		2998.65
292.875		2998.65
293		2998.65
293.125		3016.76
293.25		3016.76
293.375		3016.76
293.5		3016.76
293.625		3016.76
293.75		3016.76
293.875		3016.76
294		3016.76
294.125		3036.88
294.25		3036.88
294.375		3036.88
294.5		3036.88
294.625		3036.88
294.75		3036.88
294.875		3036.88
295		3036.88
295.125		3042.37
295.25		3042.37
295.375		3042.37
295.5		3042.37
295.625		3042.37
295.75		3042.37
295.875		3042.37
296		3042.37
296.125		3045.85
296.25		3045.85
296.375		3045.85
296.5		3045.85
296.625		3045.85
296.75		3045.85
296.875		3045.85
297		3045.85
297.125		3047.5
297.25		3047.5
297.375		3047.5
297.5		3047.5
297.625		3047.5
297.75		3047.5
297.875		3047.5
298		3047.5
298.125		3075.49
298.25		3075.49
298.375		3075.49
298.5		3075.49
298.625		3075.49
298.75		3075.49
298.875		3075.49
299		3075.49
299.125		3080.61
299.25		3080.61
299.375		3080.61
299.5		3080.61
299.625		3080.61
299.75		3080.61
299.875		3080.61
300		3080.61
300.125		3090.49
300.25		3090.49
300.375		3090.49
300.5		3090.49
300.625		3090.49
300.75		3090.49
300.875		3090.49
301		3090.49
301.125		3101.47
301.25		3101.47
301.375		3101.47
301.5		3101.47
301.625		3101.47
301.75		3101.47
301.875		3101.47
302		3101.47
302.125		3115.55
302.25		3115.55
302.375		3115.55
302.5		3115.55
302.625		3115.55
302.75		3115.55
302.875		3115.55
303		3115.55
303.125		3127.45
303.25		3127.45
303.375		3127.45
303.5		3127.45
303.625		3127.45
303.75		3127.45
303.875		3127.45
304		3127.45
304.125		3129.09
304.25		3129.09
304.375		3129.09
304.5		3129.09
304.625		3129.09
304.75		3129.09
304.875		3129.09
305		3129.09
305.125		3134.77
305.25		3134.77
305.375		3134.77
305.5		3134.77
305.625		3134.77
305.75		3134.77
305.875		3134.77
306		3134.77
306.125		3140.07
306.25		3140.07
306.375		3140.07
306.5		3140.07
306.625		3140.07
306.75		3140.07
306.875		3140.07
307		3140.07
307.125		3162.76
307.25		3162.76
307.375		3162.76
307.5		3162.76
307.625		3162.76
307.75		3162.76
307.875		3162.76
308		3162.76
308.125		3182.88
308.25		3182.88
308.375		3182.88
308.5		3182.88
308.625		3182.88
308.75		3182.88
308.875		3182.88
309		3182.88
309.125		3183.61
309.25		3183.61
309.375		3183.61
309.5		3183.61
309.625		3183.61
309.75		3183.61
309.875		3183.61
310		3183.61
310.125		3184.71
310.25		3184.71
310.375		3184.71
310.5		3184.71
310.625		3184.71
310.75		3184.71
310.875		3184.71
311		3184.71
311.125		3191.12
311.25		3191.12
311.375		3191.12
311.5		3191.12
311.625		3191.12
311.75		3191.12
311.875		3191.12
312		3191.12
312.125		3211.79
312.25		3211.79
312.375		3211.79
312.5		3211.79
312.625		3211.79
312.75		3211.79
312.875		3211.79
313		3211.79
313.125		3213.07
313.25		3213.07
313.375		3213.07
313.5		3213.07
313.625		3213.07
313.75		3213.07
313.875		3213.07
314		3213.07
314.125		3235.76
314.25		3235.76
314.375		3235.76
314.5		3235.76
314.625		3235.76
314.75		3235.76
314.875		3235.76
315		3235.76
315.125		3239.6
315.25		3239.6
315.375		3239.6
315.5		3239.6
315.625		3239.6
315.75		3239.6
315.875		3239.6
316		3239.6
316.125		3250.94
316.25		3250.94
316.375		3250.94
316.5		3250.94
316.625		3250.94
316.75		3250.94
316.875		3250.94
317		3250.94
317.125		3255.33
317.25		3255.33
317.375		3255.33
317.5		3255.33
317.625		3255.33
317.75		3255.33
317.875		3255.33
318		3255.33
318.125		3266.86
318.25		3266.86
318.375		3266.86
318.5		3266.86
318.625		3266.86
318.75		3266.86
318.875		3266.86
319		3266.86
319.125		3267.04
319.25		3267.04
319.375		3267.04
319.5		3267.04
319.625		3267.04
319.75		3267.04
319.875		3267.04
320		3267.04
320.125		3292.84
320.25		3292.84
320.375		3292.84
320.5		3292.84
320.625		3292.84
320.75		3292.84
320.875		3292.84
321		3292.84
321.125		3300.16
321.25		3300.16
321.375		3300.16
321.5		3300.16
321.625		3300.16
321.75		3300.16
321.875		3300.16
322		3300.16
322.125		3301.26
322.25		3301.26
322.375		3301.26
322.5		3301.26
322.625		3301.26
322.75		3301.26
322.875		3301.26
323		3301.26
323.125		3318.82
323.25		3318.82
323.375		3318.82
323.5		3318.82
323.625		3318.82
323.75		3318.82
323.875		3318.82
324		3318.82
324.125		3328.88
324.25		3328.88
324.375		3328.88
324.5		3328.88
324.625		3328.88
324.75		3328.88
324.875		3328.88
325		3328.88
325.125		3341.32
325.25		3341.32
325.375		3341.32
325.5		3341.32
325.625		3341.32
325.75		3341.32
325.875		3341.32
326		3341.32
326.125		3345.9
326.25		3345.9
326.375		3345.9
326.5		3345.9
326.625		3345.9
326.75		3345.9
326.875		3345.9
327		3345.9
327.125		3349.37
327.25		3349.37
327.375		3349.37
327.5		3349.37
327.625		3349.37
327.75		3349.37
327.875		3349.37
328		3349.37
328.125		3374.25
328.25		3374.25
328.375		3374.25
328.5		3374.25
328.625		3374.25
328.75		3374.25
328.875		3374.25
329		3374.25
329.125		3380.47
329.25		3380.47
329.375		3380.47
329.5		3380.47
329.625		3380.47
329.75		3380.47
329.875		3380.47
330		3380.47
330.125		3384.13
330.25		3384.13
330.375		3384.13
330.5		3384.13
330.625		3384.13
330.75		3384.13
330.875		3384.13
331		3384.13
331.125		3399.5
331.25		3399.5
331.375		3399.5
331.5		3399.5
331.625		3399.5
331.75		3399.5
331.875		3399.5
332		3399.5
332.125		3410.48
332.25		3410.48
332.375		3410.48
332.5		3410.48
332.625		3410.48
332.75		3410.48
332.875		3410.48
333		3410.48
333.125		3423.84
333.25		3423.84
333.375		3423.84
333.5		3423.84
333.625		3423.84
333.75		3423.84
333.875		3423.84
334		3423.84
334.125		3430.6
334.25		3430.6
334.375		3430.6
334.5		3430.6
334.625		3430.6
334.75		3430.6
334.875		3430.6
335		3430.6
335.125		3437.56
335.25		3437.56
335.375		3437.56
335.5		3437.56
335.625		3437.56
335.75		3437.56
335.875		3437.56
336		3437.56
336.125		3443.23
336.25		3443.23
336.375		3443.23
336.5		3443.23
336.625		3443.23
336.75		3443.23
336.875		3443.23
337		3443.23
337.125		3476.89
337.25		3476.89
337.375		3476.89
337.5		3476.89
337.625		3476.89
337.75		3476.89
337.875		3476.89
338		3476.89
338.125		3478.36
338.25		3478.36
338.375		3478.36
338.5		3478.36
338.625		3478.36
338.75		3478.36
338.875		3478.36
339		3478.36
339.125		3479.64
339.25		3479.64
339.375		3479.64
339.5		3479.64
339.625		3479.64
339.75		3479.64
339.875		3479.64
340		3479.64
340.125		3490.43
340.25		3490.43
340.375		3490.43
340.5		3490.43
340.625		3490.43
340.75		3490.43
340.875		3490.43
341		3490.43
341.125		3495.92
341.25		3495.92
341.375		3495.92
341.5		3495.92
341.625		3495.92
341.75		3495.92
341.875		3495.92
342		3495.92
342.125		3528.85
342.25		3528.85
342.375		3528.85
342.5		3528.85
342.625		3528.85
342.75		3528.85
342.875		3528.85
343		3528.85
343.125		3529.95
343.25		3529.95
343.375		3529.95
343.5		3529.95
343.625		3529.95
343.75		3529.95
343.875		3529.95
344		3529.95
344.125		3533.79
344.25		3533.79
344.375		3533.79
344.5		3533.79
344.625		3533.79
344.75		3533.79
344.875		3533.79
345		3533.79
345.125		3537.63
345.25		3537.63
345.375		3537.63
345.5		3537.63
345.625		3537.63
345.75		3537.63
345.875		3537.63
346		3537.63
346.125		3551.9
346.25		3551.9
346.375		3551.9
346.5		3551.9
346.625		3551.9
346.75		3551.9
346.875		3551.9
347		3551.9
347.125		3581.18
347.25		3581.18
347.375		3581.18
347.5		3581.18
347.625		3581.18
347.75		3581.18
347.875		3581.18
348		3581.18
348.125		3584.47
348.25		3584.47
348.375		3584.47
348.5		3584.47
348.625		3584.47
348.75		3584.47
348.875		3584.47
349		3584.47
349.125		3609.35
349.25		3609.35
349.375		3609.35
349.5		3609.35
349.625		3609.35
349.75		3609.35
349.875		3609.35
350		3609.35
350.125		3611
350.25		3611
350.375		3611
350.5		3611
350.625		3611
350.75		3611
350.875		3611
351		3611
351.125		3619.78
351.25		3619.78
351.375		3619.78
351.5		3619.78
351.625		3619.78
351.75		3619.78
351.875		3619.78
352		3619.78
352.125		3623.26
352.25		3623.26
352.375		3623.26
352.5		3623.26
352.625		3623.26
352.75		3623.26
352.875		3623.26
353		3623.26
353.125		3630.58
353.25		3630.58
353.375		3630.58
353.5		3630.58
353.625		3630.58
353.75		3630.58
353.875		3630.58
354		3630.58
354.125		3660.21
354.25		3660.21
354.375		3660.21
354.5		3660.21
354.625		3660.21
354.75		3660.21
354.875		3660.21
355		3660.21
355.125		3662.96
355.25		3662.96
355.375		3662.96
355.5		3662.96
355.625		3662.96
355.75		3662.96
355.875		3662.96
356		3662.96
356.125		3663.32
356.25		3663.32
356.375		3663.32
356.5		3663.32
356.625		3663.32
356.75		3663.32
356.875		3663.32
357		3663.32
357.125		3666.07
357.25		3666.07
357.375		3666.07
357.5		3666.07
357.625		3666.07
357.75		3666.07
357.875		3666.07
358		3666.07
358.125		3671.56
358.25		3671.56
358.375		3671.56
358.5		3671.56
358.625		3671.56
358.75		3671.56
358.875		3671.56
359		3671.56
359.125		3677.6
359.25		3677.6
359.375		3677.6
359.5		3677.6
359.625		3677.6
359.75		3677.6
359.875		3677.6
360		3677.6
360.125		3704.86
360.25		3704.86
360.375		3704.86
360.5		3704.86
360.625		3704.86
360.75		3704.86
360.875		3704.86
361		3704.86
361.125		3719.49
361.25		3719.49
361.375		3719.49
361.5		3719.49
361.625		3719.49
361.75		3719.49
361.875		3719.49
362		3719.49
362.125		3720.59
362.25		3720.59
362.375		3720.59
362.5		3720.59
362.625		3720.59
362.75		3720.59
362.875		3720.59
363		3720.59
363.125		3728.27
363.25		3728.27
363.375		3728.27
363.5		3728.27
363.625		3728.27
363.75		3728.27
363.875		3728.27
364		3728.27
364.125		3743.64
364.25		3743.64
364.375		3743.64
364.5		3743.64
364.625		3743.64
364.75		3743.64
364.875		3743.64
365		3743.64
365.125		3763.4
365.25		3763.4
365.375		3763.4
365.5		3763.4
365.625		3763.4
365.75		3763.4
365.875		3763.4
366		3763.4
366.125		3767.24
366.25		3767.24
366.375		3767.24
366.5		3767.24
366.625		3767.24
366.75		3767.24
366.875		3767.24
367		3767.24
367.125		3774.56
367.25		3774.56
367.375		3774.56
367.5		3774.56
367.625		3774.56
367.75		3774.56
367.875		3774.56
368		3774.56
368.125		3789.75
368.25		3789.75
368.375		3789.75
368.5		3789.75
368.625		3789.75
368.75		3789.75
368.875		3789.75
369		3789.75
369.125		3790.66
369.25		3790.66
369.375		3790.66
369.5		3790.66
369.625		3790.66
369.75		3790.66
369.875		3790.66
370		3790.66
370.125		3811.34
370.25		3811.34
370.375		3811.34
370.5		3811.34
370.625		3811.34
370.75		3811.34
370.875		3811.34
371		3811.34
371.125		3817.92
371.25		3817.92
371.375		3817.92
371.5		3817.92
371.625		3817.92
371.75		3817.92
371.875		3817.92
372		3817.92
372.125		3826.52
372.25		3826.52
372.375		3826.52
372.5		3826.52
372.625		3826.52
372.75		3826.52
372.875		3826.52
373		3826.52
373.125		3842.44
373.25		3842.44
373.375		3842.44
373.5		3842.44
373.625		3842.44
373.75		3842.44
373.875		3842.44
374		3842.44
374.125		3854.7
374.25		3854.7
374.375		3854.7
374.5		3854.7
374.625		3854.7
374.75		3854.7
374.875		3854.7
375		3854.7
375.125		3864.03
375.25		3864.03
375.375		3864.03
375.5		3864.03
375.625		3864.03
375.75		3864.03
375.875		3864.03
376		3864.03
376.125		3865.67
376.25		3865.67
376.375		3865.67
376.5		3865.67
376.625		3865.67
376.75		3865.67
376.875		3865.67
377		3865.67
377.125		3872.26
377.25		3872.26
377.375		3872.26
377.5		3872.26
377.625		3872.26
377.75		3872.26
377.875		3872.26
378		3872.26
378.125		3890.37
378.25		3890.37
378.375		3890.37
378.5		3890.37
378.625		3890.37
378.75		3890.37
378.875		3890.37
379		3890.37
379.125		3904.28
379.25		3904.28
379.375		3904.28
379.5		3904.28
379.625		3904.28
379.75		3904.28
379.875		3904.28
380		3904.28
380.125		3913.24
380.25		3913.24
380.375		3913.24
380.5		3913.24
380.625		3913.24
380.75		3913.24
380.875		3913.24
381		3913.24
381.125		3919.83
381.25		3919.83
381.375		3919.83
381.5		3919.83
381.625		3919.83
381.75		3919.83
381.875		3919.83
382		3919.83
382.125		3938.12
382.25		3938.12
382.375		3938.12
382.5		3938.12
382.625		3938.12
382.75		3938.12
382.875		3938.12
383		3938.12
383.125		3939.77
383.25		3939.77
383.375		3939.77
383.5		3939.77
383.625		3939.77
383.75		3939.77
383.875		3939.77
384		3939.77
384.125		3940.14
384.25		3940.14
384.375		3940.14
384.5		3940.14
384.625		3940.14
384.75		3940.14
384.875		3940.14
385		3940.14
385.125		3958.62
385.25		3958.62
385.375		3958.62
385.5		3958.62
385.625		3958.62
385.75		3958.62
385.875		3958.62
386		3958.62
386.125		3975.08
386.25		3975.08
386.375		3975.08
386.5		3975.08
386.625		3975.08
386.75		3975.08
386.875		3975.08
387		3975.08
387.125		3984.05
387.25		3984.05
387.375		3984.05
387.5		3984.05
387.625		3984.05
387.75		3984.05
387.875		3984.05
388		3984.05
388.125		3989.72
388.25		3989.72
388.375		3989.72
388.5		3989.72
388.625		3989.72
388.75		3989.72
388.875		3989.72
389		3989.72
389.125		3991
389.25		3991
389.375		3991
389.5		3991
389.625		3991
389.75		3991
389.875		3991
390		3991
390.125		4012.22
390.25		4012.22
390.375		4012.22
390.5		4012.22
390.625		4012.22
390.75		4012.22
390.875		4012.22
391		4012.22
391.125		4026.86
391.25		4026.86
391.375		4026.86
391.5		4026.86
391.625		4026.86
391.75		4026.86
391.875		4026.86
392		4026.86
392.125		4031.61
392.25		4031.61
392.375		4031.61
392.5		4031.61
392.625		4031.61
392.75		4031.61
392.875		4031.61
393		4031.61
393.125		4043.69
393.25		4043.69
393.375		4043.69
393.5		4043.69
393.625		4043.69
393.75		4043.69
393.875		4043.69
394		4043.69
394.125		4064
394.25		4064
394.375		4064
394.5		4064
394.625		4064
394.75		4064
394.875		4064
395		4064
395.125		4065.64
395.25		4065.64
395.375		4065.64
395.5		4065.64
395.625		4065.64
395.75		4065.64
395.875		4065.64
396		4065.64
396.125		4076.26
396.25		4076.26
396.375		4076.26
396.5		4076.26
396.625		4076.26
396.75		4076.26
396.875		4076.26
397		4076.26
397.125		4076.62
397.25		4076.62
397.375		4076.62
397.5		4076.62
397.625		4076.62
397.75		4076.62
397.875		4076.62
398		4076.62
398.125		4093.82
398.25		4093.82
398.375		4093.82
398.5		4093.82
398.625		4093.82
398.75		4093.82
398.875		4093.82
399		4093.82
399.125		4108.64
399.25		4108.64
399.375		4108.64
399.5		4108.64
399.625		4108.64
399.75		4108.64
399.875		4108.64
400		4108.64
400.125		4130.96
400.25		4130.96
400.375		4130.96
400.5		4130.96
400.625		4130.96
400.75		4130.96
400.875		4130.96
401		4130.96
401.125		4139.19
401.25		4139.19
401.375		4139.19
401.5		4139.19
401.625		4139.19
401.75		4139.19
401.875		4139.19
402		4139.19
402.125		4145.23
402.25		4145.23
402.375		4145.23
402.5		4145.23
402.625		4145.23
402.75		4145.23
402.875		4145.23
403		4145.23
403.125		4164.99
403.25		4164.99
403.375		4164.99
403.5		4164.99
403.625		4164.99
403.75		4164.99
403.875		4164.99
404		4164.99
404.125		4165.36
404.25		4165.36
404.375		4165.36
404.5		4165.36
404.625		4165.36
404.75		4165.36
404.875		4165.36
405		4165.36
405.125		4181.64
405.25		4181.64
405.375		4181.64
405.5		4181.64
405.625		4181.64
405.75		4181.64
405.875		4181.64
406		4181.64
406.125		4196.28
406.25		4196.28
406.375		4196.28
406.5		4196.28
406.625		4196.28
406.75		4196.28
406.875		4196.28
407		4196.28
407.125		4207.98
407.25		4207.98
407.375		4207.98
407.5		4207.98
407.625		4207.98
407.75		4207.98
407.875		4207.98
408		4207.98
408.125		4219.69
408.25		4219.69
408.375		4219.69
408.5		4219.69
408.625		4219.69
408.75		4219.69
408.875		4219.69
409		4219.69
409.125		4232.68
409.25		4232.68
409.375		4232.68
409.5		4232.68
409.625		4232.68
409.75		4232.68
409.875		4232.68
410		4232.68
410.125		4236.16
410.25		4236.16
410.375		4236.16
410.5		4236.16
410.625		4236.16
410.75		4236.16
410.875		4236.16
411		4236.16
411.125		4256.83
411.25		4256.83
411.375		4256.83
411.5		4256.83
411.625		4256.83
411.75		4256.83
411.875		4256.83
412		4256.83
412.125		4275.68
412.25		4275.68
412.375		4275.68
412.5		4275.68
412.625		4275.68
412.75		4275.68
412.875		4275.68
413		4275.68
413.125		4283.54
413.25		4283.54
413.375		4283.54
413.5		4283.54
413.625		4283.54
413.75		4283.54
413.875		4283.54
414		4283.54
414.125		4303.67
414.25		4303.67
414.375		4303.67
414.5		4303.67
414.625		4303.67
414.75		4303.67
414.875		4303.67
415		4303.67
415.125		4305.32
415.25		4305.32
415.375		4305.32
415.5		4305.32
415.625		4305.32
415.75		4305.32
415.875		4305.32
416		4305.32
416.125		4327.45
416.25		4327.45
416.375		4327.45
416.5		4327.45
416.625		4327.45
416.75		4327.45
416.875		4327.45
417		4327.45
417.125		4329.65
417.25		4329.65
417.375		4329.65
417.5		4329.65
417.625		4329.65
417.75		4329.65
417.875		4329.65
418		4329.65
418.125		4331.3
418.25		4331.3
418.375		4331.3
418.5		4331.3
418.625		4331.3
418.75		4331.3
418.875		4331.3
419		4331.3
419.125		4347.03
419.25		4347.03
419.375		4347.03
419.5		4347.03
419.625		4347.03
419.75		4347.03
419.875		4347.03
420		4347.03
420.125		4363.13
420.25		4363.13
420.375		4363.13
420.5		4363.13
420.625		4363.13
420.75		4363.13
420.875		4363.13
421		4363.13
421.125		4383.07
421.25		4383.07
421.375		4383.07
421.5		4383.07
421.625		4383.07
421.75		4383.07
421.875		4383.07
422		4383.07
422.125		4391.67
422.25		4391.67
422.375		4391.67
422.5		4391.67
422.625		4391.67
422.75		4391.67
422.875		4391.67
423		4391.67
423.125		4394.6
423.25		4394.6
423.375		4394.6
423.5		4394.6
423.625		4394.6
423.75		4394.6
423.875		4394.6
424		4394.6
424.125		4405.76
424.25		4405.76
424.375		4405.76
424.5		4405.76
424.625		4405.76
424.75		4405.76
424.875		4405.76
425		4405.76
425.125		4422.41
425.25		4422.41
425.375		4422.41
425.5		4422.41
425.625		4422.41
425.75		4422.41
425.875		4422.41
426		4422.41
426.125		4434.85
426.25		4434.85
426.375		4434.85
426.5		4434.85
426.625		4434.85
426.75		4434.85
426.875		4434.85
427		4434.85
427.125		4438.87
427.25		4438.87
427.375		4438.87
427.5		4438.87
427.625		4438.87
427.75		4438.87
427.875		4438.87
428		4438.87
428.125		4453.88
428.25		4453.88
428.375		4453.88
428.5		4453.88
428.625		4453.88
428.75		4453.88
428.875		4453.88
429		4453.88
429.125		4481.69
429.25		4481.69
429.375		4481.69
429.5		4481.69
429.625		4481.69
429.75		4481.69
429.875		4481.69
430		4481.69
430.125		4488.27
430.25		4488.27
430.375		4488.27
430.5		4488.27
430.625		4488.27
430.75		4488.27
430.875		4488.27
431		4488.27
431.125		4495.77
431.25		4495.77
431.375		4495.77
431.5		4495.77
431.625		4495.77
431.75		4495.77
431.875		4495.77
432		4495.77
432.125		4497.05
432.25		4497.05
432.375		4497.05
432.5		4497.05
432.625		4497.05
432.75		4497.05
432.875		4497.05
433		4497.05
433.125		4507.85
433.25		4507.85
433.375		4507.85
433.5		4507.85
433.625		4507.85
433.75		4507.85
433.875		4507.85
434		4507.85
434.125		4525.41
434.25		4525.41
434.375		4525.41
434.5		4525.41
434.625		4525.41
434.75		4525.41
434.875		4525.41
435		4525.41
435.125		4534.56
435.25		4534.56
435.375		4534.56
435.5		4534.56
435.625		4534.56
435.75		4534.56
435.875		4534.56
436		4534.56
436.125		4548.28
436.25		4548.28
436.375		4548.28
436.5		4548.28
436.625		4548.28
436.75		4548.28
436.875		4548.28
437		4548.28
437.125		4552.67
437.25		4552.67
437.375		4552.67
437.5		4552.67
437.625		4552.67
437.75		4552.67
437.875		4552.67
438		4552.67
438.125		4576.09
438.25		4576.09
438.375		4576.09
438.5		4576.09
438.625		4576.09
438.75		4576.09
438.875		4576.09
439		4576.09
439.125		4577.19
439.25		4577.19
439.375		4577.19
439.5		4577.19
439.625		4577.19
439.75		4577.19
439.875		4577.19
440		4577.19
440.125		4585.61
440.25		4585.61
440.375		4585.61
440.5		4585.61
440.625		4585.61
440.75		4585.61
440.875		4585.61
441		4585.61
441.125		4599.69
441.25		4599.69
441.375		4599.69
441.5		4599.69
441.625		4599.69
441.75		4599.69
441.875		4599.69
442		4599.69
442.125		4602.62
442.25		4602.62
442.375		4602.62
442.5		4602.62
442.625		4602.62
442.75		4602.62
442.875		4602.62
443		4602.62
443.125		4630.8
443.25		4630.8
443.375		4630.8
443.5		4630.8
443.625		4630.8
443.75		4630.8
443.875		4630.8
444		4630.8
444.125		4634.82
444.25		4634.82
444.375		4634.82
444.5		4634.82
444.625		4634.82
444.75		4634.82
444.875		4634.82
445		4634.82
445.125		4637.56
445.25		4637.56
445.375		4637.56
445.5		4637.56
445.625		4637.56
445.75		4637.56
445.875		4637.56
446		4637.56
446.125		4651.84
446.25		4651.84
446.375		4651.84
446.5		4651.84
446.625		4651.84
446.75		4651.84
446.875		4651.84
447		4651.84
447.125		4666.65
447.25		4666.65
447.375		4666.65
447.5		4666.65
447.625		4666.65
447.75		4666.65
447.875		4666.65
448		4666.65
448.125		4669.22
448.25		4669.22
448.375		4669.22
448.5		4669.22
448.625		4669.22
448.75		4669.22
448.875		4669.22
449		4669.22
449.125		4683.67
449.25		4683.67
449.375		4683.67
449.5		4683.67
449.625		4683.67
449.75		4683.67
449.875		4683.67
450		4683.67
450.125		4685.5
450.25		4685.5
450.375		4685.5
450.5		4685.5
450.625		4685.5
450.75		4685.5
450.875		4685.5
451		4685.5
451.125		4710.2
451.25		4710.2
451.375		4710.2
451.5		4710.2
451.625		4710.2
451.75		4710.2
451.875		4710.2
452		4710.2
452.125		4728.68
452.25		4728.68
452.375		4728.68
452.5		4728.68
452.625		4728.68
452.75		4728.68
452.875		4728.68
453		4728.68
453.125		4730.51
453.25		4730.51
453.375		4730.51
453.5		4730.51
453.625		4730.51
453.75		4730.51
453.875		4730.51
454		4730.51
454.125		4732.15
454.25		4732.15
454.375		4732.15
454.5		4732.15
454.625		4732.15
454.75		4732.15
454.875		4732.15
455		4732.15
455.125		4732.7
455.25		4732.7
455.375		4732.7
455.5		4732.7
455.625		4732.7
455.75		4732.7
455.875		4732.7
456		4732.7
456.125		4769.66
456.25		4769.66
456.375		4769.66
456.5		4769.66
456.625		4769.66
456.75		4769.66
456.875		4769.66
457		4769.66
457.125		4776.98
457.25		4776.98
457.375		4776.98
457.5		4776.98
457.625		4776.98
457.75		4776.98
457.875		4776.98
458		4776.98
458.125		4780.45
458.25		4780.45
458.375		4780.45
458.5		4780.45
458.625		4780.45
458.75		4780.45
458.875		4780.45
459		4780.45
459.125		4796.74
459.25		4796.74
459.375		4796.74
459.5		4796.74
459.625		4796.74
459.75		4796.74
459.875		4796.74
460		4796.74
460.125		4809.73
460.25		4809.73
460.375		4809.73
460.5		4809.73
460.625		4809.73
460.75		4809.73
460.875		4809.73
461		4809.73
461.125		4817.59
461.25		4817.59
461.375		4817.59
461.5		4817.59
461.625		4817.59
461.75		4817.59
461.875		4817.59
462		4817.59
462.125		4823.81
462.25		4823.81
462.375		4823.81
462.5		4823.81
462.625		4823.81
462.75		4823.81
462.875		4823.81
463		4823.81
463.125		4832.41
463.25		4832.41
463.375		4832.41
463.5		4832.41
463.625		4832.41
463.75		4832.41
463.875		4832.41
464		4832.41
464.125		4851.26
464.25		4851.26
464.375		4851.26
464.5		4851.26
464.625		4851.26
464.75		4851.26
464.875		4851.26
465		4851.26
465.125		4866.99
465.25		4866.99
465.375		4866.99
465.5		4866.99
465.625		4866.99
465.75		4866.99
465.875		4866.99
466		4866.99
466.125		4869
466.25		4869
466.375		4869
466.5		4869
466.625		4869
466.75		4869
466.875		4869
467		4869
467.125		4871.02
467.25		4871.02
467.375		4871.02
467.5		4871.02
467.625		4871.02
467.75		4871.02
467.875		4871.02
468		4871.02
468.125		4899.01
468.25		4899.01
468.375		4899.01
468.5		4899.01
468.625		4899.01
468.75		4899.01
468.875		4899.01
469		4899.01
469.125		4912.91
469.25		4912.91
469.375		4912.91
469.5		4912.91
469.625		4912.91
469.75		4912.91
469.875		4912.91
470		4912.91
470.125		4914.19
470.25		4914.19
470.375		4914.19
470.5		4914.19
470.625		4914.19
470.75		4914.19
470.875		4914.19
471		4914.19
471.125		4922.24
471.25		4922.24
471.375		4922.24
471.5		4922.24
471.625		4922.24
471.75		4922.24
471.875		4922.24
472		4922.24
472.125		4931.76
472.25		4931.76
472.375		4931.76
472.5		4931.76
472.625		4931.76
472.75		4931.76
472.875		4931.76
473		4931.76
473.125		4945.48
473.25		4945.48
473.375		4945.48
473.5		4945.48
473.625		4945.48
473.75		4945.48
473.875		4945.48
474		4945.48
474.125		4952.07
474.25		4952.07
474.375		4952.07
474.5		4952.07
474.625		4952.07
474.75		4952.07
474.875		4952.07
475		4952.07
475.125		4957.74
475.25		4957.74
475.375		4957.74
475.5		4957.74
475.625		4957.74
475.75		4957.74
475.875		4957.74
476		4957.74
476.125		4982.44
476.25		4982.44
476.375		4982.44
476.5		4982.44
476.625		4982.44
476.75		4982.44
476.875		4982.44
477		4982.44
477.125		4995.24
477.25		4995.24
477.375		4995.24
477.5		4995.24
477.625		4995.24
477.75		4995.24
477.875		4995.24
478		4995.24
478.125		4999.27
478.25		4999.27
478.375		4999.27
478.5		4999.27
478.625		4999.27
478.75		4999.27
478.875		4999.27
479		4999.27
479.125		0
479.25		0
479.375		0
479.5		0
479.625		0
479.75		0
479.875		0
480		0
480.125		0
480.25		0
480.375		0
480.5		0
480.625		0
480.75		0
480.875		0
481		0
481.125		0
481.25		0
481.375		0
481.5		0
481.625		0
481.75		0
481.875		0
482		0
482.125		0
482.25		0
482.375		0
482.5		0
482.625		0
482.75		0
482.875		0
483		0
483.125		0
483.25		0
483.375		0
483.5		0
483.625		0
483.75		0
483.875		0
484		0
484.125		0
484.25		0
484.375		0
484.5		0
484.625		0
484.75		0
484.875		0
485		0
485.125		0
485.25		0
485.375		0
485.5		0
485.625		0
485.75		0
485.875		0
486		0
486.125		0
486.25		0
486.375		0
486.5		0
486.625		0
486.75		0
486.875		0
487		0
487.125		0
487.25		0
487.375		0
487.5		0
487.625		0
487.75		0
487.875		0
488		0
488.125		0
488.25		0
488.375		0
488.5		0
488.625		0
488.75		0
488.875		0
489		0
489.125		0
489.25		0
489.375		0
489.5		0
489.625		0
489.75		0
489.875		0
490		0
490.125		0
490.25		0
490.375		0
490.5		0
490.625		0
490.75		0
490.875		0
491		0
491.125		0
491.25		0
491.375		0
491.5		0
491.625		0
491.75		0
491.875		0
492		0
492.125		0
492.25		0
492.375		0
492.5		0
492.625		0
492.75		0
492.875		0
493		0
493.125		0
493.25		0
493.375		0
493.5		0
493.625		0
493.75		0
493.875		0
494		0
494.125		0
494.25		0
494.375		0
494.5		0
494.625		0
494.75		0
494.875		0
495		0
495.125		0
495.25		0
495.375		0
495.5		0
495.625		0
495.75		0
495.875		0
496		0
496.125		0
496.25		0
496.375		0
496.5		0
496.625		0
496.75		0
496.875		0
497		0
497.125		0
497.25		0
497.375		0
497.5		0
497.625		0
497.75		0
497.875		0
498		0
498.125		0
498.25		0
498.375		0
498.5		0
498.625		0
498.75		0
498.875		0
499		0
499.125		0
499.25		0
499.375		0
499.5		0
499.625		0
499.75		0
499.875		0
500		0
