# Calibration file of tamex_id 1 @ channel 31
# fine_T bin		 Calibration value
0.125		0
0.25		0
0.375		0
0.5		0
0.625		0
0.75		0
0.875		0
1		0
1.125		0
1.25		0
1.375		0
1.5		0
1.625		0
1.75		0
1.875		0
2		0
2.125		0
2.25		0
2.375		0
2.5		0
2.625		0
2.75		0
2.875		0
3		0
3.125		0
3.25		0
3.375		0
3.5		0
3.625		0
3.75		0
3.875		0
4		0
4.125		0
4.25		0
4.375		0
4.5		0
4.625		0
4.75		0
4.875		0
5		0
5.125		0
5.25		0
5.375		0
5.5		0
5.625		0
5.75		0
5.875		0
6		0
6.125		0
6.25		0
6.375		0
6.5		0
6.625		0
6.75		0
6.875		0
7		0
7.125		0
7.25		0
7.375		0
7.5		0
7.625		0
7.75		0
7.875		0
8		0
8.125		0
8.25		0
8.375		0
8.5		0
8.625		0
8.75		0
8.875		0
9		0
9.125		0
9.25		0
9.375		0
9.5		0
9.625		0
9.75		0
9.875		0
10		0
10.125		0
10.25		0
10.375		0
10.5		0
10.625		0
10.75		0
10.875		0
11		0
11.125		0
11.25		0
11.375		0
11.5		0
11.625		0
11.75		0
11.875		0
12		0
12.125		0
12.25		0
12.375		0
12.5		0
12.625		0
12.75		0
12.875		0
13		0
13.125		0
13.25		0
13.375		0
13.5		0
13.625		0
13.75		0
13.875		0
14		0
14.125		0
14.25		0
14.375		0
14.5		0
14.625		0
14.75		0
14.875		0
15		0
15.125		0
15.25		0
15.375		0
15.5		0
15.625		0
15.75		0
15.875		0
16		0
16.125		8.69943
16.25		8.69943
16.375		8.69943
16.5		8.69943
16.625		8.69943
16.75		8.69943
16.875		8.69943
17		8.69943
17.125		38.06
17.25		38.06
17.375		38.06
17.5		38.06
17.625		38.06
17.75		38.06
17.875		38.06
18		38.06
18.125		51.5441
18.25		51.5441
18.375		51.5441
18.5		51.5441
18.625		51.5441
18.75		51.5441
18.875		51.5441
19		51.5441
19.125		56.1114
19.25		56.1114
19.375		56.1114
19.5		56.1114
19.625		56.1114
19.75		56.1114
19.875		56.1114
20		56.1114
20.125		89.8217
20.25		89.8217
20.375		89.8217
20.5		89.8217
20.625		89.8217
20.75		89.8217
20.875		89.8217
21		89.8217
21.125		91.3441
21.25		91.3441
21.375		91.3441
21.5		91.3441
21.625		91.3441
21.75		91.3441
21.875		91.3441
22		91.3441
22.125		102.653
22.25		102.653
22.375		102.653
22.5		102.653
22.625		102.653
22.75		102.653
22.875		102.653
23		102.653
23.125		122.01
23.25		122.01
23.375		122.01
23.5		122.01
23.625		122.01
23.75		122.01
23.875		122.01
24		122.01
24.125		131.579
24.25		131.579
24.375		131.579
24.5		131.579
24.625		131.579
24.75		131.579
24.875		131.579
25		131.579
25.125		140.713
25.25		140.713
25.375		140.713
25.5		140.713
25.625		140.713
25.75		140.713
25.875		140.713
26		140.713
26.125		156.372
26.25		156.372
26.375		156.372
26.5		156.372
26.625		156.372
26.75		156.372
26.875		156.372
27		156.372
27.125		168.769
27.25		168.769
27.375		168.769
27.5		168.769
27.625		168.769
27.75		168.769
27.875		168.769
28		168.769
28.125		170.944
28.25		170.944
28.375		170.944
28.5		170.944
28.625		170.944
28.75		170.944
28.875		170.944
29		170.944
29.125		173.119
29.25		173.119
29.375		173.119
29.5		173.119
29.625		173.119
29.75		173.119
29.875		173.119
30		173.119
30.125		181.166
30.25		181.166
30.375		181.166
30.5		181.166
30.625		181.166
30.75		181.166
30.875		181.166
31		181.166
31.125		202.697
31.25		202.697
31.375		202.697
31.5		202.697
31.625		202.697
31.75		202.697
31.875		202.697
32		202.697
32.125		204.654
32.25		204.654
32.375		204.654
32.5		204.654
32.625		204.654
32.75		204.654
32.875		204.654
33		204.654
33.125		227.055
33.25		227.055
33.375		227.055
33.5		227.055
33.625		227.055
33.75		227.055
33.875		227.055
34		227.055
34.125		241.627
34.25		241.627
34.375		241.627
34.5		241.627
34.625		241.627
34.75		241.627
34.875		241.627
35		241.627
35.125		250.544
35.25		250.544
35.375		250.544
35.5		250.544
35.625		250.544
35.75		250.544
35.875		250.544
36		250.544
36.125		253.589
36.25		253.589
36.375		253.589
36.5		253.589
36.625		253.589
36.75		253.589
36.875		253.589
37		253.589
37.125		262.07
37.25		262.07
37.375		262.07
37.5		262.07
37.625		262.07
37.75		262.07
37.875		262.07
38		262.07
38.125		267.29
38.25		267.29
38.375		267.29
38.5		267.29
38.625		267.29
38.75		267.29
38.875		267.29
39		267.29
39.125		285.341
39.25		285.341
39.375		285.341
39.5		285.341
39.625		285.341
39.75		285.341
39.875		285.341
40		285.341
40.125		298.173
40.25		298.173
40.375		298.173
40.5		298.173
40.625		298.173
40.75		298.173
40.875		298.173
41		298.173
41.125		302.958
41.25		302.958
41.375		302.958
41.5		302.958
41.625		302.958
41.75		302.958
41.875		302.958
42		302.958
42.125		325.359
42.25		325.359
42.375		325.359
42.5		325.359
42.625		325.359
42.75		325.359
42.875		325.359
43		325.359
43.125		326.664
43.25		326.664
43.375		326.664
43.5		326.664
43.625		326.664
43.75		326.664
43.875		326.664
44		326.664
44.125		328.621
44.25		328.621
44.375		328.621
44.5		328.621
44.625		328.621
44.75		328.621
44.875		328.621
45		328.621
45.125		333.623
45.25		333.623
45.375		333.623
45.5		333.623
45.625		333.623
45.75		333.623
45.875		333.623
46		333.623
46.125		360.157
46.25		360.157
46.375		360.157
46.5		360.157
46.625		360.157
46.75		360.157
46.875		360.157
47		360.157
47.125		375.163
47.25		375.163
47.375		375.163
47.5		375.163
47.625		375.163
47.75		375.163
47.875		375.163
48		375.163
48.125		375.816
48.25		375.816
48.375		375.816
48.5		375.816
48.625		375.816
48.75		375.816
48.875		375.816
49		375.816
49.125		379.295
49.25		379.295
49.375		379.295
49.5		379.295
49.625		379.295
49.75		379.295
49.875		379.295
50		379.295
50.125		391.04
50.25		391.04
50.375		391.04
50.5		391.04
50.625		391.04
50.75		391.04
50.875		391.04
51		391.04
51.125		417.573
51.25		417.573
51.375		417.573
51.5		417.573
51.625		417.573
51.75		417.573
51.875		417.573
52		417.573
52.125		419.965
52.25		419.965
52.375		419.965
52.5		419.965
52.625		419.965
52.75		419.965
52.875		419.965
53		419.965
53.125		423.01
53.25		423.01
53.375		423.01
53.5		423.01
53.625		423.01
53.75		423.01
53.875		423.01
54		423.01
54.125		425.62
54.25		425.62
54.375		425.62
54.5		425.62
54.625		425.62
54.75		425.62
54.875		425.62
55		425.62
55.125		441.931
55.25		441.931
55.375		441.931
55.5		441.931
55.625		441.931
55.75		441.931
55.875		441.931
56		441.931
56.125		461.94
56.25		461.94
56.375		461.94
56.5		461.94
56.625		461.94
56.75		461.94
56.875		461.94
57		461.94
57.125		469.769
57.25		469.769
57.375		469.769
57.5		469.769
57.625		469.769
57.75		469.769
57.875		469.769
58		469.769
58.125		481.514
58.25		481.514
58.375		481.514
58.5		481.514
58.625		481.514
58.75		481.514
58.875		481.514
59		481.514
59.125		491.736
59.25		491.736
59.375		491.736
59.5		491.736
59.625		491.736
59.75		491.736
59.875		491.736
60		491.736
60.125		515.659
60.25		515.659
60.375		515.659
60.5		515.659
60.625		515.659
60.75		515.659
60.875		515.659
61		515.659
61.125		521.531
61.25		521.531
61.375		521.531
61.5		521.531
61.625		521.531
61.75		521.531
61.875		521.531
62		521.531
62.125		523.271
62.25		523.271
62.375		523.271
62.5		523.271
62.625		523.271
62.75		523.271
62.875		523.271
63		523.271
63.125		530.448
63.25		530.448
63.375		530.448
63.5		530.448
63.625		530.448
63.75		530.448
63.875		530.448
64		530.448
64.125		542.192
64.25		542.192
64.375		542.192
64.5		542.192
64.625		542.192
64.75		542.192
64.875		542.192
65		542.192
65.125		558.721
65.25		558.721
65.375		558.721
65.5		558.721
65.625		558.721
65.75		558.721
65.875		558.721
66		558.721
66.125		568.508
66.25		568.508
66.375		568.508
66.5		568.508
66.625		568.508
66.75		568.508
66.875		568.508
67		568.508
67.125		581.557
67.25		581.557
67.375		581.557
67.5		581.557
67.625		581.557
67.75		581.557
67.875		581.557
68		581.557
68.125		595.694
68.25		595.694
68.375		595.694
68.5		595.694
68.625		595.694
68.75		595.694
68.875		595.694
69		595.694
69.125		603.523
69.25		603.523
69.375		603.523
69.5		603.523
69.625		603.523
69.75		603.523
69.875		603.523
70		603.523
70.125		609.395
70.25		609.395
70.375		609.395
70.5		609.395
70.625		609.395
70.75		609.395
70.875		609.395
71		609.395
71.125		614.398
71.25		614.398
71.375		614.398
71.5		614.398
71.625		614.398
71.75		614.398
71.875		614.398
72		614.398
72.125		634.624
72.25		634.624
72.375		634.624
72.5		634.624
72.625		634.624
72.75		634.624
72.875		634.624
73		634.624
73.125		646.585
73.25		646.585
73.375		646.585
73.5		646.585
73.625		646.585
73.75		646.585
73.875		646.585
74		646.585
74.125		655.285
74.25		655.285
74.375		655.285
74.5		655.285
74.625		655.285
74.75		655.285
74.875		655.285
75		655.285
75.125		669.204
75.25		669.204
75.375		669.204
75.5		669.204
75.625		669.204
75.75		669.204
75.875		669.204
76		669.204
76.125		675.294
76.25		675.294
76.375		675.294
76.5		675.294
76.625		675.294
76.75		675.294
76.875		675.294
77		675.294
77.125		685.95
77.25		685.95
77.375		685.95
77.5		685.95
77.625		685.95
77.75		685.95
77.875		685.95
78		685.95
78.125		688.343
78.25		688.343
78.375		688.343
78.5		688.343
78.625		688.343
78.75		688.343
78.875		688.343
79		688.343
79.125		720.313
79.25		720.313
79.375		720.313
79.5		720.313
79.625		720.313
79.75		720.313
79.875		720.313
80		720.313
80.125		727.055
80.25		727.055
80.375		727.055
80.5		727.055
80.625		727.055
80.75		727.055
80.875		727.055
81		727.055
81.125		742.497
81.25		742.497
81.375		742.497
81.5		742.497
81.625		742.497
81.75		742.497
81.875		742.497
82		742.497
82.125		757.721
82.25		757.721
82.375		757.721
82.5		757.721
82.625		757.721
82.75		757.721
82.875		757.721
83		757.721
83.125		759.678
83.25		759.678
83.375		759.678
83.5		759.678
83.625		759.678
83.75		759.678
83.875		759.678
84		759.678
84.125		783.602
84.25		783.602
84.375		783.602
84.5		783.602
84.625		783.602
84.75		783.602
84.875		783.602
85		783.602
85.125		799.261
85.25		799.261
85.375		799.261
85.5		799.261
85.625		799.261
85.75		799.261
85.875		799.261
86		799.261
86.125		800.13
86.25		800.13
86.375		800.13
86.5		800.13
86.625		800.13
86.75		800.13
86.875		800.13
87		800.13
87.125		811.657
87.25		811.657
87.375		811.657
87.5		811.657
87.625		811.657
87.75		811.657
87.875		811.657
88		811.657
88.125		815.137
88.25		815.137
88.375		815.137
88.5		815.137
88.625		815.137
88.75		815.137
88.875		815.137
89		815.137
89.125		833.841
89.25		833.841
89.375		833.841
89.5		833.841
89.625		833.841
89.75		833.841
89.875		833.841
90		833.841
90.125		842.975
90.25		842.975
90.375		842.975
90.5		842.975
90.625		842.975
90.75		842.975
90.875		842.975
91		842.975
91.125		847.977
91.25		847.977
91.375		847.977
91.5		847.977
91.625		847.977
91.75		847.977
91.875		847.977
92		847.977
92.125		857.547
92.25		857.547
92.375		857.547
92.5		857.547
92.625		857.547
92.75		857.547
92.875		857.547
93		857.547
93.125		869.508
93.25		869.508
93.375		869.508
93.5		869.508
93.625		869.508
93.75		869.508
93.875		869.508
94		869.508
94.125		876.686
94.25		876.686
94.375		876.686
94.5		876.686
94.625		876.686
94.75		876.686
94.875		876.686
95		876.686
95.125		882.123
95.25		882.123
95.375		882.123
95.5		882.123
95.625		882.123
95.75		882.123
95.875		882.123
96		882.123
96.125		886.907
96.25		886.907
96.375		886.907
96.5		886.907
96.625		886.907
96.75		886.907
96.875		886.907
97		886.907
97.125		914.528
97.25		914.528
97.375		914.528
97.5		914.528
97.625		914.528
97.75		914.528
97.875		914.528
98		914.528
98.125		924.532
98.25		924.532
98.375		924.532
98.5		924.532
98.625		924.532
98.75		924.532
98.875		924.532
99		924.532
99.125		937.147
99.25		937.147
99.375		937.147
99.5		937.147
99.625		937.147
99.75		937.147
99.875		937.147
100		937.147
100.125		940.191
100.25		940.191
100.375		940.191
100.5		940.191
100.625		940.191
100.75		940.191
100.875		940.191
101		940.191
101.125		940.626
101.25		940.626
101.375		940.626
101.5		940.626
101.625		940.626
101.75		940.626
101.875		940.626
102		940.626
102.125		973.467
102.25		973.467
102.375		973.467
102.5		973.467
102.625		973.467
102.75		973.467
102.875		973.467
103		973.467
103.125		983.254
103.25		983.254
103.375		983.254
103.5		983.254
103.625		983.254
103.75		983.254
103.875		983.254
104		983.254
104.125		994.563
104.25		994.563
104.375		994.563
104.5		994.563
104.625		994.563
104.75		994.563
104.875		994.563
105		994.563
105.125		997.608
105.25		997.608
105.375		997.608
105.5		997.608
105.625		997.608
105.75		997.608
105.875		997.608
106		997.608
106.125		1022.62
106.25		1022.62
106.375		1022.62
106.5		1022.62
106.625		1022.62
106.75		1022.62
106.875		1022.62
107		1022.62
107.125		1033.06
107.25		1033.06
107.375		1033.06
107.5		1033.06
107.625		1033.06
107.75		1033.06
107.875		1033.06
108		1033.06
108.125		1036.1
108.25		1036.1
108.375		1036.1
108.5		1036.1
108.625		1036.1
108.75		1036.1
108.875		1036.1
109		1036.1
109.125		1043.71
109.25		1043.71
109.375		1043.71
109.5		1043.71
109.625		1043.71
109.75		1043.71
109.875		1043.71
110		1043.71
110.125		1075.9
110.25		1075.9
110.375		1075.9
110.5		1075.9
110.625		1075.9
110.75		1075.9
110.875		1075.9
111		1075.9
111.125		1084.82
111.25		1084.82
111.375		1084.82
111.5		1084.82
111.625		1084.82
111.75		1084.82
111.875		1084.82
112		1084.82
112.125		1087.43
112.25		1087.43
112.375		1087.43
112.5		1087.43
112.625		1087.43
112.75		1087.43
112.875		1087.43
113		1087.43
113.125		1116.79
113.25		1116.79
113.375		1116.79
113.5		1116.79
113.625		1116.79
113.75		1116.79
113.875		1116.79
114		1116.79
114.125		1134.41
114.25		1134.41
114.375		1134.41
114.5		1134.41
114.625		1134.41
114.75		1134.41
114.875		1134.41
115		1134.41
115.125		1147.46
115.25		1147.46
115.375		1147.46
115.5		1147.46
115.625		1147.46
115.75		1147.46
115.875		1147.46
116		1147.46
116.125		1148.76
116.25		1148.76
116.375		1148.76
116.5		1148.76
116.625		1148.76
116.75		1148.76
116.875		1148.76
117		1148.76
117.125		1169.42
117.25		1169.42
117.375		1169.42
117.5		1169.42
117.625		1169.42
117.75		1169.42
117.875		1169.42
118		1169.42
118.125		1180.95
118.25		1180.95
118.375		1180.95
118.5		1180.95
118.625		1180.95
118.75		1180.95
118.875		1180.95
119		1180.95
119.125		1202.26
119.25		1202.26
119.375		1202.26
119.5		1202.26
119.625		1202.26
119.75		1202.26
119.875		1202.26
120		1202.26
120.125		1204.22
120.25		1204.22
120.375		1204.22
120.5		1204.22
120.625		1204.22
120.75		1204.22
120.875		1204.22
121		1204.22
121.125		1212.27
121.25		1212.27
121.375		1212.27
121.5		1212.27
121.625		1212.27
121.75		1212.27
121.875		1212.27
122		1212.27
122.125		1220.31
122.25		1220.31
122.375		1220.31
122.5		1220.31
122.625		1220.31
122.75		1220.31
122.875		1220.31
123		1220.31
123.125		1232.71
123.25		1232.71
123.375		1232.71
123.5		1232.71
123.625		1232.71
123.75		1232.71
123.875		1232.71
124		1232.71
124.125		1234.45
124.25		1234.45
124.375		1234.45
124.5		1234.45
124.625		1234.45
124.75		1234.45
124.875		1234.45
125		1234.45
125.125		1261.85
125.25		1261.85
125.375		1261.85
125.5		1261.85
125.625		1261.85
125.75		1261.85
125.875		1261.85
126		1261.85
126.125		1266.86
126.25		1266.86
126.375		1266.86
126.5		1266.86
126.625		1266.86
126.75		1266.86
126.875		1266.86
127		1266.86
127.125		1272.51
127.25		1272.51
127.375		1272.51
127.5		1272.51
127.625		1272.51
127.75		1272.51
127.875		1272.51
128		1272.51
128.125		1279.47
128.25		1279.47
128.375		1279.47
128.5		1279.47
128.625		1279.47
128.75		1279.47
128.875		1279.47
129		1279.47
129.125		1304.48
129.25		1304.48
129.375		1304.48
129.5		1304.48
129.625		1304.48
129.75		1304.48
129.875		1304.48
130		1304.48
130.125		1308.18
130.25		1308.18
130.375		1308.18
130.5		1308.18
130.625		1308.18
130.75		1308.18
130.875		1308.18
131		1308.18
131.125		1322.1
131.25		1322.1
131.375		1322.1
131.5		1322.1
131.625		1322.1
131.75		1322.1
131.875		1322.1
132		1322.1
132.125		1323.62
132.25		1323.62
132.375		1323.62
132.5		1323.62
132.625		1323.62
132.75		1323.62
132.875		1323.62
133		1323.62
133.125		1338.84
133.25		1338.84
133.375		1338.84
133.5		1338.84
133.625		1338.84
133.75		1338.84
133.875		1338.84
134		1338.84
134.125		1369.07
134.25		1369.07
134.375		1369.07
134.5		1369.07
134.625		1369.07
134.75		1369.07
134.875		1369.07
135		1369.07
135.125		1370.6
135.25		1370.6
135.375		1370.6
135.5		1370.6
135.625		1370.6
135.75		1370.6
135.875		1370.6
136		1370.6
136.125		1371.25
136.25		1371.25
136.375		1371.25
136.5		1371.25
136.625		1371.25
136.75		1371.25
136.875		1371.25
137		1371.25
137.125		1387.78
137.25		1387.78
137.375		1387.78
137.5		1387.78
137.625		1387.78
137.75		1387.78
137.875		1387.78
138		1387.78
138.125		1408
138.25		1408
138.375		1408
138.5		1408
138.625		1408
138.75		1408
138.875		1408
139		1408
139.125		1425.18
139.25		1425.18
139.375		1425.18
139.5		1425.18
139.625		1425.18
139.75		1425.18
139.875		1425.18
140		1425.18
140.125		1435.19
140.25		1435.19
140.375		1435.19
140.5		1435.19
140.625		1435.19
140.75		1435.19
140.875		1435.19
141		1435.19
141.125		1436.71
141.25		1436.71
141.375		1436.71
141.5		1436.71
141.625		1436.71
141.75		1436.71
141.875		1436.71
142		1436.71
142.125		1456.07
142.25		1456.07
142.375		1456.07
142.5		1456.07
142.625		1456.07
142.75		1456.07
142.875		1456.07
143		1456.07
143.125		1459.98
143.25		1459.98
143.375		1459.98
143.5		1459.98
143.625		1459.98
143.75		1459.98
143.875		1459.98
144		1459.98
144.125		1473.9
144.25		1473.9
144.375		1473.9
144.5		1473.9
144.625		1473.9
144.75		1473.9
144.875		1473.9
145		1473.9
145.125		1479.56
145.25		1479.56
145.375		1479.56
145.5		1479.56
145.625		1479.56
145.75		1479.56
145.875		1479.56
146		1479.56
146.125		1489.34
146.25		1489.34
146.375		1489.34
146.5		1489.34
146.625		1489.34
146.75		1489.34
146.875		1489.34
147		1489.34
147.125		1498.26
147.25		1498.26
147.375		1498.26
147.5		1498.26
147.625		1498.26
147.75		1498.26
147.875		1498.26
148		1498.26
148.125		1523.05
148.25		1523.05
148.375		1523.05
148.5		1523.05
148.625		1523.05
148.75		1523.05
148.875		1523.05
149		1523.05
149.125		1527.19
149.25		1527.19
149.375		1527.19
149.5		1527.19
149.625		1527.19
149.75		1527.19
149.875		1527.19
150		1527.19
150.125		1527.62
150.25		1527.62
150.375		1527.62
150.5		1527.62
150.625		1527.62
150.75		1527.62
150.875		1527.62
151		1527.62
151.125		1533.28
151.25		1533.28
151.375		1533.28
151.5		1533.28
151.625		1533.28
151.75		1533.28
151.875		1533.28
152		1533.28
152.125		1559.37
152.25		1559.37
152.375		1559.37
152.5		1559.37
152.625		1559.37
152.75		1559.37
152.875		1559.37
153		1559.37
153.125		1563.72
153.25		1563.72
153.375		1563.72
153.5		1563.72
153.625		1563.72
153.75		1563.72
153.875		1563.72
154		1563.72
154.125		1565.25
154.25		1565.25
154.375		1565.25
154.5		1565.25
154.625		1565.25
154.75		1565.25
154.875		1565.25
155		1565.25
155.125		1572.42
155.25		1572.42
155.375		1572.42
155.5		1572.42
155.625		1572.42
155.75		1572.42
155.875		1572.42
156		1572.42
156.125		1599.61
156.25		1599.61
156.375		1599.61
156.5		1599.61
156.625		1599.61
156.75		1599.61
156.875		1599.61
157		1599.61
157.125		1601.13
157.25		1601.13
157.375		1601.13
157.5		1601.13
157.625		1601.13
157.75		1601.13
157.875		1601.13
158		1601.13
158.125		1615.05
158.25		1615.05
158.375		1615.05
158.5		1615.05
158.625		1615.05
158.75		1615.05
158.875		1615.05
159		1615.05
159.125		1622.01
159.25		1622.01
159.375		1622.01
159.5		1622.01
159.625		1622.01
159.75		1622.01
159.875		1622.01
160		1622.01
160.125		1638.1
160.25		1638.1
160.375		1638.1
160.5		1638.1
160.625		1638.1
160.75		1638.1
160.875		1638.1
161		1638.1
161.125		1651.15
161.25		1651.15
161.375		1651.15
161.5		1651.15
161.625		1651.15
161.75		1651.15
161.875		1651.15
162		1651.15
162.125		1655.07
162.25		1655.07
162.375		1655.07
162.5		1655.07
162.625		1655.07
162.75		1655.07
162.875		1655.07
163		1655.07
163.125		1660.29
163.25		1660.29
163.375		1660.29
163.5		1660.29
163.625		1660.29
163.75		1660.29
163.875		1660.29
164		1660.29
164.125		1675.51
164.25		1675.51
164.375		1675.51
164.5		1675.51
164.625		1675.51
164.75		1675.51
164.875		1675.51
165		1675.51
165.125		1680.08
165.25		1680.08
165.375		1680.08
165.5		1680.08
165.625		1680.08
165.75		1680.08
165.875		1680.08
166		1680.08
166.125		1693.34
166.25		1693.34
166.375		1693.34
166.5		1693.34
166.625		1693.34
166.75		1693.34
166.875		1693.34
167		1693.34
167.125		1717.49
167.25		1717.49
167.375		1717.49
167.5		1717.49
167.625		1717.49
167.75		1717.49
167.875		1717.49
168		1717.49
168.125		1719.88
168.25		1719.88
168.375		1719.88
168.5		1719.88
168.625		1719.88
168.75		1719.88
168.875		1719.88
169		1719.88
169.125		1733.14
169.25		1733.14
169.375		1733.14
169.5		1733.14
169.625		1733.14
169.75		1733.14
169.875		1733.14
170		1733.14
170.125		1740.1
170.25		1740.1
170.375		1740.1
170.5		1740.1
170.625		1740.1
170.75		1740.1
170.875		1740.1
171		1740.1
171.125		1748.59
171.25		1748.59
171.375		1748.59
171.5		1748.59
171.625		1748.59
171.75		1748.59
171.875		1748.59
172		1748.59
172.125		1756.63
172.25		1756.63
172.375		1756.63
172.5		1756.63
172.625		1756.63
172.75		1756.63
172.875		1756.63
173		1756.63
173.125		1772.29
173.25		1772.29
173.375		1772.29
173.5		1772.29
173.625		1772.29
173.75		1772.29
173.875		1772.29
174		1772.29
174.125		1780.56
174.25		1780.56
174.375		1780.56
174.5		1780.56
174.625		1780.56
174.75		1780.56
174.875		1780.56
175		1780.56
175.125		1784.91
175.25		1784.91
175.375		1784.91
175.5		1784.91
175.625		1784.91
175.75		1784.91
175.875		1784.91
176		1784.91
176.125		1790.78
176.25		1790.78
176.375		1790.78
176.5		1790.78
176.625		1790.78
176.75		1790.78
176.875		1790.78
177		1790.78
177.125		1804.48
177.25		1804.48
177.375		1804.48
177.5		1804.48
177.625		1804.48
177.75		1804.48
177.875		1804.48
178		1804.48
178.125		1821.01
178.25		1821.01
178.375		1821.01
178.5		1821.01
178.625		1821.01
178.75		1821.01
178.875		1821.01
179		1821.01
179.125		1827.1
179.25		1827.1
179.375		1827.1
179.5		1827.1
179.625		1827.1
179.75		1827.1
179.875		1827.1
180		1827.1
180.125		1840.15
180.25		1840.15
180.375		1840.15
180.5		1840.15
180.625		1840.15
180.75		1840.15
180.875		1840.15
181		1840.15
181.125		1841.67
181.25		1841.67
181.375		1841.67
181.5		1841.67
181.625		1841.67
181.75		1841.67
181.875		1841.67
182		1841.67
182.125		1859.29
182.25		1859.29
182.375		1859.29
182.5		1859.29
182.625		1859.29
182.75		1859.29
182.875		1859.29
183		1859.29
183.125		1861.03
183.25		1861.03
183.375		1861.03
183.5		1861.03
183.625		1861.03
183.75		1861.03
183.875		1861.03
184		1861.03
184.125		1878.43
184.25		1878.43
184.375		1878.43
184.5		1878.43
184.625		1878.43
184.75		1878.43
184.875		1878.43
185		1878.43
185.125		1881.91
185.25		1881.91
185.375		1881.91
185.5		1881.91
185.625		1881.91
185.75		1881.91
185.875		1881.91
186		1881.91
186.125		1902.57
186.25		1902.57
186.375		1902.57
186.5		1902.57
186.625		1902.57
186.75		1902.57
186.875		1902.57
187		1902.57
187.125		1903
187.25		1903
187.375		1903
187.5		1903
187.625		1903
187.75		1903
187.875		1903
188		1903
188.125		1913.66
188.25		1913.66
188.375		1913.66
188.5		1913.66
188.625		1913.66
188.75		1913.66
188.875		1913.66
189		1913.66
189.125		1922.14
189.25		1922.14
189.375		1922.14
189.5		1922.14
189.625		1922.14
189.75		1922.14
189.875		1922.14
190		1922.14
190.125		1945.41
190.25		1945.41
190.375		1945.41
190.5		1945.41
190.625		1945.41
190.75		1945.41
190.875		1945.41
191		1945.41
191.125		1953.46
191.25		1953.46
191.375		1953.46
191.5		1953.46
191.625		1953.46
191.75		1953.46
191.875		1953.46
192		1953.46
192.125		1956.07
192.25		1956.07
192.375		1956.07
192.5		1956.07
192.625		1956.07
192.75		1956.07
192.875		1956.07
193		1956.07
193.125		1967.38
193.25		1967.38
193.375		1967.38
193.5		1967.38
193.625		1967.38
193.75		1967.38
193.875		1967.38
194		1967.38
194.125		1978.47
194.25		1978.47
194.375		1978.47
194.5		1978.47
194.625		1978.47
194.75		1978.47
194.875		1978.47
195		1978.47
195.125		1999.78
195.25		1999.78
195.375		1999.78
195.5		1999.78
195.625		1999.78
195.75		1999.78
195.875		1999.78
196		1999.78
196.125		2003.26
196.25		2003.26
196.375		2003.26
196.5		2003.26
196.625		2003.26
196.75		2003.26
196.875		2003.26
197		2003.26
197.125		2009.57
197.25		2009.57
197.375		2009.57
197.5		2009.57
197.625		2009.57
197.75		2009.57
197.875		2009.57
198		2009.57
198.125		2026.1
198.25		2026.1
198.375		2026.1
198.5		2026.1
198.625		2026.1
198.75		2026.1
198.875		2026.1
199		2026.1
199.125		2032.62
199.25		2032.62
199.375		2032.62
199.5		2032.62
199.625		2032.62
199.75		2032.62
199.875		2032.62
200		2032.62
200.125		2036.1
200.25		2036.1
200.375		2036.1
200.5		2036.1
200.625		2036.1
200.75		2036.1
200.875		2036.1
201		2036.1
201.125		2053.28
201.25		2053.28
201.375		2053.28
201.5		2053.28
201.625		2053.28
201.75		2053.28
201.875		2053.28
202		2053.28
202.125		2055.02
202.25		2055.02
202.375		2055.02
202.5		2055.02
202.625		2055.02
202.75		2055.02
202.875		2055.02
203		2055.02
203.125		2085.25
203.25		2085.25
203.375		2085.25
203.5		2085.25
203.625		2085.25
203.75		2085.25
203.875		2085.25
204		2085.25
204.125		2107.22
204.25		2107.22
204.375		2107.22
204.5		2107.22
204.625		2107.22
204.75		2107.22
204.875		2107.22
205		2107.22
205.125		2108.31
205.25		2108.31
205.375		2108.31
205.5		2108.31
205.625		2108.31
205.75		2108.31
205.875		2108.31
206		2108.31
206.125		2114.4
206.25		2114.4
206.375		2114.4
206.5		2114.4
206.625		2114.4
206.75		2114.4
206.875		2114.4
207		2114.4
207.125		2116.35
207.25		2116.35
207.375		2116.35
207.5		2116.35
207.625		2116.35
207.75		2116.35
207.875		2116.35
208		2116.35
208.125		2141.8
208.25		2141.8
208.375		2141.8
208.5		2141.8
208.625		2141.8
208.75		2141.8
208.875		2141.8
209		2141.8
209.125		2154.2
209.25		2154.2
209.375		2154.2
209.5		2154.2
209.625		2154.2
209.75		2154.2
209.875		2154.2
210		2154.2
210.125		2168.99
210.25		2168.99
210.375		2168.99
210.5		2168.99
210.625		2168.99
210.75		2168.99
210.875		2168.99
211		2168.99
211.125		2175.51
211.25		2175.51
211.375		2175.51
211.5		2175.51
211.625		2175.51
211.75		2175.51
211.875		2175.51
212		2175.51
212.125		2195.95
212.25		2195.95
212.375		2195.95
212.5		2195.95
212.625		2195.95
212.75		2195.95
212.875		2195.95
213		2195.95
213.125		2197.69
213.25		2197.69
213.375		2197.69
213.5		2197.69
213.625		2197.69
213.75		2197.69
213.875		2197.69
214		2197.69
214.125		2206.83
214.25		2206.83
214.375		2206.83
214.5		2206.83
214.625		2206.83
214.75		2206.83
214.875		2206.83
215		2206.83
215.125		2212.05
215.25		2212.05
215.375		2212.05
215.5		2212.05
215.625		2212.05
215.75		2212.05
215.875		2212.05
216		2212.05
216.125		2227.27
216.25		2227.27
216.375		2227.27
216.5		2227.27
216.625		2227.27
216.75		2227.27
216.875		2227.27
217		2227.27
217.125		2237.93
217.25		2237.93
217.375		2237.93
217.5		2237.93
217.625		2237.93
217.75		2237.93
217.875		2237.93
218		2237.93
218.125		2249.46
218.25		2249.46
218.375		2249.46
218.5		2249.46
218.625		2249.46
218.75		2249.46
218.875		2249.46
219		2249.46
219.125		2255.98
219.25		2255.98
219.375		2255.98
219.5		2255.98
219.625		2255.98
219.75		2255.98
219.875		2255.98
220		2255.98
220.125		2279.25
220.25		2279.25
220.375		2279.25
220.5		2279.25
220.625		2279.25
220.75		2279.25
220.875		2279.25
221		2279.25
221.125		2283.82
221.25		2283.82
221.375		2283.82
221.5		2283.82
221.625		2283.82
221.75		2283.82
221.875		2283.82
222		2283.82
222.125		2296
222.25		2296
222.375		2296
222.5		2296
222.625		2296
222.75		2296
222.875		2296
223		2296
223.125		2296.22
223.25		2296.22
223.375		2296.22
223.5		2296.22
223.625		2296.22
223.75		2296.22
223.875		2296.22
224		2296.22
224.125		2304.48
224.25		2304.48
224.375		2304.48
224.5		2304.48
224.625		2304.48
224.75		2304.48
224.875		2304.48
225		2304.48
225.125		2330.8
225.25		2330.8
225.375		2330.8
225.5		2330.8
225.625		2330.8
225.75		2330.8
225.875		2330.8
226		2330.8
226.125		2337.1
226.25		2337.1
226.375		2337.1
226.5		2337.1
226.625		2337.1
226.75		2337.1
226.875		2337.1
227		2337.1
227.125		2341.45
227.25		2341.45
227.375		2341.45
227.5		2341.45
227.625		2341.45
227.75		2341.45
227.875		2341.45
228		2341.45
228.125		2354.5
228.25		2354.5
228.375		2354.5
228.5		2354.5
228.625		2354.5
228.75		2354.5
228.875		2354.5
229		2354.5
229.125		2368.42
229.25		2368.42
229.375		2368.42
229.5		2368.42
229.625		2368.42
229.75		2368.42
229.875		2368.42
230		2368.42
230.125		2385.82
230.25		2385.82
230.375		2385.82
230.5		2385.82
230.625		2385.82
230.75		2385.82
230.875		2385.82
231		2385.82
231.125		2386.47
231.25		2386.47
231.375		2386.47
231.5		2386.47
231.625		2386.47
231.75		2386.47
231.875		2386.47
232		2386.47
232.125		2390.82
232.25		2390.82
232.375		2390.82
232.5		2390.82
232.625		2390.82
232.75		2390.82
232.875		2390.82
233		2390.82
233.125		2393.43
233.25		2393.43
233.375		2393.43
233.5		2393.43
233.625		2393.43
233.75		2393.43
233.875		2393.43
234		2393.43
234.125		2421.49
234.25		2421.49
234.375		2421.49
234.5		2421.49
234.625		2421.49
234.75		2421.49
234.875		2421.49
235		2421.49
235.125		2430.62
235.25		2430.62
235.375		2430.62
235.5		2430.62
235.625		2430.62
235.75		2430.62
235.875		2430.62
236		2430.62
236.125		2445.19
236.25		2445.19
236.375		2445.19
236.5		2445.19
236.625		2445.19
236.75		2445.19
236.875		2445.19
237		2445.19
237.125		2448.02
237.25		2448.02
237.375		2448.02
237.5		2448.02
237.625		2448.02
237.75		2448.02
237.875		2448.02
238		2448.02
238.125		2462.16
238.25		2462.16
238.375		2462.16
238.5		2462.16
238.625		2462.16
238.75		2462.16
238.875		2462.16
239		2462.16
239.125		2476.51
239.25		2476.51
239.375		2476.51
239.5		2476.51
239.625		2476.51
239.75		2476.51
239.875		2476.51
240		2476.51
240.125		2477.38
240.25		2477.38
240.375		2477.38
240.5		2477.38
240.625		2477.38
240.75		2477.38
240.875		2477.38
241		2477.38
241.125		2488.04
241.25		2488.04
241.375		2488.04
241.5		2488.04
241.625		2488.04
241.75		2488.04
241.875		2488.04
242		2488.04
242.125		2516.75
242.25		2516.75
242.375		2516.75
242.5		2516.75
242.625		2516.75
242.75		2516.75
242.875		2516.75
243		2516.75
243.125		2517.62
243.25		2517.62
243.375		2517.62
243.5		2517.62
243.625		2517.62
243.75		2517.62
243.875		2517.62
244		2517.62
244.125		2528.49
244.25		2528.49
244.375		2528.49
244.5		2528.49
244.625		2528.49
244.75		2528.49
244.875		2528.49
245		2528.49
245.125		2536.32
245.25		2536.32
245.375		2536.32
245.5		2536.32
245.625		2536.32
245.75		2536.32
245.875		2536.32
246		2536.32
246.125		2550.46
246.25		2550.46
246.375		2550.46
246.5		2550.46
246.625		2550.46
246.75		2550.46
246.875		2550.46
247		2550.46
247.125		2569.6
247.25		2569.6
247.375		2569.6
247.5		2569.6
247.625		2569.6
247.75		2569.6
247.875		2569.6
248		2569.6
248.125		2571.99
248.25		2571.99
248.375		2571.99
248.5		2571.99
248.625		2571.99
248.75		2571.99
248.875		2571.99
249		2571.99
249.125		2586.99
249.25		2586.99
249.375		2586.99
249.5		2586.99
249.625		2586.99
249.75		2586.99
249.875		2586.99
250		2586.99
250.125		2590.04
250.25		2590.04
250.375		2590.04
250.5		2590.04
250.625		2590.04
250.75		2590.04
250.875		2590.04
251		2590.04
251.125		2594.82
251.25		2594.82
251.375		2594.82
251.5		2594.82
251.625		2594.82
251.75		2594.82
251.875		2594.82
252		2594.82
252.125		2627.01
252.25		2627.01
252.375		2627.01
252.5		2627.01
252.625		2627.01
252.75		2627.01
252.875		2627.01
253		2627.01
253.125		2628.1
253.25		2628.1
253.375		2628.1
253.5		2628.1
253.625		2628.1
253.75		2628.1
253.875		2628.1
254		2628.1
254.125		2628.97
254.25		2628.97
254.375		2628.97
254.5		2628.97
254.625		2628.97
254.75		2628.97
254.875		2628.97
255		2628.97
255.125		2635.28
255.25		2635.28
255.375		2635.28
255.5		2635.28
255.625		2635.28
255.75		2635.28
255.875		2635.28
256		2635.28
256.125		2658.11
256.25		2658.11
256.375		2658.11
256.5		2658.11
256.625		2658.11
256.75		2658.11
256.875		2658.11
257		2658.11
257.125		2667.68
257.25		2667.68
257.375		2667.68
257.5		2667.68
257.625		2667.68
257.75		2667.68
257.875		2667.68
258		2667.68
258.125		2680.51
258.25		2680.51
258.375		2680.51
258.5		2680.51
258.625		2680.51
258.75		2680.51
258.875		2680.51
259		2680.51
259.125		2681.82
259.25		2681.82
259.375		2681.82
259.5		2681.82
259.625		2681.82
259.75		2681.82
259.875		2681.82
260		2681.82
260.125		2691.82
260.25		2691.82
260.375		2691.82
260.5		2691.82
260.625		2691.82
260.75		2691.82
260.875		2691.82
261		2691.82
261.125		2718.79
261.25		2718.79
261.375		2718.79
261.5		2718.79
261.625		2718.79
261.75		2718.79
261.875		2718.79
262		2718.79
262.125		2719.23
262.25		2719.23
262.375		2719.23
262.5		2719.23
262.625		2719.23
262.75		2719.23
262.875		2719.23
263		2719.23
263.125		2725.32
263.25		2725.32
263.375		2725.32
263.5		2725.32
263.625		2725.32
263.75		2725.32
263.875		2725.32
264		2725.32
264.125		2742.71
264.25		2742.71
264.375		2742.71
264.5		2742.71
264.625		2742.71
264.75		2742.71
264.875		2742.71
265		2742.71
265.125		2759.68
265.25		2759.68
265.375		2759.68
265.5		2759.68
265.625		2759.68
265.75		2759.68
265.875		2759.68
266		2759.68
266.125		2765.55
266.25		2765.55
266.375		2765.55
266.5		2765.55
266.625		2765.55
266.75		2765.55
266.875		2765.55
267		2765.55
267.125		2768.81
267.25		2768.81
267.375		2768.81
267.5		2768.81
267.625		2768.81
267.75		2768.81
267.875		2768.81
268		2768.81
268.125		2774.9
268.25		2774.9
268.375		2774.9
268.5		2774.9
268.625		2774.9
268.75		2774.9
268.875		2774.9
269		2774.9
269.125		2800.35
269.25		2800.35
269.375		2800.35
269.5		2800.35
269.625		2800.35
269.75		2800.35
269.875		2800.35
270		2800.35
270.125		2806
270.25		2806
270.375		2806
270.5		2806
270.625		2806
270.75		2806
270.875		2806
271		2806
271.125		2809.92
271.25		2809.92
271.375		2809.92
271.5		2809.92
271.625		2809.92
271.75		2809.92
271.875		2809.92
272		2809.92
272.125		2824.05
272.25		2824.05
272.375		2824.05
272.5		2824.05
272.625		2824.05
272.75		2824.05
272.875		2824.05
273		2824.05
273.125		2835.15
273.25		2835.15
273.375		2835.15
273.5		2835.15
273.625		2835.15
273.75		2835.15
273.875		2835.15
274		2835.15
274.125		2837.76
274.25		2837.76
274.375		2837.76
274.5		2837.76
274.625		2837.76
274.75		2837.76
274.875		2837.76
275		2837.76
275.125		2863.2
275.25		2863.2
275.375		2863.2
275.5		2863.2
275.625		2863.2
275.75		2863.2
275.875		2863.2
276		2863.2
276.125		2864.94
276.25		2864.94
276.375		2864.94
276.5		2864.94
276.625		2864.94
276.75		2864.94
276.875		2864.94
277		2864.94
277.125		2867.33
277.25		2867.33
277.375		2867.33
277.5		2867.33
277.625		2867.33
277.75		2867.33
277.875		2867.33
278		2867.33
278.125		2893.43
278.25		2893.43
278.375		2893.43
278.5		2893.43
278.625		2893.43
278.75		2893.43
278.875		2893.43
279		2893.43
279.125		2898.87
279.25		2898.87
279.375		2898.87
279.5		2898.87
279.625		2898.87
279.75		2898.87
279.875		2898.87
280		2898.87
280.125		2922.79
280.25		2922.79
280.375		2922.79
280.5		2922.79
280.625		2922.79
280.75		2922.79
280.875		2922.79
281		2922.79
281.125		2931.06
281.25		2931.06
281.375		2931.06
281.5		2931.06
281.625		2931.06
281.75		2931.06
281.875		2931.06
282		2931.06
282.125		2937.58
282.25		2937.58
282.375		2937.58
282.5		2937.58
282.625		2937.58
282.75		2937.58
282.875		2937.58
283		2937.58
283.125		2949.54
283.25		2949.54
283.375		2949.54
283.5		2949.54
283.625		2949.54
283.75		2949.54
283.875		2949.54
284		2949.54
284.125		2953.68
284.25		2953.68
284.375		2953.68
284.5		2953.68
284.625		2953.68
284.75		2953.68
284.875		2953.68
285		2953.68
285.125		2974.34
285.25		2974.34
285.375		2974.34
285.5		2974.34
285.625		2974.34
285.75		2974.34
285.875		2974.34
286		2974.34
286.125		2978.47
286.25		2978.47
286.375		2978.47
286.5		2978.47
286.625		2978.47
286.75		2978.47
286.875		2978.47
287		2978.47
287.125		2978.47
287.25		2978.47
287.375		2978.47
287.5		2978.47
287.625		2978.47
287.75		2978.47
287.875		2978.47
288		2978.47
288.125		2988.26
288.25		2988.26
288.375		2988.26
288.5		2988.26
288.625		2988.26
288.75		2988.26
288.875		2988.26
289		2988.26
289.125		2999.78
289.25		2999.78
289.375		2999.78
289.5		2999.78
289.625		2999.78
289.75		2999.78
289.875		2999.78
290		2999.78
290.125		3021.97
290.25		3021.97
290.375		3021.97
290.5		3021.97
290.625		3021.97
290.75		3021.97
290.875		3021.97
291		3021.97
291.125		3022.4
291.25		3022.4
291.375		3022.4
291.5		3022.4
291.625		3022.4
291.75		3022.4
291.875		3022.4
292		3022.4
292.125		3029.8
292.25		3029.8
292.375		3029.8
292.5		3029.8
292.625		3029.8
292.75		3029.8
292.875		3029.8
293		3029.8
293.125		3042.63
293.25		3042.63
293.375		3042.63
293.5		3042.63
293.625		3042.63
293.75		3042.63
293.875		3042.63
294		3042.63
294.125		3060.03
294.25		3060.03
294.375		3060.03
294.5		3060.03
294.625		3060.03
294.75		3060.03
294.875		3060.03
295		3060.03
295.125		3064.59
295.25		3064.59
295.375		3064.59
295.5		3064.59
295.625		3064.59
295.75		3064.59
295.875		3064.59
296		3064.59
296.125		3067.2
296.25		3067.2
296.375		3067.2
296.5		3067.2
296.625		3067.2
296.75		3067.2
296.875		3067.2
297		3067.2
297.125		3073.73
297.25		3073.73
297.375		3073.73
297.5		3073.73
297.625		3073.73
297.75		3073.73
297.875		3073.73
298		3073.73
298.125		3100.91
298.25		3100.91
298.375		3100.91
298.5		3100.91
298.625		3100.91
298.75		3100.91
298.875		3100.91
299		3100.91
299.125		3102
299.25		3102
299.375		3102
299.5		3102
299.625		3102
299.75		3102
299.875		3102
300		3102
300.125		3120.49
300.25		3120.49
300.375		3120.49
300.5		3120.49
300.625		3120.49
300.75		3120.49
300.875		3120.49
301		3120.49
301.125		3122.66
301.25		3122.66
301.375		3122.66
301.5		3122.66
301.625		3122.66
301.75		3122.66
301.875		3122.66
302		3122.66
302.125		3130.71
302.25		3130.71
302.375		3130.71
302.5		3130.71
302.625		3130.71
302.75		3130.71
302.875		3130.71
303		3130.71
303.125		3155.94
303.25		3155.94
303.375		3155.94
303.5		3155.94
303.625		3155.94
303.75		3155.94
303.875		3155.94
304		3155.94
304.125		3158.11
304.25		3158.11
304.375		3158.11
304.5		3158.11
304.625		3158.11
304.75		3158.11
304.875		3158.11
305		3158.11
305.125		3159.63
305.25		3159.63
305.375		3159.63
305.5		3159.63
305.625		3159.63
305.75		3159.63
305.875		3159.63
306		3159.63
306.125		3166.59
306.25		3166.59
306.375		3166.59
306.5		3166.59
306.625		3166.59
306.75		3166.59
306.875		3166.59
307		3166.59
307.125		3177.25
307.25		3177.25
307.375		3177.25
307.5		3177.25
307.625		3177.25
307.75		3177.25
307.875		3177.25
308		3177.25
308.125		3197.48
308.25		3197.48
308.375		3197.48
308.5		3197.48
308.625		3197.48
308.75		3197.48
308.875		3197.48
309		3197.48
309.125		3216.83
309.25		3216.83
309.375		3216.83
309.5		3216.83
309.625		3216.83
309.75		3216.83
309.875		3216.83
310		3216.83
310.125		3221.4
310.25		3221.4
310.375		3221.4
310.5		3221.4
310.625		3221.4
310.75		3221.4
310.875		3221.4
311		3221.4
311.125		3221.84
311.25		3221.84
311.375		3221.84
311.5		3221.84
311.625		3221.84
311.75		3221.84
311.875		3221.84
312		3221.84
312.125		3244.02
312.25		3244.02
312.375		3244.02
312.5		3244.02
312.625		3244.02
312.75		3244.02
312.875		3244.02
313		3244.02
313.125		3246.19
313.25		3246.19
313.375		3246.19
313.5		3246.19
313.625		3246.19
313.75		3246.19
313.875		3246.19
314		3246.19
314.125		3253.81
314.25		3253.81
314.375		3253.81
314.5		3253.81
314.625		3253.81
314.75		3253.81
314.875		3253.81
315		3253.81
315.125		3275.99
315.25		3275.99
315.375		3275.99
315.5		3275.99
315.625		3275.99
315.75		3275.99
315.875		3275.99
316		3275.99
316.125		3295.35
316.25		3295.35
316.375		3295.35
316.5		3295.35
316.625		3295.35
316.75		3295.35
316.875		3295.35
317		3295.35
317.125		3304.05
317.25		3304.05
317.375		3304.05
317.5		3304.05
317.625		3304.05
317.75		3304.05
317.875		3304.05
318		3304.05
318.125		3307.09
318.25		3307.09
318.375		3307.09
318.5		3307.09
318.625		3307.09
318.75		3307.09
318.875		3307.09
319		3307.09
319.125		3309.7
319.25		3309.7
319.375		3309.7
319.5		3309.7
319.625		3309.7
319.75		3309.7
319.875		3309.7
320		3309.7
320.125		3335.8
320.25		3335.8
320.375		3335.8
320.5		3335.8
320.625		3335.8
320.75		3335.8
320.875		3335.8
321		3335.8
321.125		3341.45
321.25		3341.45
321.375		3341.45
321.5		3341.45
321.625		3341.45
321.75		3341.45
321.875		3341.45
322		3341.45
322.125		3349.72
322.25		3349.72
322.375		3349.72
322.5		3349.72
322.625		3349.72
322.75		3349.72
322.875		3349.72
323		3349.72
323.125		3352.76
323.25		3352.76
323.375		3352.76
323.5		3352.76
323.625		3352.76
323.75		3352.76
323.875		3352.76
324		3352.76
324.125		3377.34
324.25		3377.34
324.375		3377.34
324.5		3377.34
324.625		3377.34
324.75		3377.34
324.875		3377.34
325		3377.34
325.125		3388.43
325.25		3388.43
325.375		3388.43
325.5		3388.43
325.625		3388.43
325.75		3388.43
325.875		3388.43
326		3388.43
326.125		3391.26
326.25		3391.26
326.375		3391.26
326.5		3391.26
326.625		3391.26
326.75		3391.26
326.875		3391.26
327		3391.26
327.125		3404.31
327.25		3404.31
327.375		3404.31
327.5		3404.31
327.625		3404.31
327.75		3404.31
327.875		3404.31
328		3404.31
328.125		3423.88
328.25		3423.88
328.375		3423.88
328.5		3423.88
328.625		3423.88
328.75		3423.88
328.875		3423.88
329		3423.88
329.125		3433.88
329.25		3433.88
329.375		3433.88
329.5		3433.88
329.625		3433.88
329.75		3433.88
329.875		3433.88
330		3433.88
330.125		3437.58
330.25		3437.58
330.375		3437.58
330.5		3437.58
330.625		3437.58
330.75		3437.58
330.875		3437.58
331		3437.58
331.125		3440.19
331.25		3440.19
331.375		3440.19
331.5		3440.19
331.625		3440.19
331.75		3440.19
331.875		3440.19
332		3440.19
332.125		3454.98
332.25		3454.98
332.375		3454.98
332.5		3454.98
332.625		3454.98
332.75		3454.98
332.875		3454.98
333		3454.98
333.125		3468.03
333.25		3468.03
333.375		3468.03
333.5		3468.03
333.625		3468.03
333.75		3468.03
333.875		3468.03
334		3468.03
334.125		3491.52
334.25		3491.52
334.375		3491.52
334.5		3491.52
334.625		3491.52
334.75		3491.52
334.875		3491.52
335		3491.52
335.125		3497.17
335.25		3497.17
335.375		3497.17
335.5		3497.17
335.625		3497.17
335.75		3497.17
335.875		3497.17
336		3497.17
336.125		3498.48
336.25		3498.48
336.375		3498.48
336.5		3498.48
336.625		3498.48
336.75		3498.48
336.875		3498.48
337		3498.48
337.125		3510.66
337.25		3510.66
337.375		3510.66
337.5		3510.66
337.625		3510.66
337.75		3510.66
337.875		3510.66
338		3510.66
338.125		3514.57
338.25		3514.57
338.375		3514.57
338.5		3514.57
338.625		3514.57
338.75		3514.57
338.875		3514.57
339		3514.57
339.125		3546.11
339.25		3546.11
339.375		3546.11
339.5		3546.11
339.625		3546.11
339.75		3546.11
339.875		3546.11
340		3546.11
340.125		3549.8
340.25		3549.8
340.375		3549.8
340.5		3549.8
340.625		3549.8
340.75		3549.8
340.875		3549.8
341		3549.8
341.125		3559.16
341.25		3559.16
341.375		3559.16
341.5		3559.16
341.625		3559.16
341.75		3559.16
341.875		3559.16
342		3559.16
342.125		3579.38
342.25		3579.38
342.375		3579.38
342.5		3579.38
342.625		3579.38
342.75		3579.38
342.875		3579.38
343		3579.38
343.125		3581.56
343.25		3581.56
343.375		3581.56
343.5		3581.56
343.625		3581.56
343.75		3581.56
343.875		3581.56
344		3581.56
344.125		3595.69
344.25		3595.69
344.375		3595.69
344.5		3595.69
344.625		3595.69
344.75		3595.69
344.875		3595.69
345		3595.69
345.125		3602.22
345.25		3602.22
345.375		3602.22
345.5		3602.22
345.625		3602.22
345.75		3602.22
345.875		3602.22
346		3602.22
346.125		3632.67
346.25		3632.67
346.375		3632.67
346.5		3632.67
346.625		3632.67
346.75		3632.67
346.875		3632.67
347		3632.67
347.125		3651.37
347.25		3651.37
347.375		3651.37
347.5		3651.37
347.625		3651.37
347.75		3651.37
347.875		3651.37
348		3651.37
348.125		3651.37
348.25		3651.37
348.375		3651.37
348.5		3651.37
348.625		3651.37
348.75		3651.37
348.875		3651.37
349		3651.37
349.125		3657.89
349.25		3657.89
349.375		3657.89
349.5		3657.89
349.625		3657.89
349.75		3657.89
349.875		3657.89
350		3657.89
350.125		3677.03
350.25		3677.03
350.375		3677.03
350.5		3677.03
350.625		3677.03
350.75		3677.03
350.875		3677.03
351		3677.03
351.125		3692.26
351.25		3692.26
351.375		3692.26
351.5		3692.26
351.625		3692.26
351.75		3692.26
351.875		3692.26
352		3692.26
352.125		3694.65
352.25		3694.65
352.375		3694.65
352.5		3694.65
352.625		3694.65
352.75		3694.65
352.875		3694.65
353		3694.65
353.125		3709.87
353.25		3709.87
353.375		3709.87
353.5		3709.87
353.625		3709.87
353.75		3709.87
353.875		3709.87
354		3709.87
354.125		3732.71
354.25		3732.71
354.375		3732.71
354.5		3732.71
354.625		3732.71
354.75		3732.71
354.875		3732.71
355		3732.71
355.125		3748.8
355.25		3748.8
355.375		3748.8
355.5		3748.8
355.625		3748.8
355.75		3748.8
355.875		3748.8
356		3748.8
356.125		3748.8
356.25		3748.8
356.375		3748.8
356.5		3748.8
356.625		3748.8
356.75		3748.8
356.875		3748.8
357		3748.8
357.125		3757.72
357.25		3757.72
357.375		3757.72
357.5		3757.72
357.625		3757.72
357.75		3757.72
357.875		3757.72
358		3757.72
358.125		3759.68
358.25		3759.68
358.375		3759.68
358.5		3759.68
358.625		3759.68
358.75		3759.68
358.875		3759.68
359		3759.68
359.125		3784.04
359.25		3784.04
359.375		3784.04
359.5		3784.04
359.625		3784.04
359.75		3784.04
359.875		3784.04
360		3784.04
360.125		3798.83
360.25		3798.83
360.375		3798.83
360.5		3798.83
360.625		3798.83
360.75		3798.83
360.875		3798.83
361		3798.83
361.125		3800.35
361.25		3800.35
361.375		3800.35
361.5		3800.35
361.625		3800.35
361.75		3800.35
361.875		3800.35
362		3800.35
362.125		3804.92
362.25		3804.92
362.375		3804.92
362.5		3804.92
362.625		3804.92
362.75		3804.92
362.875		3804.92
363		3804.92
363.125		3811.44
363.25		3811.44
363.375		3811.44
363.5		3811.44
363.625		3811.44
363.75		3811.44
363.875		3811.44
364		3811.44
364.125		3839.06
364.25		3839.06
364.375		3839.06
364.5		3839.06
364.625		3839.06
364.75		3839.06
364.875		3839.06
365		3839.06
365.125		3846.02
365.25		3846.02
365.375		3846.02
365.5		3846.02
365.625		3846.02
365.75		3846.02
365.875		3846.02
366		3846.02
366.125		3851.02
366.25		3851.02
366.375		3851.02
366.5		3851.02
366.625		3851.02
366.75		3851.02
366.875		3851.02
367		3851.02
367.125		3859.72
367.25		3859.72
367.375		3859.72
367.5		3859.72
367.625		3859.72
367.75		3859.72
367.875		3859.72
368		3859.72
368.125		3876.69
368.25		3876.69
368.375		3876.69
368.5		3876.69
368.625		3876.69
368.75		3876.69
368.875		3876.69
369		3876.69
369.125		3891.47
369.25		3891.47
369.375		3891.47
369.5		3891.47
369.625		3891.47
369.75		3891.47
369.875		3891.47
370		3891.47
370.125		3893.21
370.25		3893.21
370.375		3893.21
370.5		3893.21
370.625		3893.21
370.75		3893.21
370.875		3893.21
371		3893.21
371.125		3901.7
371.25		3901.7
371.375		3901.7
371.5		3901.7
371.625		3901.7
371.75		3901.7
371.875		3901.7
372		3901.7
372.125		3911.48
372.25		3911.48
372.375		3911.48
372.5		3911.48
372.625		3911.48
372.75		3911.48
372.875		3911.48
373		3911.48
373.125		3929.53
373.25		3929.53
373.375		3929.53
373.5		3929.53
373.625		3929.53
373.75		3929.53
373.875		3929.53
374		3929.53
374.125		3933.88
374.25		3933.88
374.375		3933.88
374.5		3933.88
374.625		3933.88
374.75		3933.88
374.875		3933.88
375		3933.88
375.125		3944.76
375.25		3944.76
375.375		3944.76
375.5		3944.76
375.625		3944.76
375.75		3944.76
375.875		3944.76
376		3944.76
376.125		3950.85
376.25		3950.85
376.375		3950.85
376.5		3950.85
376.625		3950.85
376.75		3950.85
376.875		3950.85
377		3950.85
377.125		3957.81
377.25		3957.81
377.375		3957.81
377.5		3957.81
377.625		3957.81
377.75		3957.81
377.875		3957.81
378		3957.81
378.125		3969.12
378.25		3969.12
378.375		3969.12
378.5		3969.12
378.625		3969.12
378.75		3969.12
378.875		3969.12
379		3969.12
379.125		3983.91
379.25		3983.91
379.375		3983.91
379.5		3983.91
379.625		3983.91
379.75		3983.91
379.875		3983.91
380		3983.91
380.125		3985.65
380.25		3985.65
380.375		3985.65
380.5		3985.65
380.625		3985.65
380.75		3985.65
380.875		3985.65
381		3985.65
381.125		3997.17
381.25		3997.17
381.375		3997.17
381.5		3997.17
381.625		3997.17
381.75		3997.17
381.875		3997.17
382		3997.17
382.125		4014.35
382.25		4014.35
382.375		4014.35
382.5		4014.35
382.625		4014.35
382.75		4014.35
382.875		4014.35
383		4014.35
383.125		4015.66
383.25		4015.66
383.375		4015.66
383.5		4015.66
383.625		4015.66
383.75		4015.66
383.875		4015.66
384		4015.66
384.125		4017.62
384.25		4017.62
384.375		4017.62
384.5		4017.62
384.625		4017.62
384.75		4017.62
384.875		4017.62
385		4017.62
385.125		4040.23
385.25		4040.23
385.375		4040.23
385.5		4040.23
385.625		4040.23
385.75		4040.23
385.875		4040.23
386		4040.23
386.125		4058.94
386.25		4058.94
386.375		4058.94
386.5		4058.94
386.625		4058.94
386.75		4058.94
386.875		4058.94
387		4058.94
387.125		4060.03
387.25		4060.03
387.375		4060.03
387.5		4060.03
387.625		4060.03
387.75		4060.03
387.875		4060.03
388		4060.03
388.125		4067.64
388.25		4067.64
388.375		4067.64
388.5		4067.64
388.625		4067.64
388.75		4067.64
388.875		4067.64
389		4067.64
389.125		4069.16
389.25		4069.16
389.375		4069.16
389.5		4069.16
389.625		4069.16
389.75		4069.16
389.875		4069.16
390		4069.16
390.125		4107.87
390.25		4107.87
390.375		4107.87
390.5		4107.87
390.625		4107.87
390.75		4107.87
390.875		4107.87
391		4107.87
391.125		4113.09
391.25		4113.09
391.375		4113.09
391.5		4113.09
391.625		4113.09
391.75		4113.09
391.875		4113.09
392		4113.09
392.125		4117.66
392.25		4117.66
392.375		4117.66
392.5		4117.66
392.625		4117.66
392.75		4117.66
392.875		4117.66
393		4117.66
393.125		4118.75
393.25		4118.75
393.375		4118.75
393.5		4118.75
393.625		4118.75
393.75		4118.75
393.875		4118.75
394		4118.75
394.125		4152.46
394.25		4152.46
394.375		4152.46
394.5		4152.46
394.625		4152.46
394.75		4152.46
394.875		4152.46
395		4152.46
395.125		4156.81
395.25		4156.81
395.375		4156.81
395.5		4156.81
395.625		4156.81
395.75		4156.81
395.875		4156.81
396		4156.81
396.125		4161.37
396.25		4161.37
396.375		4161.37
396.5		4161.37
396.625		4161.37
396.75		4161.37
396.875		4161.37
397		4161.37
397.125		4165.07
397.25		4165.07
397.375		4165.07
397.5		4165.07
397.625		4165.07
397.75		4165.07
397.875		4165.07
398		4165.07
398.125		4182.91
398.25		4182.91
398.375		4182.91
398.5		4182.91
398.625		4182.91
398.75		4182.91
398.875		4182.91
399		4182.91
399.125		4205.31
399.25		4205.31
399.375		4205.31
399.5		4205.31
399.625		4205.31
399.75		4205.31
399.875		4205.31
400		4205.31
400.125		4207.26
400.25		4207.26
400.375		4207.26
400.5		4207.26
400.625		4207.26
400.75		4207.26
400.875		4207.26
401		4207.26
401.125		4208.13
401.25		4208.13
401.375		4208.13
401.5		4208.13
401.625		4208.13
401.75		4208.13
401.875		4208.13
402		4208.13
402.125		4216.18
402.25		4216.18
402.375		4216.18
402.5		4216.18
402.625		4216.18
402.75		4216.18
402.875		4216.18
403		4216.18
403.125		4229.88
403.25		4229.88
403.375		4229.88
403.5		4229.88
403.625		4229.88
403.75		4229.88
403.875		4229.88
404		4229.88
404.125		4247.72
404.25		4247.72
404.375		4247.72
404.5		4247.72
404.625		4247.72
404.75		4247.72
404.875		4247.72
405		4247.72
405.125		4253.81
405.25		4253.81
405.375		4253.81
405.5		4253.81
405.625		4253.81
405.75		4253.81
405.875		4253.81
406		4253.81
406.125		4259.46
406.25		4259.46
406.375		4259.46
406.5		4259.46
406.625		4259.46
406.75		4259.46
406.875		4259.46
407		4259.46
407.125		4262.29
407.25		4262.29
407.375		4262.29
407.5		4262.29
407.625		4262.29
407.75		4262.29
407.875		4262.29
408		4262.29
408.125		4282.3
408.25		4282.3
408.375		4282.3
408.5		4282.3
408.625		4282.3
408.75		4282.3
408.875		4282.3
409		4282.3
409.125		4291.43
409.25		4291.43
409.375		4291.43
409.5		4291.43
409.625		4291.43
409.75		4291.43
409.875		4291.43
410		4291.43
410.125		4303.61
410.25		4303.61
410.375		4303.61
410.5		4303.61
410.625		4303.61
410.75		4303.61
410.875		4303.61
411		4303.61
411.125		4304.48
411.25		4304.48
411.375		4304.48
411.5		4304.48
411.625		4304.48
411.75		4304.48
411.875		4304.48
412		4304.48
412.125		4321.01
412.25		4321.01
412.375		4321.01
412.5		4321.01
412.625		4321.01
412.75		4321.01
412.875		4321.01
413		4321.01
413.125		4330.14
413.25		4330.14
413.375		4330.14
413.5		4330.14
413.625		4330.14
413.75		4330.14
413.875		4330.14
414		4330.14
414.125		4350.15
414.25		4350.15
414.375		4350.15
414.5		4350.15
414.625		4350.15
414.75		4350.15
414.875		4350.15
415		4350.15
415.125		4351.67
415.25		4351.67
415.375		4351.67
415.5		4351.67
415.625		4351.67
415.75		4351.67
415.875		4351.67
416		4351.67
416.125		4371.03
416.25		4371.03
416.375		4371.03
416.5		4371.03
416.625		4371.03
416.75		4371.03
416.875		4371.03
417		4371.03
417.125		4377.56
417.25		4377.56
417.375		4377.56
417.5		4377.56
417.625		4377.56
417.75		4377.56
417.875		4377.56
418		4377.56
418.125		4378.43
418.25		4378.43
418.375		4378.43
418.5		4378.43
418.625		4378.43
418.75		4378.43
418.875		4378.43
419		4378.43
419.125		4398.22
419.25		4398.22
419.375		4398.22
419.5		4398.22
419.625		4398.22
419.75		4398.22
419.875		4398.22
420		4398.22
420.125		4414.96
420.25		4414.96
420.375		4414.96
420.5		4414.96
420.625		4414.96
420.75		4414.96
420.875		4414.96
421		4414.96
421.125		4420.84
421.25		4420.84
421.375		4420.84
421.5		4420.84
421.625		4420.84
421.75		4420.84
421.875		4420.84
422		4420.84
422.125		4427.58
422.25		4427.58
422.375		4427.58
422.5		4427.58
422.625		4427.58
422.75		4427.58
422.875		4427.58
423		4427.58
423.125		4428.23
423.25		4428.23
423.375		4428.23
423.5		4428.23
423.625		4428.23
423.75		4428.23
423.875		4428.23
424		4428.23
424.125		4442.37
424.25		4442.37
424.375		4442.37
424.5		4442.37
424.625		4442.37
424.75		4442.37
424.875		4442.37
425		4442.37
425.125		4462.81
425.25		4462.81
425.375		4462.81
425.5		4462.81
425.625		4462.81
425.75		4462.81
425.875		4462.81
426		4462.81
426.125		4469.55
426.25		4469.55
426.375		4469.55
426.5		4469.55
426.625		4469.55
426.75		4469.55
426.875		4469.55
427		4469.55
427.125		4477.16
427.25		4477.16
427.375		4477.16
427.5		4477.16
427.625		4477.16
427.75		4477.16
427.875		4477.16
428		4477.16
428.125		4495.22
428.25		4495.22
428.375		4495.22
428.5		4495.22
428.625		4495.22
428.75		4495.22
428.875		4495.22
429		4495.22
429.125		4501.09
429.25		4501.09
429.375		4501.09
429.5		4501.09
429.625		4501.09
429.75		4501.09
429.875		4501.09
430		4501.09
430.125		4503.91
430.25		4503.91
430.375		4503.91
430.5		4503.91
430.625		4503.91
430.75		4503.91
430.875		4503.91
431		4503.91
431.125		4521.31
431.25		4521.31
431.375		4521.31
431.5		4521.31
431.625		4521.31
431.75		4521.31
431.875		4521.31
432		4521.31
432.125		4535.45
432.25		4535.45
432.375		4535.45
432.5		4535.45
432.625		4535.45
432.75		4535.45
432.875		4535.45
433		4535.45
433.125		4542.41
433.25		4542.41
433.375		4542.41
433.5		4542.41
433.625		4542.41
433.75		4542.41
433.875		4542.41
434		4542.41
434.125		4557.85
434.25		4557.85
434.375		4557.85
434.5		4557.85
434.625		4557.85
434.75		4557.85
434.875		4557.85
435		4557.85
435.125		4564.81
435.25		4564.81
435.375		4564.81
435.5		4564.81
435.625		4564.81
435.75		4564.81
435.875		4564.81
436		4564.81
436.125		4568.29
436.25		4568.29
436.375		4568.29
436.5		4568.29
436.625		4568.29
436.75		4568.29
436.875		4568.29
437		4568.29
437.125		4592.21
437.25		4592.21
437.375		4592.21
437.5		4592.21
437.625		4592.21
437.75		4592.21
437.875		4592.21
438		4592.21
438.125		4593.08
438.25		4593.08
438.375		4593.08
438.5		4593.08
438.625		4593.08
438.75		4593.08
438.875		4593.08
439		4593.08
439.125		4603.74
439.25		4603.74
439.375		4603.74
439.5		4603.74
439.625		4603.74
439.75		4603.74
439.875		4603.74
440		4603.74
440.125		4612.01
440.25		4612.01
440.375		4612.01
440.5		4612.01
440.625		4612.01
440.75		4612.01
440.875		4612.01
441		4612.01
441.125		4618.75
441.25		4618.75
441.375		4618.75
441.5		4618.75
441.625		4618.75
441.75		4618.75
441.875		4618.75
442		4618.75
442.125		4635.06
442.25		4635.06
442.375		4635.06
442.5		4635.06
442.625		4635.06
442.75		4635.06
442.875		4635.06
443		4635.06
443.125		4646.37
443.25		4646.37
443.375		4646.37
443.5		4646.37
443.625		4646.37
443.75		4646.37
443.875		4646.37
444		4646.37
444.125		4650.28
444.25		4650.28
444.375		4650.28
444.5		4650.28
444.625		4650.28
444.75		4650.28
444.875		4650.28
445		4650.28
445.125		4654.63
445.25		4654.63
445.375		4654.63
445.5		4654.63
445.625		4654.63
445.75		4654.63
445.875		4654.63
446		4654.63
446.125		4682.47
446.25		4682.47
446.375		4682.47
446.5		4682.47
446.625		4682.47
446.75		4682.47
446.875		4682.47
447		4682.47
447.125		4683.56
447.25		4683.56
447.375		4683.56
447.5		4683.56
447.625		4683.56
447.75		4683.56
447.875		4683.56
448		4683.56
448.125		4685.3
448.25		4685.3
448.375		4685.3
448.5		4685.3
448.625		4685.3
448.75		4685.3
448.875		4685.3
449		4685.3
449.125		4700.52
449.25		4700.52
449.375		4700.52
449.5		4700.52
449.625		4700.52
449.75		4700.52
449.875		4700.52
450		4700.52
450.125		4710.74
450.25		4710.74
450.375		4710.74
450.5		4710.74
450.625		4710.74
450.75		4710.74
450.875		4710.74
451		4710.74
451.125		4735.32
451.25		4735.32
451.375		4735.32
451.5		4735.32
451.625		4735.32
451.75		4735.32
451.875		4735.32
452		4735.32
452.125		4737.49
452.25		4737.49
452.375		4737.49
452.5		4737.49
452.625		4737.49
452.75		4737.49
452.875		4737.49
453		4737.49
453.125		4739.89
453.25		4739.89
453.375		4739.89
453.5		4739.89
453.625		4739.89
453.75		4739.89
453.875		4739.89
454		4739.89
454.125		4755.98
454.25		4755.98
454.375		4755.98
454.5		4755.98
454.625		4755.98
454.75		4755.98
454.875		4755.98
455		4755.98
455.125		4756.63
455.25		4756.63
455.375		4756.63
455.5		4756.63
455.625		4756.63
455.75		4756.63
455.875		4756.63
456		4756.63
456.125		4768.16
456.25		4768.16
456.375		4768.16
456.5		4768.16
456.625		4768.16
456.75		4768.16
456.875		4768.16
457		4768.16
457.125		4781.43
457.25		4781.43
457.375		4781.43
457.5		4781.43
457.625		4781.43
457.75		4781.43
457.875		4781.43
458		4781.43
458.125		4789.04
458.25		4789.04
458.375		4789.04
458.5		4789.04
458.625		4789.04
458.75		4789.04
458.875		4789.04
459		4789.04
459.125		4801.44
459.25		4801.44
459.375		4801.44
459.5		4801.44
459.625		4801.44
459.75		4801.44
459.875		4801.44
460		4801.44
460.125		4816.01
460.25		4816.01
460.375		4816.01
460.5		4816.01
460.625		4816.01
460.75		4816.01
460.875		4816.01
461		4816.01
461.125		4822.97
461.25		4822.97
461.375		4822.97
461.5		4822.97
461.625		4822.97
461.75		4822.97
461.875		4822.97
462		4822.97
462.125		4849.93
462.25		4849.93
462.375		4849.93
462.5		4849.93
462.625		4849.93
462.75		4849.93
462.875		4849.93
463		4849.93
463.125		4856.89
463.25		4856.89
463.375		4856.89
463.5		4856.89
463.625		4856.89
463.75		4856.89
463.875		4856.89
464		4856.89
464.125		4866.25
464.25		4866.25
464.375		4866.25
464.5		4866.25
464.625		4866.25
464.75		4866.25
464.875		4866.25
465		4866.25
465.125		4876.9
465.25		4876.9
465.375		4876.9
465.5		4876.9
465.625		4876.9
465.75		4876.9
465.875		4876.9
466		4876.9
466.125		4879.08
466.25		4879.08
466.375		4879.08
466.5		4879.08
466.625		4879.08
466.75		4879.08
466.875		4879.08
467		4879.08
467.125		4897.35
467.25		4897.35
467.375		4897.35
467.5		4897.35
467.625		4897.35
467.75		4897.35
467.875		4897.35
468		4897.35
468.125		4904.52
468.25		4904.52
468.375		4904.52
468.5		4904.52
468.625		4904.52
468.75		4904.52
468.875		4904.52
469		4904.52
469.125		4912.57
469.25		4912.57
469.375		4912.57
469.5		4912.57
469.625		4912.57
469.75		4912.57
469.875		4912.57
470		4912.57
470.125		4930.62
470.25		4930.62
470.375		4930.62
470.5		4930.62
470.625		4930.62
470.75		4930.62
470.875		4930.62
471		4930.62
471.125		4935.62
471.25		4935.62
471.375		4935.62
471.5		4935.62
471.625		4935.62
471.75		4935.62
471.875		4935.62
472		4935.62
472.125		4941.93
472.25		4941.93
472.375		4941.93
472.5		4941.93
472.625		4941.93
472.75		4941.93
472.875		4941.93
473		4941.93
473.125		4959.77
473.25		4959.77
473.375		4959.77
473.5		4959.77
473.625		4959.77
473.75		4959.77
473.875		4959.77
474		4959.77
474.125		4962.16
474.25		4962.16
474.375		4962.16
474.5		4962.16
474.625		4962.16
474.75		4962.16
474.875		4962.16
475		4962.16
475.125		4966.29
475.25		4966.29
475.375		4966.29
475.5		4966.29
475.625		4966.29
475.75		4966.29
475.875		4966.29
476		4966.29
476.125		4996.3
476.25		4996.3
476.375		4996.3
476.5		4996.3
476.625		4996.3
476.75		4996.3
476.875		4996.3
477		4996.3
477.125		4999.13
477.25		4999.13
477.375		4999.13
477.5		4999.13
477.625		4999.13
477.75		4999.13
477.875		4999.13
478		4999.13
478.125		0
478.25		0
478.375		0
478.5		0
478.625		0
478.75		0
478.875		0
479		0
479.125		0
479.25		0
479.375		0
479.5		0
479.625		0
479.75		0
479.875		0
480		0
480.125		0
480.25		0
480.375		0
480.5		0
480.625		0
480.75		0
480.875		0
481		0
481.125		0
481.25		0
481.375		0
481.5		0
481.625		0
481.75		0
481.875		0
482		0
482.125		0
482.25		0
482.375		0
482.5		0
482.625		0
482.75		0
482.875		0
483		0
483.125		0
483.25		0
483.375		0
483.5		0
483.625		0
483.75		0
483.875		0
484		0
484.125		0
484.25		0
484.375		0
484.5		0
484.625		0
484.75		0
484.875		0
485		0
485.125		0
485.25		0
485.375		0
485.5		0
485.625		0
485.75		0
485.875		0
486		0
486.125		0
486.25		0
486.375		0
486.5		0
486.625		0
486.75		0
486.875		0
487		0
487.125		0
487.25		0
487.375		0
487.5		0
487.625		0
487.75		0
487.875		0
488		0
488.125		0
488.25		0
488.375		0
488.5		0
488.625		0
488.75		0
488.875		0
489		0
489.125		0
489.25		0
489.375		0
489.5		0
489.625		0
489.75		0
489.875		0
490		0
490.125		0
490.25		0
490.375		0
490.5		0
490.625		0
490.75		0
490.875		0
491		0
491.125		0
491.25		0
491.375		0
491.5		0
491.625		0
491.75		0
491.875		0
492		0
492.125		0
492.25		0
492.375		0
492.5		0
492.625		0
492.75		0
492.875		0
493		0
493.125		0
493.25		0
493.375		0
493.5		0
493.625		0
493.75		0
493.875		0
494		0
494.125		0
494.25		0
494.375		0
494.5		0
494.625		0
494.75		0
494.875		0
495		0
495.125		0
495.25		0
495.375		0
495.5		0
495.625		0
495.75		0
495.875		0
496		0
496.125		0
496.25		0
496.375		0
496.5		0
496.625		0
496.75		0
496.875		0
497		0
497.125		0
497.25		0
497.375		0
497.5		0
497.625		0
497.75		0
497.875		0
498		0
498.125		0
498.25		0
498.375		0
498.5		0
498.625		0
498.75		0
498.875		0
499		0
499.125		0
499.25		0
499.375		0
499.5		0
499.625		0
499.75		0
499.875		0
500		0
