# Calibration file of tamex_id 0 @ channel 2
# fine_T bin		 Calibration value
0.125		0
0.25		0
0.375		0
0.5		0
0.625		0
0.75		0
0.875		0
1		0
1.125		0
1.25		0
1.375		0
1.5		0
1.625		0
1.75		0
1.875		0
2		0
2.125		0
2.25		0
2.375		0
2.5		0
2.625		0
2.75		0
2.875		0
3		0
3.125		0
3.25		0
3.375		0
3.5		0
3.625		0
3.75		0
3.875		0
4		0
4.125		0
4.25		0
4.375		0
4.5		0
4.625		0
4.75		0
4.875		0
5		0
5.125		0
5.25		0
5.375		0
5.5		0
5.625		0
5.75		0
5.875		0
6		0
6.125		0
6.25		0
6.375		0
6.5		0
6.625		0
6.75		0
6.875		0
7		0
7.125		0
7.25		0
7.375		0
7.5		0
7.625		0
7.75		0
7.875		0
8		0
8.125		0
8.25		0
8.375		0
8.5		0
8.625		0
8.75		0
8.875		0
9		0
9.125		0
9.25		0
9.375		0
9.5		0
9.625		0
9.75		0
9.875		0
10		0
10.125		0
10.25		0
10.375		0
10.5		0
10.625		0
10.75		0
10.875		0
11		0
11.125		0
11.25		0
11.375		0
11.5		0
11.625		0
11.75		0
11.875		0
12		0
12.125		0
12.25		0
12.375		0
12.5		0
12.625		0
12.75		0
12.875		0
13		0
13.125		0
13.25		0
13.375		0
13.5		0
13.625		0
13.75		0
13.875		0
14		0
14.125		0
14.25		0
14.375		0
14.5		0
14.625		0
14.75		0
14.875		0
15		0
15.125		0
15.25		0
15.375		0
15.5		0
15.625		0
15.75		0
15.875		0
16		0
16.125		7.19957
16.25		7.19957
16.375		7.19957
16.5		7.19957
16.625		7.19957
16.75		7.19957
16.875		7.19957
17		7.19957
17.125		38.3977
17.25		38.3977
17.375		38.3977
17.5		38.3977
17.625		38.3977
17.75		38.3977
17.875		38.3977
18		38.3977
18.125		48.3971
18.25		48.3971
18.375		48.3971
18.5		48.3971
18.625		48.3971
18.75		48.3971
18.875		48.3971
19		48.3971
19.125		50.397
19.25		50.397
19.375		50.397
19.5		50.397
19.625		50.397
19.75		50.397
19.875		50.397
20		50.397
20.125		79.2952
20.25		79.2952
20.375		79.2952
20.5		79.2952
20.625		79.2952
20.75		79.2952
20.875		79.2952
21		79.2952
21.125		89.7946
21.25		89.7946
21.375		89.7946
21.5		89.7946
21.625		89.7946
21.75		89.7946
21.875		89.7946
22		89.7946
22.125		95.5943
22.25		95.5943
22.375		95.5943
22.5		95.5943
22.625		95.5943
22.75		95.5943
22.875		95.5943
23		95.5943
23.125		103.594
23.25		103.594
23.375		103.594
23.5		103.594
23.625		103.594
23.75		103.594
23.875		103.594
24		103.594
24.125		107.094
24.25		107.094
24.375		107.094
24.5		107.094
24.625		107.094
24.75		107.094
24.875		107.094
25		107.094
25.125		126.592
25.25		126.592
25.375		126.592
25.5		126.592
25.625		126.592
25.75		126.592
25.875		126.592
26		126.592
26.125		131.992
26.25		131.992
26.375		131.992
26.5		131.992
26.625		131.992
26.75		131.992
26.875		131.992
27		131.992
27.125		138.592
27.25		138.592
27.375		138.592
27.5		138.592
27.625		138.592
27.75		138.592
27.875		138.592
28		138.592
28.125		140.192
28.25		140.192
28.375		140.192
28.5		140.192
28.625		140.192
28.75		140.192
28.875		140.192
29		140.192
29.125		158.69
29.25		158.69
29.375		158.69
29.5		158.69
29.625		158.69
29.75		158.69
29.875		158.69
30		158.69
30.125		172.29
30.25		172.29
30.375		172.29
30.5		172.29
30.625		172.29
30.75		172.29
30.875		172.29
31		172.29
31.125		177.089
31.25		177.089
31.375		177.089
31.5		177.089
31.625		177.089
31.75		177.089
31.875		177.089
32		177.089
32.125		182.689
32.25		182.689
32.375		182.689
32.5		182.689
32.625		182.689
32.75		182.689
32.875		182.689
33		182.689
33.125		185.089
33.25		185.089
33.375		185.089
33.5		185.089
33.625		185.089
33.75		185.089
33.875		185.089
34		185.089
34.125		213.587
34.25		213.587
34.375		213.587
34.5		213.587
34.625		213.587
34.75		213.587
34.875		213.587
35		213.587
35.125		219.087
35.25		219.087
35.375		219.087
35.5		219.087
35.625		219.087
35.75		219.087
35.875		219.087
36		219.087
36.125		219.687
36.25		219.687
36.375		219.687
36.5		219.687
36.625		219.687
36.75		219.687
36.875		219.687
37		219.687
37.125		237.886
37.25		237.886
37.375		237.886
37.5		237.886
37.625		237.886
37.75		237.886
37.875		237.886
38		237.886
38.125		244.285
38.25		244.285
38.375		244.285
38.5		244.285
38.625		244.285
38.75		244.285
38.875		244.285
39		244.285
39.125		254.785
39.25		254.785
39.375		254.785
39.5		254.785
39.625		254.785
39.75		254.785
39.875		254.785
40		254.785
40.125		274.284
40.25		274.284
40.375		274.284
40.5		274.284
40.625		274.284
40.75		274.284
40.875		274.284
41		274.284
41.125		277.283
41.25		277.283
41.375		277.283
41.5		277.283
41.625		277.283
41.75		277.283
41.875		277.283
42		277.283
42.125		283.883
42.25		283.883
42.375		283.883
42.5		283.883
42.625		283.883
42.75		283.883
42.875		283.883
43		283.883
43.125		289.683
43.25		289.683
43.375		289.683
43.5		289.683
43.625		289.683
43.75		289.683
43.875		289.683
44		289.683
44.125		294.382
44.25		294.382
44.375		294.382
44.5		294.382
44.625		294.382
44.75		294.382
44.875		294.382
45		294.382
45.125		300.382
45.25		300.382
45.375		300.382
45.5		300.382
45.625		300.382
45.75		300.382
45.875		300.382
46		300.382
46.125		324.781
46.25		324.781
46.375		324.781
46.5		324.781
46.625		324.781
46.75		324.781
46.875		324.781
47		324.781
47.125		333.28
47.25		333.28
47.375		333.28
47.5		333.28
47.625		333.28
47.75		333.28
47.875		333.28
48		333.28
48.125		337.08
48.25		337.08
48.375		337.08
48.5		337.08
48.625		337.08
48.75		337.08
48.875		337.08
49		337.08
49.125		345.779
49.25		345.779
49.375		345.779
49.5		345.779
49.625		345.779
49.75		345.779
49.875		345.779
50		345.779
50.125		361.578
50.25		361.578
50.375		361.578
50.5		361.578
50.625		361.578
50.75		361.578
50.875		361.578
51		361.578
51.125		365.078
51.25		365.078
51.375		365.078
51.5		365.078
51.625		365.078
51.75		365.078
51.875		365.078
52		365.078
52.125		381.477
52.25		381.477
52.375		381.477
52.5		381.477
52.625		381.477
52.75		381.477
52.875		381.477
53		381.477
53.125		382.177
53.25		382.177
53.375		382.177
53.5		382.177
53.625		382.177
53.75		382.177
53.875		382.177
54		382.177
54.125		399.876
54.25		399.876
54.375		399.876
54.5		399.876
54.625		399.876
54.75		399.876
54.875		399.876
55		399.876
55.125		408.375
55.25		408.375
55.375		408.375
55.5		408.375
55.625		408.375
55.75		408.375
55.875		408.375
56		408.375
56.125		413.775
56.25		413.775
56.375		413.775
56.5		413.775
56.625		413.775
56.75		413.775
56.875		413.775
57		413.775
57.125		424.375
57.25		424.375
57.375		424.375
57.5		424.375
57.625		424.375
57.75		424.375
57.875		424.375
58		424.375
58.125		437.174
58.25		437.174
58.375		437.174
58.5		437.174
58.625		437.174
58.75		437.174
58.875		437.174
59		437.174
59.125		451.673
59.25		451.673
59.375		451.673
59.5		451.673
59.625		451.673
59.75		451.673
59.875		451.673
60		451.673
60.125		454.973
60.25		454.973
60.375		454.973
60.5		454.973
60.625		454.973
60.75		454.973
60.875		454.973
61		454.973
61.125		459.172
61.25		459.172
61.375		459.172
61.5		459.172
61.625		459.172
61.75		459.172
61.875		459.172
62		459.172
62.125		465.872
62.25		465.872
62.375		465.872
62.5		465.872
62.625		465.872
62.75		465.872
62.875		465.872
63		465.872
63.125		480.171
63.25		480.171
63.375		480.171
63.5		480.171
63.625		480.171
63.75		480.171
63.875		480.171
64		480.171
64.125		481.371
64.25		481.371
64.375		481.371
64.5		481.371
64.625		481.371
64.75		481.371
64.875		481.371
65		481.371
65.125		500.77
65.25		500.77
65.375		500.77
65.5		500.77
65.625		500.77
65.75		500.77
65.875		500.77
66		500.77
66.125		505.37
66.25		505.37
66.375		505.37
66.5		505.37
66.625		505.37
66.75		505.37
66.875		505.37
67		505.37
67.125		513.969
67.25		513.969
67.375		513.969
67.5		513.969
67.625		513.969
67.75		513.969
67.875		513.969
68		513.969
68.125		520.069
68.25		520.069
68.375		520.069
68.5		520.069
68.625		520.069
68.75		520.069
68.875		520.069
69		520.069
69.125		528.868
69.25		528.868
69.375		528.868
69.5		528.868
69.625		528.868
69.75		528.868
69.875		528.868
70		528.868
70.125		537.968
70.25		537.968
70.375		537.968
70.5		537.968
70.625		537.968
70.75		537.968
70.875		537.968
71		537.968
71.125		547.367
71.25		547.367
71.375		547.367
71.5		547.367
71.625		547.367
71.75		547.367
71.875		547.367
72		547.367
72.125		564.166
72.25		564.166
72.375		564.166
72.5		564.166
72.625		564.166
72.75		564.166
72.875		564.166
73		564.166
73.125		565.166
73.25		565.166
73.375		565.166
73.5		565.166
73.625		565.166
73.75		565.166
73.875		565.166
74		565.166
74.125		568.766
74.25		568.766
74.375		568.766
74.5		568.766
74.625		568.766
74.75		568.766
74.875		568.766
75		568.766
75.125		590.965
75.25		590.965
75.375		590.965
75.5		590.965
75.625		590.965
75.75		590.965
75.875		590.965
76		590.965
76.125		595.664
76.25		595.664
76.375		595.664
76.5		595.664
76.625		595.664
76.75		595.664
76.875		595.664
77		595.664
77.125		598.764
77.25		598.764
77.375		598.764
77.5		598.764
77.625		598.764
77.75		598.764
77.875		598.764
78		598.764
78.125		611.163
78.25		611.163
78.375		611.163
78.5		611.163
78.625		611.163
78.75		611.163
78.875		611.163
79		611.163
79.125		617.563
79.25		617.563
79.375		617.563
79.5		617.563
79.625		617.563
79.75		617.563
79.875		617.563
80		617.563
80.125		622.563
80.25		622.563
80.375		622.563
80.5		622.563
80.625		622.563
80.75		622.563
80.875		622.563
81		622.563
81.125		643.561
81.25		643.561
81.375		643.561
81.5		643.561
81.625		643.561
81.75		643.561
81.875		643.561
82		643.561
82.125		648.561
82.25		648.561
82.375		648.561
82.5		648.561
82.625		648.561
82.75		648.561
82.875		648.561
83		648.561
83.125		657.061
83.25		657.061
83.375		657.061
83.5		657.061
83.625		657.061
83.75		657.061
83.875		657.061
84		657.061
84.125		662.86
84.25		662.86
84.375		662.86
84.5		662.86
84.625		662.86
84.75		662.86
84.875		662.86
85		662.86
85.125		668.86
85.25		668.86
85.375		668.86
85.5		668.86
85.625		668.86
85.75		668.86
85.875		668.86
86		668.86
86.125		683.159
86.25		683.159
86.375		683.159
86.5		683.159
86.625		683.159
86.75		683.159
86.875		683.159
87		683.159
87.125		695.958
87.25		695.958
87.375		695.958
87.5		695.958
87.625		695.958
87.75		695.958
87.875		695.958
88		695.958
88.125		703.058
88.25		703.058
88.375		703.058
88.5		703.058
88.625		703.058
88.75		703.058
88.875		703.058
89		703.058
89.125		722.557
89.25		722.557
89.375		722.557
89.5		722.557
89.625		722.557
89.75		722.557
89.875		722.557
90		722.557
90.125		724.657
90.25		724.657
90.375		724.657
90.5		724.657
90.625		724.657
90.75		724.657
90.875		724.657
91		724.657
91.125		733.056
91.25		733.056
91.375		733.056
91.5		733.056
91.625		733.056
91.75		733.056
91.875		733.056
92		733.056
92.125		741.056
92.25		741.056
92.375		741.056
92.5		741.056
92.625		741.056
92.75		741.056
92.875		741.056
93		741.056
93.125		751.555
93.25		751.555
93.375		751.555
93.5		751.555
93.625		751.555
93.75		751.555
93.875		751.555
94		751.555
94.125		769.054
94.25		769.054
94.375		769.054
94.5		769.054
94.625		769.054
94.75		769.054
94.875		769.054
95		769.054
95.125		783.453
95.25		783.453
95.375		783.453
95.5		783.453
95.625		783.453
95.75		783.453
95.875		783.453
96		783.453
96.125		784.253
96.25		784.253
96.375		784.253
96.5		784.253
96.625		784.253
96.75		784.253
96.875		784.253
97		784.253
97.125		795.652
97.25		795.652
97.375		795.652
97.5		795.652
97.625		795.652
97.75		795.652
97.875		795.652
98		795.652
98.125		806.552
98.25		806.552
98.375		806.552
98.5		806.552
98.625		806.552
98.75		806.552
98.875		806.552
99		806.552
99.125		816.151
99.25		816.151
99.375		816.151
99.5		816.151
99.625		816.151
99.75		816.151
99.875		816.151
100		816.151
100.125		821.851
100.25		821.851
100.375		821.851
100.5		821.851
100.625		821.851
100.75		821.851
100.875		821.851
101		821.851
101.125		823.851
101.25		823.851
101.375		823.851
101.5		823.851
101.625		823.851
101.75		823.851
101.875		823.851
102		823.851
102.125		844.349
102.25		844.349
102.375		844.349
102.5		844.349
102.625		844.349
102.75		844.349
102.875		844.349
103		844.349
103.125		850.849
103.25		850.849
103.375		850.849
103.5		850.849
103.625		850.849
103.75		850.849
103.875		850.849
104		850.849
104.125		857.449
104.25		857.449
104.375		857.449
104.5		857.449
104.625		857.449
104.75		857.449
104.875		857.449
105		857.449
105.125		864.148
105.25		864.148
105.375		864.148
105.5		864.148
105.625		864.148
105.75		864.148
105.875		864.148
106		864.148
106.125		880.647
106.25		880.647
106.375		880.647
106.5		880.647
106.625		880.647
106.75		880.647
106.875		880.647
107		880.647
107.125		883.347
107.25		883.347
107.375		883.347
107.5		883.347
107.625		883.347
107.75		883.347
107.875		883.347
108		883.347
108.125		891.946
108.25		891.946
108.375		891.946
108.5		891.946
108.625		891.946
108.75		891.946
108.875		891.946
109		891.946
109.125		896.246
109.25		896.246
109.375		896.246
109.5		896.246
109.625		896.246
109.75		896.246
109.875		896.246
110		896.246
110.125		924.545
110.25		924.545
110.375		924.545
110.5		924.545
110.625		924.545
110.75		924.545
110.875		924.545
111		924.545
111.125		928.044
111.25		928.044
111.375		928.044
111.5		928.044
111.625		928.044
111.75		928.044
111.875		928.044
112		928.044
112.125		934.844
112.25		934.844
112.375		934.844
112.5		934.844
112.625		934.844
112.75		934.844
112.875		934.844
113		934.844
113.125		940.744
113.25		940.744
113.375		940.744
113.5		940.744
113.625		940.744
113.75		940.744
113.875		940.744
114		940.744
114.125		967.142
114.25		967.142
114.375		967.142
114.5		967.142
114.625		967.142
114.75		967.142
114.875		967.142
115		967.142
115.125		980.741
115.25		980.741
115.375		980.741
115.5		980.741
115.625		980.741
115.75		980.741
115.875		980.741
116		980.741
116.125		988.641
116.25		988.641
116.375		988.641
116.5		988.641
116.625		988.641
116.75		988.641
116.875		988.641
117		988.641
117.125		989.541
117.25		989.541
117.375		989.541
117.5		989.541
117.625		989.541
117.75		989.541
117.875		989.541
118		989.541
118.125		994.24
118.25		994.24
118.375		994.24
118.5		994.24
118.625		994.24
118.75		994.24
118.875		994.24
119		994.24
119.125		1025.14
119.25		1025.14
119.375		1025.14
119.5		1025.14
119.625		1025.14
119.75		1025.14
119.875		1025.14
120		1025.14
120.125		1035.44
120.25		1035.44
120.375		1035.44
120.5		1035.44
120.625		1035.44
120.75		1035.44
120.875		1035.44
121		1035.44
121.125		1042.24
121.25		1042.24
121.375		1042.24
121.5		1042.24
121.625		1042.24
121.75		1042.24
121.875		1042.24
122		1042.24
122.125		1047.14
122.25		1047.14
122.375		1047.14
122.5		1047.14
122.625		1047.14
122.75		1047.14
122.875		1047.14
123		1047.14
123.125		1060.74
123.25		1060.74
123.375		1060.74
123.5		1060.74
123.625		1060.74
123.75		1060.74
123.875		1060.74
124		1060.74
124.125		1094.13
124.25		1094.13
124.375		1094.13
124.5		1094.13
124.625		1094.13
124.75		1094.13
124.875		1094.13
125		1094.13
125.125		1095.83
125.25		1095.83
125.375		1095.83
125.5		1095.83
125.625		1095.83
125.75		1095.83
125.875		1095.83
126		1095.83
126.125		1109.73
126.25		1109.73
126.375		1109.73
126.5		1109.73
126.625		1109.73
126.75		1109.73
126.875		1109.73
127		1109.73
127.125		1149.93
127.25		1149.93
127.375		1149.93
127.5		1149.93
127.625		1149.93
127.75		1149.93
127.875		1149.93
128		1149.93
128.125		1162.33
128.25		1162.33
128.375		1162.33
128.5		1162.33
128.625		1162.33
128.75		1162.33
128.875		1162.33
129		1162.33
129.125		1172.13
129.25		1172.13
129.375		1172.13
129.5		1172.13
129.625		1172.13
129.75		1172.13
129.875		1172.13
130		1172.13
130.125		1183.63
130.25		1183.63
130.375		1183.63
130.5		1183.63
130.625		1183.63
130.75		1183.63
130.875		1183.63
131		1183.63
131.125		1189.03
131.25		1189.03
131.375		1189.03
131.5		1189.03
131.625		1189.03
131.75		1189.03
131.875		1189.03
132		1189.03
132.125		1226.83
132.25		1226.83
132.375		1226.83
132.5		1226.83
132.625		1226.83
132.75		1226.83
132.875		1226.83
133		1226.83
133.125		1237.43
133.25		1237.43
133.375		1237.43
133.5		1237.43
133.625		1237.43
133.75		1237.43
133.875		1237.43
134		1237.43
134.125		1246.53
134.25		1246.53
134.375		1246.53
134.5		1246.53
134.625		1246.53
134.75		1246.53
134.875		1246.53
135		1246.53
135.125		1248.53
135.25		1248.53
135.375		1248.53
135.5		1248.53
135.625		1248.53
135.75		1248.53
135.875		1248.53
136		1248.53
136.125		1312.82
136.25		1312.82
136.375		1312.82
136.5		1312.82
136.625		1312.82
136.75		1312.82
136.875		1312.82
137		1312.82
137.125		1316.22
137.25		1316.22
137.375		1316.22
137.5		1316.22
137.625		1316.22
137.75		1316.22
137.875		1316.22
138		1316.22
138.125		1320.62
138.25		1320.62
138.375		1320.62
138.5		1320.62
138.625		1320.62
138.75		1320.62
138.875		1320.62
139		1320.62
139.125		1338.22
139.25		1338.22
139.375		1338.22
139.5		1338.22
139.625		1338.22
139.75		1338.22
139.875		1338.22
140		1338.22
140.125		1380.32
140.25		1380.32
140.375		1380.32
140.5		1380.32
140.625		1380.32
140.75		1380.32
140.875		1380.32
141		1380.32
141.125		1386.42
141.25		1386.42
141.375		1386.42
141.5		1386.42
141.625		1386.42
141.75		1386.42
141.875		1386.42
142		1386.42
142.125		1412.32
142.25		1412.32
142.375		1412.32
142.5		1412.32
142.625		1412.32
142.75		1412.32
142.875		1412.32
143		1412.32
143.125		1414.42
143.25		1414.42
143.375		1414.42
143.5		1414.42
143.625		1414.42
143.75		1414.42
143.875		1414.42
144		1414.42
144.125		1449.91
144.25		1449.91
144.375		1449.91
144.5		1449.91
144.625		1449.91
144.75		1449.91
144.875		1449.91
145		1449.91
145.125		1463.91
145.25		1463.91
145.375		1463.91
145.5		1463.91
145.625		1463.91
145.75		1463.91
145.875		1463.91
146		1463.91
146.125		1484.91
146.25		1484.91
146.375		1484.91
146.5		1484.91
146.625		1484.91
146.75		1484.91
146.875		1484.91
147		1484.91
147.125		1507.01
147.25		1507.01
147.375		1507.01
147.5		1507.01
147.625		1507.01
147.75		1507.01
147.875		1507.01
148		1507.01
148.125		1526.61
148.25		1526.61
148.375		1526.61
148.5		1526.61
148.625		1526.61
148.75		1526.61
148.875		1526.61
149		1526.61
149.125		1566.61
149.25		1566.61
149.375		1566.61
149.5		1566.61
149.625		1566.61
149.75		1566.61
149.875		1566.61
150		1566.61
150.125		1571.31
150.25		1571.31
150.375		1571.31
150.5		1571.31
150.625		1571.31
150.75		1571.31
150.875		1571.31
151		1571.31
151.125		1588
151.25		1588
151.375		1588
151.5		1588
151.625		1588
151.75		1588
151.875		1588
152		1588
152.125		1596.5
152.25		1596.5
152.375		1596.5
152.5		1596.5
152.625		1596.5
152.75		1596.5
152.875		1596.5
153		1596.5
153.125		1620
153.25		1620
153.375		1620
153.5		1620
153.625		1620
153.75		1620
153.875		1620
154		1620
154.125		1622.6
154.25		1622.6
154.375		1622.6
154.5		1622.6
154.625		1622.6
154.75		1622.6
154.875		1622.6
155		1622.6
155.125		1657.6
155.25		1657.6
155.375		1657.6
155.5		1657.6
155.625		1657.6
155.75		1657.6
155.875		1657.6
156		1657.6
156.125		1684.9
156.25		1684.9
156.375		1684.9
156.5		1684.9
156.625		1684.9
156.75		1684.9
156.875		1684.9
157		1684.9
157.125		1690.3
157.25		1690.3
157.375		1690.3
157.5		1690.3
157.625		1690.3
157.75		1690.3
157.875		1690.3
158		1690.3
158.125		1709.7
158.25		1709.7
158.375		1709.7
158.5		1709.7
158.625		1709.7
158.75		1709.7
158.875		1709.7
159		1709.7
159.125		1719.9
159.25		1719.9
159.375		1719.9
159.5		1719.9
159.625		1719.9
159.75		1719.9
159.875		1719.9
160		1719.9
160.125		1723.6
160.25		1723.6
160.375		1723.6
160.5		1723.6
160.625		1723.6
160.75		1723.6
160.875		1723.6
161		1723.6
161.125		1766.19
161.25		1766.19
161.375		1766.19
161.5		1766.19
161.625		1766.19
161.75		1766.19
161.875		1766.19
162		1766.19
162.125		1788.19
162.25		1788.19
162.375		1788.19
162.5		1788.19
162.625		1788.19
162.75		1788.19
162.875		1788.19
163		1788.19
163.125		1798.19
163.25		1798.19
163.375		1798.19
163.5		1798.19
163.625		1798.19
163.75		1798.19
163.875		1798.19
164		1798.19
164.125		1800.09
164.25		1800.09
164.375		1800.09
164.5		1800.09
164.625		1800.09
164.75		1800.09
164.875		1800.09
165		1800.09
165.125		1821.89
165.25		1821.89
165.375		1821.89
165.5		1821.89
165.625		1821.89
165.75		1821.89
165.875		1821.89
166		1821.89
166.125		1856.69
166.25		1856.69
166.375		1856.69
166.5		1856.69
166.625		1856.69
166.75		1856.69
166.875		1856.69
167		1856.69
167.125		1867.09
167.25		1867.09
167.375		1867.09
167.5		1867.09
167.625		1867.09
167.75		1867.09
167.875		1867.09
168		1867.09
168.125		1867.99
168.25		1867.99
168.375		1867.99
168.5		1867.99
168.625		1867.99
168.75		1867.99
168.875		1867.99
169		1867.99
169.125		1884.19
169.25		1884.19
169.375		1884.19
169.5		1884.19
169.625		1884.19
169.75		1884.19
169.875		1884.19
170		1884.19
170.125		1891.69
170.25		1891.69
170.375		1891.69
170.5		1891.69
170.625		1891.69
170.75		1891.69
170.875		1891.69
171		1891.69
171.125		1907.79
171.25		1907.79
171.375		1907.79
171.5		1907.79
171.625		1907.79
171.75		1907.79
171.875		1907.79
172		1907.79
172.125		1920.78
172.25		1920.78
172.375		1920.78
172.5		1920.78
172.625		1920.78
172.75		1920.78
172.875		1920.78
173		1920.78
173.125		1922.58
173.25		1922.58
173.375		1922.58
173.5		1922.58
173.625		1922.58
173.75		1922.58
173.875		1922.58
174		1922.58
174.125		1929.68
174.25		1929.68
174.375		1929.68
174.5		1929.68
174.625		1929.68
174.75		1929.68
174.875		1929.68
175		1929.68
175.125		1977.98
175.25		1977.98
175.375		1977.98
175.5		1977.98
175.625		1977.98
175.75		1977.98
175.875		1977.98
176		1977.98
176.125		1981.68
176.25		1981.68
176.375		1981.68
176.5		1981.68
176.625		1981.68
176.75		1981.68
176.875		1981.68
177		1981.68
177.125		1982.68
177.25		1982.68
177.375		1982.68
177.5		1982.68
177.625		1982.68
177.75		1982.68
177.875		1982.68
178		1982.68
178.125		1987.48
178.25		1987.48
178.375		1987.48
178.5		1987.48
178.625		1987.48
178.75		1987.48
178.875		1987.48
179		1987.48
179.125		2001.48
179.25		2001.48
179.375		2001.48
179.5		2001.48
179.625		2001.48
179.75		2001.48
179.875		2001.48
180		2001.48
180.125		2024.38
180.25		2024.38
180.375		2024.38
180.5		2024.38
180.625		2024.38
180.75		2024.38
180.875		2024.38
181		2024.38
181.125		2030.08
181.25		2030.08
181.375		2030.08
181.5		2030.08
181.625		2030.08
181.75		2030.08
181.875		2030.08
182		2030.08
182.125		2039.78
182.25		2039.78
182.375		2039.78
182.5		2039.78
182.625		2039.78
182.75		2039.78
182.875		2039.78
183		2039.78
183.125		2043.58
183.25		2043.58
183.375		2043.58
183.5		2043.58
183.625		2043.58
183.75		2043.58
183.875		2043.58
184		2043.58
184.125		2073.08
184.25		2073.08
184.375		2073.08
184.5		2073.08
184.625		2073.08
184.75		2073.08
184.875		2073.08
185		2073.08
185.125		2075.68
185.25		2075.68
185.375		2075.68
185.5		2075.68
185.625		2075.68
185.75		2075.68
185.875		2075.68
186		2075.68
186.125		2082.68
186.25		2082.68
186.375		2082.68
186.5		2082.68
186.625		2082.68
186.75		2082.68
186.875		2082.68
187		2082.68
187.125		2093.77
187.25		2093.77
187.375		2093.77
187.5		2093.77
187.625		2093.77
187.75		2093.77
187.875		2093.77
188		2093.77
188.125		2115.47
188.25		2115.47
188.375		2115.47
188.5		2115.47
188.625		2115.47
188.75		2115.47
188.875		2115.47
189		2115.47
189.125		2116.17
189.25		2116.17
189.375		2116.17
189.5		2116.17
189.625		2116.17
189.75		2116.17
189.875		2116.17
190		2116.17
190.125		2116.87
190.25		2116.87
190.375		2116.87
190.5		2116.87
190.625		2116.87
190.75		2116.87
190.875		2116.87
191		2116.87
191.125		2125.97
191.25		2125.97
191.375		2125.97
191.5		2125.97
191.625		2125.97
191.75		2125.97
191.875		2125.97
192		2125.97
192.125		2148.87
192.25		2148.87
192.375		2148.87
192.5		2148.87
192.625		2148.87
192.75		2148.87
192.875		2148.87
193		2148.87
193.125		2151.77
193.25		2151.77
193.375		2151.77
193.5		2151.77
193.625		2151.77
193.75		2151.77
193.875		2151.77
194		2151.77
194.125		2164.87
194.25		2164.87
194.375		2164.87
194.5		2164.87
194.625		2164.87
194.75		2164.87
194.875		2164.87
195		2164.87
195.125		2174.77
195.25		2174.77
195.375		2174.77
195.5		2174.77
195.625		2174.77
195.75		2174.77
195.875		2174.77
196		2174.77
196.125		2183.47
196.25		2183.47
196.375		2183.47
196.5		2183.47
196.625		2183.47
196.75		2183.47
196.875		2183.47
197		2183.47
197.125		2191.57
197.25		2191.57
197.375		2191.57
197.5		2191.57
197.625		2191.57
197.75		2191.57
197.875		2191.57
198		2191.57
198.125		2200.37
198.25		2200.37
198.375		2200.37
198.5		2200.37
198.625		2200.37
198.75		2200.37
198.875		2200.37
199		2200.37
199.125		2203.17
199.25		2203.17
199.375		2203.17
199.5		2203.17
199.625		2203.17
199.75		2203.17
199.875		2203.17
200		2203.17
200.125		2206.77
200.25		2206.77
200.375		2206.77
200.5		2206.77
200.625		2206.77
200.75		2206.77
200.875		2206.77
201		2206.77
201.125		2221.97
201.25		2221.97
201.375		2221.97
201.5		2221.97
201.625		2221.97
201.75		2221.97
201.875		2221.97
202		2221.97
202.125		2234.27
202.25		2234.27
202.375		2234.27
202.5		2234.27
202.625		2234.27
202.75		2234.27
202.875		2234.27
203		2234.27
203.125		2243.47
203.25		2243.47
203.375		2243.47
203.5		2243.47
203.625		2243.47
203.75		2243.47
203.875		2243.47
204		2243.47
204.125		2258.66
204.25		2258.66
204.375		2258.66
204.5		2258.66
204.625		2258.66
204.75		2258.66
204.875		2258.66
205		2258.66
205.125		2259.96
205.25		2259.96
205.375		2259.96
205.5		2259.96
205.625		2259.96
205.75		2259.96
205.875		2259.96
206		2259.96
206.125		2260.56
206.25		2260.56
206.375		2260.56
206.5		2260.56
206.625		2260.56
206.75		2260.56
206.875		2260.56
207		2260.56
207.125		2276.56
207.25		2276.56
207.375		2276.56
207.5		2276.56
207.625		2276.56
207.75		2276.56
207.875		2276.56
208		2276.56
208.125		2282.16
208.25		2282.16
208.375		2282.16
208.5		2282.16
208.625		2282.16
208.75		2282.16
208.875		2282.16
209		2282.16
209.125		2300.56
209.25		2300.56
209.375		2300.56
209.5		2300.56
209.625		2300.56
209.75		2300.56
209.875		2300.56
210		2300.56
210.125		2305.66
210.25		2305.66
210.375		2305.66
210.5		2305.66
210.625		2305.66
210.75		2305.66
210.875		2305.66
211		2305.66
211.125		2310.96
211.25		2310.96
211.375		2310.96
211.5		2310.96
211.625		2310.96
211.75		2310.96
211.875		2310.96
212		2310.96
212.125		2311.56
212.25		2311.56
212.375		2311.56
212.5		2311.56
212.625		2311.56
212.75		2311.56
212.875		2311.56
213		2311.56
213.125		2316.16
213.25		2316.16
213.375		2316.16
213.5		2316.16
213.625		2316.16
213.75		2316.16
213.875		2316.16
214		2316.16
214.125		2340.46
214.25		2340.46
214.375		2340.46
214.5		2340.46
214.625		2340.46
214.75		2340.46
214.875		2340.46
215		2340.46
215.125		2349.36
215.25		2349.36
215.375		2349.36
215.5		2349.36
215.625		2349.36
215.75		2349.36
215.875		2349.36
216		2349.36
216.125		2350.16
216.25		2350.16
216.375		2350.16
216.5		2350.16
216.625		2350.16
216.75		2350.16
216.875		2350.16
217		2350.16
217.125		2350.96
217.25		2350.96
217.375		2350.96
217.5		2350.96
217.625		2350.96
217.75		2350.96
217.875		2350.96
218		2350.96
218.125		2369.56
218.25		2369.56
218.375		2369.56
218.5		2369.56
218.625		2369.56
218.75		2369.56
218.875		2369.56
219		2369.56
219.125		2370.76
219.25		2370.76
219.375		2370.76
219.5		2370.76
219.625		2370.76
219.75		2370.76
219.875		2370.76
220		2370.76
220.125		2384.36
220.25		2384.36
220.375		2384.36
220.5		2384.36
220.625		2384.36
220.75		2384.36
220.875		2384.36
221		2384.36
221.125		2389.26
221.25		2389.26
221.375		2389.26
221.5		2389.26
221.625		2389.26
221.75		2389.26
221.875		2389.26
222		2389.26
222.125		2403.76
222.25		2403.76
222.375		2403.76
222.5		2403.76
222.625		2403.76
222.75		2403.76
222.875		2403.76
223		2403.76
223.125		2404.86
223.25		2404.86
223.375		2404.86
223.5		2404.86
223.625		2404.86
223.75		2404.86
223.875		2404.86
224		2404.86
224.125		2407.46
224.25		2407.46
224.375		2407.46
224.5		2407.46
224.625		2407.46
224.75		2407.46
224.875		2407.46
225		2407.46
225.125		2409.76
225.25		2409.76
225.375		2409.76
225.5		2409.76
225.625		2409.76
225.75		2409.76
225.875		2409.76
226		2409.76
226.125		2439.55
226.25		2439.55
226.375		2439.55
226.5		2439.55
226.625		2439.55
226.75		2439.55
226.875		2439.55
227		2439.55
227.125		2446.55
227.25		2446.55
227.375		2446.55
227.5		2446.55
227.625		2446.55
227.75		2446.55
227.875		2446.55
228		2446.55
228.125		2446.85
228.25		2446.85
228.375		2446.85
228.5		2446.85
228.625		2446.85
228.75		2446.85
228.875		2446.85
229		2446.85
229.125		2452.55
229.25		2452.55
229.375		2452.55
229.5		2452.55
229.625		2452.55
229.75		2452.55
229.875		2452.55
230		2452.55
230.125		2467.05
230.25		2467.05
230.375		2467.05
230.5		2467.05
230.625		2467.05
230.75		2467.05
230.875		2467.05
231		2467.05
231.125		2469.95
231.25		2469.95
231.375		2469.95
231.5		2469.95
231.625		2469.95
231.75		2469.95
231.875		2469.95
232		2469.95
232.125		2475.85
232.25		2475.85
232.375		2475.85
232.5		2475.85
232.625		2475.85
232.75		2475.85
232.875		2475.85
233		2475.85
233.125		2487.75
233.25		2487.75
233.375		2487.75
233.5		2487.75
233.625		2487.75
233.75		2487.75
233.875		2487.75
234		2487.75
234.125		2493.05
234.25		2493.05
234.375		2493.05
234.5		2493.05
234.625		2493.05
234.75		2493.05
234.875		2493.05
235		2493.05
235.125		2497.55
235.25		2497.55
235.375		2497.55
235.5		2497.55
235.625		2497.55
235.75		2497.55
235.875		2497.55
236		2497.55
236.125		2508.55
236.25		2508.55
236.375		2508.55
236.5		2508.55
236.625		2508.55
236.75		2508.55
236.875		2508.55
237		2508.55
237.125		2510.75
237.25		2510.75
237.375		2510.75
237.5		2510.75
237.625		2510.75
237.75		2510.75
237.875		2510.75
238		2510.75
238.125		2524.15
238.25		2524.15
238.375		2524.15
238.5		2524.15
238.625		2524.15
238.75		2524.15
238.875		2524.15
239		2524.15
239.125		2533.85
239.25		2533.85
239.375		2533.85
239.5		2533.85
239.625		2533.85
239.75		2533.85
239.875		2533.85
240		2533.85
240.125		2543.55
240.25		2543.55
240.375		2543.55
240.5		2543.55
240.625		2543.55
240.75		2543.55
240.875		2543.55
241		2543.55
241.125		2545.95
241.25		2545.95
241.375		2545.95
241.5		2545.95
241.625		2545.95
241.75		2545.95
241.875		2545.95
242		2545.95
242.125		2546.45
242.25		2546.45
242.375		2546.45
242.5		2546.45
242.625		2546.45
242.75		2546.45
242.875		2546.45
243		2546.45
243.125		2565.95
243.25		2565.95
243.375		2565.95
243.5		2565.95
243.625		2565.95
243.75		2565.95
243.875		2565.95
244		2565.95
244.125		2567.05
244.25		2567.05
244.375		2567.05
244.5		2567.05
244.625		2567.05
244.75		2567.05
244.875		2567.05
245		2567.05
245.125		2573.55
245.25		2573.55
245.375		2573.55
245.5		2573.55
245.625		2573.55
245.75		2573.55
245.875		2573.55
246		2573.55
246.125		2582.45
246.25		2582.45
246.375		2582.45
246.5		2582.45
246.625		2582.45
246.75		2582.45
246.875		2582.45
247		2582.45
247.125		2582.75
247.25		2582.75
247.375		2582.75
247.5		2582.75
247.625		2582.75
247.75		2582.75
247.875		2582.75
248		2582.75
248.125		2594.24
248.25		2594.24
248.375		2594.24
248.5		2594.24
248.625		2594.24
248.75		2594.24
248.875		2594.24
249		2594.24
249.125		2595.64
249.25		2595.64
249.375		2595.64
249.5		2595.64
249.625		2595.64
249.75		2595.64
249.875		2595.64
250		2595.64
250.125		2601.24
250.25		2601.24
250.375		2601.24
250.5		2601.24
250.625		2601.24
250.75		2601.24
250.875		2601.24
251		2601.24
251.125		2603.84
251.25		2603.84
251.375		2603.84
251.5		2603.84
251.625		2603.84
251.75		2603.84
251.875		2603.84
252		2603.84
252.125		2611.04
252.25		2611.04
252.375		2611.04
252.5		2611.04
252.625		2611.04
252.75		2611.04
252.875		2611.04
253		2611.04
253.125		2631.84
253.25		2631.84
253.375		2631.84
253.5		2631.84
253.625		2631.84
253.75		2631.84
253.875		2631.84
254		2631.84
254.125		2632.34
254.25		2632.34
254.375		2632.34
254.5		2632.34
254.625		2632.34
254.75		2632.34
254.875		2632.34
255		2632.34
255.125		2632.84
255.25		2632.84
255.375		2632.84
255.5		2632.84
255.625		2632.84
255.75		2632.84
255.875		2632.84
256		2632.84
256.125		2636.14
256.25		2636.14
256.375		2636.14
256.5		2636.14
256.625		2636.14
256.75		2636.14
256.875		2636.14
257		2636.14
257.125		2641.84
257.25		2641.84
257.375		2641.84
257.5		2641.84
257.625		2641.84
257.75		2641.84
257.875		2641.84
258		2641.84
258.125		2646.04
258.25		2646.04
258.375		2646.04
258.5		2646.04
258.625		2646.04
258.75		2646.04
258.875		2646.04
259		2646.04
259.125		2661.84
259.25		2661.84
259.375		2661.84
259.5		2661.84
259.625		2661.84
259.75		2661.84
259.875		2661.84
260		2661.84
260.125		2666.54
260.25		2666.54
260.375		2666.54
260.5		2666.54
260.625		2666.54
260.75		2666.54
260.875		2666.54
261		2666.54
261.125		2667.54
261.25		2667.54
261.375		2667.54
261.5		2667.54
261.625		2667.54
261.75		2667.54
261.875		2667.54
262		2667.54
262.125		2673.04
262.25		2673.04
262.375		2673.04
262.5		2673.04
262.625		2673.04
262.75		2673.04
262.875		2673.04
263		2673.04
263.125		2674.34
263.25		2674.34
263.375		2674.34
263.5		2674.34
263.625		2674.34
263.75		2674.34
263.875		2674.34
264		2674.34
264.125		2680.44
264.25		2680.44
264.375		2680.44
264.5		2680.44
264.625		2680.44
264.75		2680.44
264.875		2680.44
265		2680.44
265.125		2693.94
265.25		2693.94
265.375		2693.94
265.5		2693.94
265.625		2693.94
265.75		2693.94
265.875		2693.94
266		2693.94
266.125		2704.74
266.25		2704.74
266.375		2704.74
266.5		2704.74
266.625		2704.74
266.75		2704.74
266.875		2704.74
267		2704.74
267.125		2706.94
267.25		2706.94
267.375		2706.94
267.5		2706.94
267.625		2706.94
267.75		2706.94
267.875		2706.94
268		2706.94
268.125		2707.94
268.25		2707.94
268.375		2707.94
268.5		2707.94
268.625		2707.94
268.75		2707.94
268.875		2707.94
269		2707.94
269.125		2708.14
269.25		2708.14
269.375		2708.14
269.5		2708.14
269.625		2708.14
269.75		2708.14
269.875		2708.14
270		2708.14
270.125		2729.94
270.25		2729.94
270.375		2729.94
270.5		2729.94
270.625		2729.94
270.75		2729.94
270.875		2729.94
271		2729.94
271.125		2732.14
271.25		2732.14
271.375		2732.14
271.5		2732.14
271.625		2732.14
271.75		2732.14
271.875		2732.14
272		2732.14
272.125		2732.64
272.25		2732.64
272.375		2732.64
272.5		2732.64
272.625		2732.64
272.75		2732.64
272.875		2732.64
273		2732.64
273.125		2736.74
273.25		2736.74
273.375		2736.74
273.5		2736.74
273.625		2736.74
273.75		2736.74
273.875		2736.74
274		2736.74
274.125		2752.33
274.25		2752.33
274.375		2752.33
274.5		2752.33
274.625		2752.33
274.75		2752.33
274.875		2752.33
275		2752.33
275.125		2756.13
275.25		2756.13
275.375		2756.13
275.5		2756.13
275.625		2756.13
275.75		2756.13
275.875		2756.13
276		2756.13
276.125		2760.13
276.25		2760.13
276.375		2760.13
276.5		2760.13
276.625		2760.13
276.75		2760.13
276.875		2760.13
277		2760.13
277.125		2765.13
277.25		2765.13
277.375		2765.13
277.5		2765.13
277.625		2765.13
277.75		2765.13
277.875		2765.13
278		2765.13
278.125		2765.13
278.25		2765.13
278.375		2765.13
278.5		2765.13
278.625		2765.13
278.75		2765.13
278.875		2765.13
279		2765.13
279.125		2786.63
279.25		2786.63
279.375		2786.63
279.5		2786.63
279.625		2786.63
279.75		2786.63
279.875		2786.63
280		2786.63
280.125		2787.73
280.25		2787.73
280.375		2787.73
280.5		2787.73
280.625		2787.73
280.75		2787.73
280.875		2787.73
281		2787.73
281.125		2797.63
281.25		2797.63
281.375		2797.63
281.5		2797.63
281.625		2797.63
281.75		2797.63
281.875		2797.63
282		2797.63
282.125		2806.83
282.25		2806.83
282.375		2806.83
282.5		2806.83
282.625		2806.83
282.75		2806.83
282.875		2806.83
283		2806.83
283.125		2817.73
283.25		2817.73
283.375		2817.73
283.5		2817.73
283.625		2817.73
283.75		2817.73
283.875		2817.73
284		2817.73
284.125		2826.63
284.25		2826.63
284.375		2826.63
284.5		2826.63
284.625		2826.63
284.75		2826.63
284.875		2826.63
285		2826.63
285.125		2839.33
285.25		2839.33
285.375		2839.33
285.5		2839.33
285.625		2839.33
285.75		2839.33
285.875		2839.33
286		2839.33
286.125		2853.83
286.25		2853.83
286.375		2853.83
286.5		2853.83
286.625		2853.83
286.75		2853.83
286.875		2853.83
287		2853.83
287.125		2862.33
287.25		2862.33
287.375		2862.33
287.5		2862.33
287.625		2862.33
287.75		2862.33
287.875		2862.33
288		2862.33
288.125		2867.53
288.25		2867.53
288.375		2867.53
288.5		2867.53
288.625		2867.53
288.75		2867.53
288.875		2867.53
289		2867.53
289.125		2903.43
289.25		2903.43
289.375		2903.43
289.5		2903.43
289.625		2903.43
289.75		2903.43
289.875		2903.43
290		2903.43
290.125		2905.53
290.25		2905.53
290.375		2905.53
290.5		2905.53
290.625		2905.53
290.75		2905.53
290.875		2905.53
291		2905.53
291.125		2908.53
291.25		2908.53
291.375		2908.53
291.5		2908.53
291.625		2908.53
291.75		2908.53
291.875		2908.53
292		2908.53
292.125		2912.73
292.25		2912.73
292.375		2912.73
292.5		2912.73
292.625		2912.73
292.75		2912.73
292.875		2912.73
293		2912.73
293.125		2916.03
293.25		2916.03
293.375		2916.03
293.5		2916.03
293.625		2916.03
293.75		2916.03
293.875		2916.03
294		2916.03
294.125		2941.02
294.25		2941.02
294.375		2941.02
294.5		2941.02
294.625		2941.02
294.75		2941.02
294.875		2941.02
295		2941.02
295.125		2955.22
295.25		2955.22
295.375		2955.22
295.5		2955.22
295.625		2955.22
295.75		2955.22
295.875		2955.22
296		2955.22
296.125		2971.22
296.25		2971.22
296.375		2971.22
296.5		2971.22
296.625		2971.22
296.75		2971.22
296.875		2971.22
297		2971.22
297.125		2981.42
297.25		2981.42
297.375		2981.42
297.5		2981.42
297.625		2981.42
297.75		2981.42
297.875		2981.42
298		2981.42
298.125		2992.42
298.25		2992.42
298.375		2992.42
298.5		2992.42
298.625		2992.42
298.75		2992.42
298.875		2992.42
299		2992.42
299.125		3004.92
299.25		3004.92
299.375		3004.92
299.5		3004.92
299.625		3004.92
299.75		3004.92
299.875		3004.92
300		3004.92
300.125		3023.02
300.25		3023.02
300.375		3023.02
300.5		3023.02
300.625		3023.02
300.75		3023.02
300.875		3023.02
301		3023.02
301.125		3055.92
301.25		3055.92
301.375		3055.92
301.5		3055.92
301.625		3055.92
301.75		3055.92
301.875		3055.92
302		3055.92
302.125		3057.32
302.25		3057.32
302.375		3057.32
302.5		3057.32
302.625		3057.32
302.75		3057.32
302.875		3057.32
303		3057.32
303.125		3058.62
303.25		3058.62
303.375		3058.62
303.5		3058.62
303.625		3058.62
303.75		3058.62
303.875		3058.62
304		3058.62
304.125		3075.52
304.25		3075.52
304.375		3075.52
304.5		3075.52
304.625		3075.52
304.75		3075.52
304.875		3075.52
305		3075.52
305.125		3088.11
305.25		3088.11
305.375		3088.11
305.5		3088.11
305.625		3088.11
305.75		3088.11
305.875		3088.11
306		3088.11
306.125		3090.21
306.25		3090.21
306.375		3090.21
306.5		3090.21
306.625		3090.21
306.75		3090.21
306.875		3090.21
307		3090.21
307.125		3121.51
307.25		3121.51
307.375		3121.51
307.5		3121.51
307.625		3121.51
307.75		3121.51
307.875		3121.51
308		3121.51
308.125		3139.81
308.25		3139.81
308.375		3139.81
308.5		3139.81
308.625		3139.81
308.75		3139.81
308.875		3139.81
309		3139.81
309.125		3140.71
309.25		3140.71
309.375		3140.71
309.5		3140.71
309.625		3140.71
309.75		3140.71
309.875		3140.71
310		3140.71
310.125		3153.81
310.25		3153.81
310.375		3153.81
310.5		3153.81
310.625		3153.81
310.75		3153.81
310.875		3153.81
311		3153.81
311.125		3156.01
311.25		3156.01
311.375		3156.01
311.5		3156.01
311.625		3156.01
311.75		3156.01
311.875		3156.01
312		3156.01
312.125		3172.61
312.25		3172.61
312.375		3172.61
312.5		3172.61
312.625		3172.61
312.75		3172.61
312.875		3172.61
313		3172.61
313.125		3187.61
313.25		3187.61
313.375		3187.61
313.5		3187.61
313.625		3187.61
313.75		3187.61
313.875		3187.61
314		3187.61
314.125		3196.91
314.25		3196.91
314.375		3196.91
314.5		3196.91
314.625		3196.91
314.75		3196.91
314.875		3196.91
315		3196.91
315.125		3200.81
315.25		3200.81
315.375		3200.81
315.5		3200.81
315.625		3200.81
315.75		3200.81
315.875		3200.81
316		3200.81
316.125		3215.71
316.25		3215.71
316.375		3215.71
316.5		3215.71
316.625		3215.71
316.75		3215.71
316.875		3215.71
317		3215.71
317.125		3226.31
317.25		3226.31
317.375		3226.31
317.5		3226.31
317.625		3226.31
317.75		3226.31
317.875		3226.31
318		3226.31
318.125		3252.7
318.25		3252.7
318.375		3252.7
318.5		3252.7
318.625		3252.7
318.75		3252.7
318.875		3252.7
319		3252.7
319.125		3273
319.25		3273
319.375		3273
319.5		3273
319.625		3273
319.75		3273
319.875		3273
320		3273
320.125		3275.8
320.25		3275.8
320.375		3275.8
320.5		3275.8
320.625		3275.8
320.75		3275.8
320.875		3275.8
321		3275.8
321.125		3287.7
321.25		3287.7
321.375		3287.7
321.5		3287.7
321.625		3287.7
321.75		3287.7
321.875		3287.7
322		3287.7
322.125		3313.2
322.25		3313.2
322.375		3313.2
322.5		3313.2
322.625		3313.2
322.75		3313.2
322.875		3313.2
323		3313.2
323.125		3317.3
323.25		3317.3
323.375		3317.3
323.5		3317.3
323.625		3317.3
323.75		3317.3
323.875		3317.3
324		3317.3
324.125		3319.5
324.25		3319.5
324.375		3319.5
324.5		3319.5
324.625		3319.5
324.75		3319.5
324.875		3319.5
325		3319.5
325.125		3349.2
325.25		3349.2
325.375		3349.2
325.5		3349.2
325.625		3349.2
325.75		3349.2
325.875		3349.2
326		3349.2
326.125		3367.1
326.25		3367.1
326.375		3367.1
326.5		3367.1
326.625		3367.1
326.75		3367.1
326.875		3367.1
327		3367.1
327.125		3368.5
327.25		3368.5
327.375		3368.5
327.5		3368.5
327.625		3368.5
327.75		3368.5
327.875		3368.5
328		3368.5
328.125		3369.1
328.25		3369.1
328.375		3369.1
328.5		3369.1
328.625		3369.1
328.75		3369.1
328.875		3369.1
329		3369.1
329.125		3379.5
329.25		3379.5
329.375		3379.5
329.5		3379.5
329.625		3379.5
329.75		3379.5
329.875		3379.5
330		3379.5
330.125		3413.3
330.25		3413.3
330.375		3413.3
330.5		3413.3
330.625		3413.3
330.75		3413.3
330.875		3413.3
331		3413.3
331.125		3415.7
331.25		3415.7
331.375		3415.7
331.5		3415.7
331.625		3415.7
331.75		3415.7
331.875		3415.7
332		3415.7
332.125		3427.89
332.25		3427.89
332.375		3427.89
332.5		3427.89
332.625		3427.89
332.75		3427.89
332.875		3427.89
333		3427.89
333.125		3437.09
333.25		3437.09
333.375		3437.09
333.5		3437.09
333.625		3437.09
333.75		3437.09
333.875		3437.09
334		3437.09
334.125		3456.99
334.25		3456.99
334.375		3456.99
334.5		3456.99
334.625		3456.99
334.75		3456.99
334.875		3456.99
335		3456.99
335.125		3458.79
335.25		3458.79
335.375		3458.79
335.5		3458.79
335.625		3458.79
335.75		3458.79
335.875		3458.79
336		3458.79
336.125		3472.09
336.25		3472.09
336.375		3472.09
336.5		3472.09
336.625		3472.09
336.75		3472.09
336.875		3472.09
337		3472.09
337.125		3483.09
337.25		3483.09
337.375		3483.09
337.5		3483.09
337.625		3483.09
337.75		3483.09
337.875		3483.09
338		3483.09
338.125		3484.79
338.25		3484.79
338.375		3484.79
338.5		3484.79
338.625		3484.79
338.75		3484.79
338.875		3484.79
339		3484.79
339.125		3508.69
339.25		3508.69
339.375		3508.69
339.5		3508.69
339.625		3508.69
339.75		3508.69
339.875		3508.69
340		3508.69
340.125		3515.79
340.25		3515.79
340.375		3515.79
340.5		3515.79
340.625		3515.79
340.75		3515.79
340.875		3515.79
341		3515.79
341.125		3528.59
341.25		3528.59
341.375		3528.59
341.5		3528.59
341.625		3528.59
341.75		3528.59
341.875		3528.59
342		3528.59
342.125		3547.29
342.25		3547.29
342.375		3547.29
342.5		3547.29
342.625		3547.29
342.75		3547.29
342.875		3547.29
343		3547.29
343.125		3566.39
343.25		3566.39
343.375		3566.39
343.5		3566.39
343.625		3566.39
343.75		3566.39
343.875		3566.39
344		3566.39
344.125		3592.78
344.25		3592.78
344.375		3592.78
344.5		3592.78
344.625		3592.78
344.75		3592.78
344.875		3592.78
345		3592.78
345.125		3600.98
345.25		3600.98
345.375		3600.98
345.5		3600.98
345.625		3600.98
345.75		3600.98
345.875		3600.98
346		3600.98
346.125		3615.28
346.25		3615.28
346.375		3615.28
346.5		3615.28
346.625		3615.28
346.75		3615.28
346.875		3615.28
347		3615.28
347.125		3622.68
347.25		3622.68
347.375		3622.68
347.5		3622.68
347.625		3622.68
347.75		3622.68
347.875		3622.68
348		3622.68
348.125		3637.98
348.25		3637.98
348.375		3637.98
348.5		3637.98
348.625		3637.98
348.75		3637.98
348.875		3637.98
349		3637.98
349.125		3666.28
349.25		3666.28
349.375		3666.28
349.5		3666.28
349.625		3666.28
349.75		3666.28
349.875		3666.28
350		3666.28
350.125		3668.08
350.25		3668.08
350.375		3668.08
350.5		3668.08
350.625		3668.08
350.75		3668.08
350.875		3668.08
351		3668.08
351.125		3679.88
351.25		3679.88
351.375		3679.88
351.5		3679.88
351.625		3679.88
351.75		3679.88
351.875		3679.88
352		3679.88
352.125		3682.58
352.25		3682.58
352.375		3682.58
352.5		3682.58
352.625		3682.58
352.75		3682.58
352.875		3682.58
353		3682.58
353.125		3691.88
353.25		3691.88
353.375		3691.88
353.5		3691.88
353.625		3691.88
353.75		3691.88
353.875		3691.88
354		3691.88
354.125		3717.28
354.25		3717.28
354.375		3717.28
354.5		3717.28
354.625		3717.28
354.75		3717.28
354.875		3717.28
355		3717.28
355.125		3722.98
355.25		3722.98
355.375		3722.98
355.5		3722.98
355.625		3722.98
355.75		3722.98
355.875		3722.98
356		3722.98
356.125		3744.48
356.25		3744.48
356.375		3744.48
356.5		3744.48
356.625		3744.48
356.75		3744.48
356.875		3744.48
357		3744.48
357.125		3753.47
357.25		3753.47
357.375		3753.47
357.5		3753.47
357.625		3753.47
357.75		3753.47
357.875		3753.47
358		3753.47
358.125		3782.77
358.25		3782.77
358.375		3782.77
358.5		3782.77
358.625		3782.77
358.75		3782.77
358.875		3782.77
359		3782.77
359.125		3785.17
359.25		3785.17
359.375		3785.17
359.5		3785.17
359.625		3785.17
359.75		3785.17
359.875		3785.17
360		3785.17
360.125		3803.27
360.25		3803.27
360.375		3803.27
360.5		3803.27
360.625		3803.27
360.75		3803.27
360.875		3803.27
361		3803.27
361.125		3815.77
361.25		3815.77
361.375		3815.77
361.5		3815.77
361.625		3815.77
361.75		3815.77
361.875		3815.77
362		3815.77
362.125		3831.67
362.25		3831.67
362.375		3831.67
362.5		3831.67
362.625		3831.67
362.75		3831.67
362.875		3831.67
363		3831.67
363.125		3851.27
363.25		3851.27
363.375		3851.27
363.5		3851.27
363.625		3851.27
363.75		3851.27
363.875		3851.27
364		3851.27
364.125		3853.97
364.25		3853.97
364.375		3853.97
364.5		3853.97
364.625		3853.97
364.75		3853.97
364.875		3853.97
365		3853.97
365.125		3874.67
365.25		3874.67
365.375		3874.67
365.5		3874.67
365.625		3874.67
365.75		3874.67
365.875		3874.67
366		3874.67
366.125		3896.67
366.25		3896.67
366.375		3896.67
366.5		3896.67
366.625		3896.67
366.75		3896.67
366.875		3896.67
367		3896.67
367.125		3898.47
367.25		3898.47
367.375		3898.47
367.5		3898.47
367.625		3898.47
367.75		3898.47
367.875		3898.47
368		3898.47
368.125		3900.07
368.25		3900.07
368.375		3900.07
368.5		3900.07
368.625		3900.07
368.75		3900.07
368.875		3900.07
369		3900.07
369.125		3914.67
369.25		3914.67
369.375		3914.67
369.5		3914.67
369.625		3914.67
369.75		3914.67
369.875		3914.67
370		3914.67
370.125		3934.56
370.25		3934.56
370.375		3934.56
370.5		3934.56
370.625		3934.56
370.75		3934.56
370.875		3934.56
371		3934.56
371.125		3945.46
371.25		3945.46
371.375		3945.46
371.5		3945.46
371.625		3945.46
371.75		3945.46
371.875		3945.46
372		3945.46
372.125		3951.66
372.25		3951.66
372.375		3951.66
372.5		3951.66
372.625		3951.66
372.75		3951.66
372.875		3951.66
373		3951.66
373.125		3960.96
373.25		3960.96
373.375		3960.96
373.5		3960.96
373.625		3960.96
373.75		3960.96
373.875		3960.96
374		3960.96
374.125		3968.96
374.25		3968.96
374.375		3968.96
374.5		3968.96
374.625		3968.96
374.75		3968.96
374.875		3968.96
375		3968.96
375.125		3985.26
375.25		3985.26
375.375		3985.26
375.5		3985.26
375.625		3985.26
375.75		3985.26
375.875		3985.26
376		3985.26
376.125		3993.96
376.25		3993.96
376.375		3993.96
376.5		3993.96
376.625		3993.96
376.75		3993.96
376.875		3993.96
377		3993.96
377.125		4002.56
377.25		4002.56
377.375		4002.56
377.5		4002.56
377.625		4002.56
377.75		4002.56
377.875		4002.56
378		4002.56
378.125		4009.46
378.25		4009.46
378.375		4009.46
378.5		4009.46
378.625		4009.46
378.75		4009.46
378.875		4009.46
379		4009.46
379.125		4012.96
379.25		4012.96
379.375		4012.96
379.5		4012.96
379.625		4012.96
379.75		4012.96
379.875		4012.96
380		4012.96
380.125		4029.66
380.25		4029.66
380.375		4029.66
380.5		4029.66
380.625		4029.66
380.75		4029.66
380.875		4029.66
381		4029.66
381.125		4032.36
381.25		4032.36
381.375		4032.36
381.5		4032.36
381.625		4032.36
381.75		4032.36
381.875		4032.36
382		4032.36
382.125		4046.26
382.25		4046.26
382.375		4046.26
382.5		4046.26
382.625		4046.26
382.75		4046.26
382.875		4046.26
383		4046.26
383.125		4055.96
383.25		4055.96
383.375		4055.96
383.5		4055.96
383.625		4055.96
383.75		4055.96
383.875		4055.96
384		4055.96
384.125		4085.85
384.25		4085.85
384.375		4085.85
384.5		4085.85
384.625		4085.85
384.75		4085.85
384.875		4085.85
385		4085.85
385.125		4087.25
385.25		4087.25
385.375		4087.25
385.5		4087.25
385.625		4087.25
385.75		4087.25
385.875		4087.25
386		4087.25
386.125		4088.05
386.25		4088.05
386.375		4088.05
386.5		4088.05
386.625		4088.05
386.75		4088.05
386.875		4088.05
387		4088.05
387.125		4106.65
387.25		4106.65
387.375		4106.65
387.5		4106.65
387.625		4106.65
387.75		4106.65
387.875		4106.65
388		4106.65
388.125		4119.25
388.25		4119.25
388.375		4119.25
388.5		4119.25
388.625		4119.25
388.75		4119.25
388.875		4119.25
389		4119.25
389.125		4127.05
389.25		4127.05
389.375		4127.05
389.5		4127.05
389.625		4127.05
389.75		4127.05
389.875		4127.05
390		4127.05
390.125		4127.95
390.25		4127.95
390.375		4127.95
390.5		4127.95
390.625		4127.95
390.75		4127.95
390.875		4127.95
391		4127.95
391.125		4142.35
391.25		4142.35
391.375		4142.35
391.5		4142.35
391.625		4142.35
391.75		4142.35
391.875		4142.35
392		4142.35
392.125		4151.45
392.25		4151.45
392.375		4151.45
392.5		4151.45
392.625		4151.45
392.75		4151.45
392.875		4151.45
393		4151.45
393.125		4162.85
393.25		4162.85
393.375		4162.85
393.5		4162.85
393.625		4162.85
393.75		4162.85
393.875		4162.85
394		4162.85
394.125		4166.95
394.25		4166.95
394.375		4166.95
394.5		4166.95
394.625		4166.95
394.75		4166.95
394.875		4166.95
395		4166.95
395.125		4173.35
395.25		4173.35
395.375		4173.35
395.5		4173.35
395.625		4173.35
395.75		4173.35
395.875		4173.35
396		4173.35
396.125		4186.85
396.25		4186.85
396.375		4186.85
396.5		4186.85
396.625		4186.85
396.75		4186.85
396.875		4186.85
397		4186.85
397.125		4201.75
397.25		4201.75
397.375		4201.75
397.5		4201.75
397.625		4201.75
397.75		4201.75
397.875		4201.75
398		4201.75
398.125		4207.55
398.25		4207.55
398.375		4207.55
398.5		4207.55
398.625		4207.55
398.75		4207.55
398.875		4207.55
399		4207.55
399.125		4212.45
399.25		4212.45
399.375		4212.45
399.5		4212.45
399.625		4212.45
399.75		4212.45
399.875		4212.45
400		4212.45
400.125		4222.15
400.25		4222.15
400.375		4222.15
400.5		4222.15
400.625		4222.15
400.75		4222.15
400.875		4222.15
401		4222.15
401.125		4230.95
401.25		4230.95
401.375		4230.95
401.5		4230.95
401.625		4230.95
401.75		4230.95
401.875		4230.95
402		4230.95
402.125		4247.95
402.25		4247.95
402.375		4247.95
402.5		4247.95
402.625		4247.95
402.75		4247.95
402.875		4247.95
403		4247.95
403.125		4253.24
403.25		4253.24
403.375		4253.24
403.5		4253.24
403.625		4253.24
403.75		4253.24
403.875		4253.24
404		4253.24
404.125		4262.94
404.25		4262.94
404.375		4262.94
404.5		4262.94
404.625		4262.94
404.75		4262.94
404.875		4262.94
405		4262.94
405.125		4265.04
405.25		4265.04
405.375		4265.04
405.5		4265.04
405.625		4265.04
405.75		4265.04
405.875		4265.04
406		4265.04
406.125		4267.84
406.25		4267.84
406.375		4267.84
406.5		4267.84
406.625		4267.84
406.75		4267.84
406.875		4267.84
407		4267.84
407.125		4281.34
407.25		4281.34
407.375		4281.34
407.5		4281.34
407.625		4281.34
407.75		4281.34
407.875		4281.34
408		4281.34
408.125		4299.14
408.25		4299.14
408.375		4299.14
408.5		4299.14
408.625		4299.14
408.75		4299.14
408.875		4299.14
409		4299.14
409.125		4305.04
409.25		4305.04
409.375		4305.04
409.5		4305.04
409.625		4305.04
409.75		4305.04
409.875		4305.04
410		4305.04
410.125		4314.64
410.25		4314.64
410.375		4314.64
410.5		4314.64
410.625		4314.64
410.75		4314.64
410.875		4314.64
411		4314.64
411.125		4327.34
411.25		4327.34
411.375		4327.34
411.5		4327.34
411.625		4327.34
411.75		4327.34
411.875		4327.34
412		4327.34
412.125		4328.74
412.25		4328.74
412.375		4328.74
412.5		4328.74
412.625		4328.74
412.75		4328.74
412.875		4328.74
413		4328.74
413.125		4337.24
413.25		4337.24
413.375		4337.24
413.5		4337.24
413.625		4337.24
413.75		4337.24
413.875		4337.24
414		4337.24
414.125		4339.74
414.25		4339.74
414.375		4339.74
414.5		4339.74
414.625		4339.74
414.75		4339.74
414.875		4339.74
415		4339.74
415.125		4362.04
415.25		4362.04
415.375		4362.04
415.5		4362.04
415.625		4362.04
415.75		4362.04
415.875		4362.04
416		4362.04
416.125		4367.14
416.25		4367.14
416.375		4367.14
416.5		4367.14
416.625		4367.14
416.75		4367.14
416.875		4367.14
417		4367.14
417.125		4380.64
417.25		4380.64
417.375		4380.64
417.5		4380.64
417.625		4380.64
417.75		4380.64
417.875		4380.64
418		4380.64
418.125		4388.44
418.25		4388.44
418.375		4388.44
418.5		4388.44
418.625		4388.44
418.75		4388.44
418.875		4388.44
419		4388.44
419.125		4391.94
419.25		4391.94
419.375		4391.94
419.5		4391.94
419.625		4391.94
419.75		4391.94
419.875		4391.94
420		4391.94
420.125		4401.54
420.25		4401.54
420.375		4401.54
420.5		4401.54
420.625		4401.54
420.75		4401.54
420.875		4401.54
421		4401.54
421.125		4417.63
421.25		4417.63
421.375		4417.63
421.5		4417.63
421.625		4417.63
421.75		4417.63
421.875		4417.63
422		4417.63
422.125		4425.53
422.25		4425.53
422.375		4425.53
422.5		4425.53
422.625		4425.53
422.75		4425.53
422.875		4425.53
423		4425.53
423.125		4435.53
423.25		4435.53
423.375		4435.53
423.5		4435.53
423.625		4435.53
423.75		4435.53
423.875		4435.53
424		4435.53
424.125		4436.73
424.25		4436.73
424.375		4436.73
424.5		4436.73
424.625		4436.73
424.75		4436.73
424.875		4436.73
425		4436.73
425.125		4453.73
425.25		4453.73
425.375		4453.73
425.5		4453.73
425.625		4453.73
425.75		4453.73
425.875		4453.73
426		4453.73
426.125		4464.03
426.25		4464.03
426.375		4464.03
426.5		4464.03
426.625		4464.03
426.75		4464.03
426.875		4464.03
427		4464.03
427.125		4478.43
427.25		4478.43
427.375		4478.43
427.5		4478.43
427.625		4478.43
427.75		4478.43
427.875		4478.43
428		4478.43
428.125		4487.13
428.25		4487.13
428.375		4487.13
428.5		4487.13
428.625		4487.13
428.75		4487.13
428.875		4487.13
429		4487.13
429.125		4488.63
429.25		4488.63
429.375		4488.63
429.5		4488.63
429.625		4488.63
429.75		4488.63
429.875		4488.63
430		4488.63
430.125		4504.33
430.25		4504.33
430.375		4504.33
430.5		4504.33
430.625		4504.33
430.75		4504.33
430.875		4504.33
431		4504.33
431.125		4512.13
431.25		4512.13
431.375		4512.13
431.5		4512.13
431.625		4512.13
431.75		4512.13
431.875		4512.13
432		4512.13
432.125		4519.03
432.25		4519.03
432.375		4519.03
432.5		4519.03
432.625		4519.03
432.75		4519.03
432.875		4519.03
433		4519.03
433.125		4536.23
433.25		4536.23
433.375		4536.23
433.5		4536.23
433.625		4536.23
433.75		4536.23
433.875		4536.23
434		4536.23
434.125		4538.43
434.25		4538.43
434.375		4538.43
434.5		4538.43
434.625		4538.43
434.75		4538.43
434.875		4538.43
435		4538.43
435.125		4547.13
435.25		4547.13
435.375		4547.13
435.5		4547.13
435.625		4547.13
435.75		4547.13
435.875		4547.13
436		4547.13
436.125		4553.33
436.25		4553.33
436.375		4553.33
436.5		4553.33
436.625		4553.33
436.75		4553.33
436.875		4553.33
437		4553.33
437.125		4554.03
437.25		4554.03
437.375		4554.03
437.5		4554.03
437.625		4554.03
437.75		4554.03
437.875		4554.03
438		4554.03
438.125		4572.83
438.25		4572.83
438.375		4572.83
438.5		4572.83
438.625		4572.83
438.75		4572.83
438.875		4572.83
439		4572.83
439.125		4583.13
439.25		4583.13
439.375		4583.13
439.5		4583.13
439.625		4583.13
439.75		4583.13
439.875		4583.13
440		4583.13
440.125		4587.32
440.25		4587.32
440.375		4587.32
440.5		4587.32
440.625		4587.32
440.75		4587.32
440.875		4587.32
441		4587.32
441.125		4604.42
441.25		4604.42
441.375		4604.42
441.5		4604.42
441.625		4604.42
441.75		4604.42
441.875		4604.42
442		4604.42
442.125		4614.52
442.25		4614.52
442.375		4614.52
442.5		4614.52
442.625		4614.52
442.75		4614.52
442.875		4614.52
443		4614.52
443.125		4623.02
443.25		4623.02
443.375		4623.02
443.5		4623.02
443.625		4623.02
443.75		4623.02
443.875		4623.02
444		4623.02
444.125		4638.72
444.25		4638.72
444.375		4638.72
444.5		4638.72
444.625		4638.72
444.75		4638.72
444.875		4638.72
445		4638.72
445.125		4641.62
445.25		4641.62
445.375		4641.62
445.5		4641.62
445.625		4641.62
445.75		4641.62
445.875		4641.62
446		4641.62
446.125		4653.42
446.25		4653.42
446.375		4653.42
446.5		4653.42
446.625		4653.42
446.75		4653.42
446.875		4653.42
447		4653.42
447.125		4663.72
447.25		4663.72
447.375		4663.72
447.5		4663.72
447.625		4663.72
447.75		4663.72
447.875		4663.72
448		4663.72
448.125		4682.52
448.25		4682.52
448.375		4682.52
448.5		4682.52
448.625		4682.52
448.75		4682.52
448.875		4682.52
449		4682.52
449.125		4683.82
449.25		4683.82
449.375		4683.82
449.5		4683.82
449.625		4683.82
449.75		4683.82
449.875		4683.82
450		4683.82
450.125		4688.32
450.25		4688.32
450.375		4688.32
450.5		4688.32
450.625		4688.32
450.75		4688.32
450.875		4688.32
451		4688.32
451.125		4689.82
451.25		4689.82
451.375		4689.82
451.5		4689.82
451.625		4689.82
451.75		4689.82
451.875		4689.82
452		4689.82
452.125		4711.62
452.25		4711.62
452.375		4711.62
452.5		4711.62
452.625		4711.62
452.75		4711.62
452.875		4711.62
453		4711.62
453.125		4715.32
453.25		4715.32
453.375		4715.32
453.5		4715.32
453.625		4715.32
453.75		4715.32
453.875		4715.32
454		4715.32
454.125		4739.82
454.25		4739.82
454.375		4739.82
454.5		4739.82
454.625		4739.82
454.75		4739.82
454.875		4739.82
455		4739.82
455.125		4741.52
455.25		4741.52
455.375		4741.52
455.5		4741.52
455.625		4741.52
455.75		4741.52
455.875		4741.52
456		4741.52
456.125		4756.81
456.25		4756.81
456.375		4756.81
456.5		4756.81
456.625		4756.81
456.75		4756.81
456.875		4756.81
457		4756.81
457.125		4764.01
457.25		4764.01
457.375		4764.01
457.5		4764.01
457.625		4764.01
457.75		4764.01
457.875		4764.01
458		4764.01
458.125		4765.81
458.25		4765.81
458.375		4765.81
458.5		4765.81
458.625		4765.81
458.75		4765.81
458.875		4765.81
459		4765.81
459.125		4770.01
459.25		4770.01
459.375		4770.01
459.5		4770.01
459.625		4770.01
459.75		4770.01
459.875		4770.01
460		4770.01
460.125		4785.91
460.25		4785.91
460.375		4785.91
460.5		4785.91
460.625		4785.91
460.75		4785.91
460.875		4785.91
461		4785.91
461.125		4811.31
461.25		4811.31
461.375		4811.31
461.5		4811.31
461.625		4811.31
461.75		4811.31
461.875		4811.31
462		4811.31
462.125		4815.51
462.25		4815.51
462.375		4815.51
462.5		4815.51
462.625		4815.51
462.75		4815.51
462.875		4815.51
463		4815.51
463.125		4817.91
463.25		4817.91
463.375		4817.91
463.5		4817.91
463.625		4817.91
463.75		4817.91
463.875		4817.91
464		4817.91
464.125		4824.81
464.25		4824.81
464.375		4824.81
464.5		4824.81
464.625		4824.81
464.75		4824.81
464.875		4824.81
465		4824.81
465.125		4840.21
465.25		4840.21
465.375		4840.21
465.5		4840.21
465.625		4840.21
465.75		4840.21
465.875		4840.21
466		4840.21
466.125		4852.51
466.25		4852.51
466.375		4852.51
466.5		4852.51
466.625		4852.51
466.75		4852.51
466.875		4852.51
467		4852.51
467.125		4870.61
467.25		4870.61
467.375		4870.61
467.5		4870.61
467.625		4870.61
467.75		4870.61
467.875		4870.61
468		4870.61
468.125		4875.51
468.25		4875.51
468.375		4875.51
468.5		4875.51
468.625		4875.51
468.75		4875.51
468.875		4875.51
469		4875.51
469.125		4881.11
469.25		4881.11
469.375		4881.11
469.5		4881.11
469.625		4881.11
469.75		4881.11
469.875		4881.11
470		4881.11
470.125		4889.51
470.25		4889.51
470.375		4889.51
470.5		4889.51
470.625		4889.51
470.75		4889.51
470.875		4889.51
471		4889.51
471.125		4890.91
471.25		4890.91
471.375		4890.91
471.5		4890.91
471.625		4890.91
471.75		4890.91
471.875		4890.91
472		4890.91
472.125		4907.51
472.25		4907.51
472.375		4907.51
472.5		4907.51
472.625		4907.51
472.75		4907.51
472.875		4907.51
473		4907.51
473.125		4938.9
473.25		4938.9
473.375		4938.9
473.5		4938.9
473.625		4938.9
473.75		4938.9
473.875		4938.9
474		4938.9
474.125		4940.7
474.25		4940.7
474.375		4940.7
474.5		4940.7
474.625		4940.7
474.75		4940.7
474.875		4940.7
475		4940.7
475.125		4947.1
475.25		4947.1
475.375		4947.1
475.5		4947.1
475.625		4947.1
475.75		4947.1
475.875		4947.1
476		4947.1
476.125		4950.3
476.25		4950.3
476.375		4950.3
476.5		4950.3
476.625		4950.3
476.75		4950.3
476.875		4950.3
477		4950.3
477.125		4963.7
477.25		4963.7
477.375		4963.7
477.5		4963.7
477.625		4963.7
477.75		4963.7
477.875		4963.7
478		4963.7
478.125		4971.1
478.25		4971.1
478.375		4971.1
478.5		4971.1
478.625		4971.1
478.75		4971.1
478.875		4971.1
479		4971.1
479.125		4980.6
479.25		4980.6
479.375		4980.6
479.5		4980.6
479.625		4980.6
479.75		4980.6
479.875		4980.6
480		4980.6
480.125		4991.9
480.25		4991.9
480.375		4991.9
480.5		4991.9
480.625		4991.9
480.75		4991.9
480.875		4991.9
481		4991.9
481.125		4993.7
481.25		4993.7
481.375		4993.7
481.5		4993.7
481.625		4993.7
481.75		4993.7
481.875		4993.7
482		4993.7
482.125		0
482.25		0
482.375		0
482.5		0
482.625		0
482.75		0
482.875		0
483		0
483.125		0
483.25		0
483.375		0
483.5		0
483.625		0
483.75		0
483.875		0
484		0
484.125		0
484.25		0
484.375		0
484.5		0
484.625		0
484.75		0
484.875		0
485		0
485.125		0
485.25		0
485.375		0
485.5		0
485.625		0
485.75		0
485.875		0
486		0
486.125		0
486.25		0
486.375		0
486.5		0
486.625		0
486.75		0
486.875		0
487		0
487.125		0
487.25		0
487.375		0
487.5		0
487.625		0
487.75		0
487.875		0
488		0
488.125		0
488.25		0
488.375		0
488.5		0
488.625		0
488.75		0
488.875		0
489		0
489.125		0
489.25		0
489.375		0
489.5		0
489.625		0
489.75		0
489.875		0
490		0
490.125		0
490.25		0
490.375		0
490.5		0
490.625		0
490.75		0
490.875		0
491		0
491.125		0
491.25		0
491.375		0
491.5		0
491.625		0
491.75		0
491.875		0
492		0
492.125		0
492.25		0
492.375		0
492.5		0
492.625		0
492.75		0
492.875		0
493		0
493.125		0
493.25		0
493.375		0
493.5		0
493.625		0
493.75		0
493.875		0
494		0
494.125		0
494.25		0
494.375		0
494.5		0
494.625		0
494.75		0
494.875		0
495		0
495.125		0
495.25		0
495.375		0
495.5		0
495.625		0
495.75		0
495.875		0
496		0
496.125		0
496.25		0
496.375		0
496.5		0
496.625		0
496.75		0
496.875		0
497		0
497.125		0
497.25		0
497.375		0
497.5		0
497.625		0
497.75		0
497.875		0
498		0
498.125		0
498.25		0
498.375		0
498.5		0
498.625		0
498.75		0
498.875		0
499		0
499.125		0
499.25		0
499.375		0
499.5		0
499.625		0
499.75		0
499.875		0
500		0
