# Calibration file of tamex_id 0 @ channel 30
# fine_T bin		 Calibration value
0.125		0
0.25		0
0.375		0
0.5		0
0.625		0
0.75		0
0.875		0
1		0
1.125		0
1.25		0
1.375		0
1.5		0
1.625		0
1.75		0
1.875		0
2		0
2.125		0
2.25		0
2.375		0
2.5		0
2.625		0
2.75		0
2.875		0
3		0
3.125		0
3.25		0
3.375		0
3.5		0
3.625		0
3.75		0
3.875		0
4		0
4.125		0
4.25		0
4.375		0
4.5		0
4.625		0
4.75		0
4.875		0
5		0
5.125		0
5.25		0
5.375		0
5.5		0
5.625		0
5.75		0
5.875		0
6		0
6.125		0
6.25		0
6.375		0
6.5		0
6.625		0
6.75		0
6.875		0
7		0
7.125		0
7.25		0
7.375		0
7.5		0
7.625		0
7.75		0
7.875		0
8		0
8.125		0
8.25		0
8.375		0
8.5		0
8.625		0
8.75		0
8.875		0
9		0
9.125		0
9.25		0
9.375		0
9.5		0
9.625		0
9.75		0
9.875		0
10		0
10.125		0
10.25		0
10.375		0
10.5		0
10.625		0
10.75		0
10.875		0
11		0
11.125		0
11.25		0
11.375		0
11.5		0
11.625		0
11.75		0
11.875		0
12		0
12.125		0
12.25		0
12.375		0
12.5		0
12.625		0
12.75		0
12.875		0
13		0
13.125		0
13.25		0
13.375		0
13.5		0
13.625		0
13.75		0
13.875		0
14		0
14.125		0
14.25		0
14.375		0
14.5		0
14.625		0
14.75		0
14.875		0
15		0
15.125		0
15.25		0
15.375		0
15.5		0
15.625		0
15.75		0
15.875		0
16		0
16.125		0.0118734
16.25		0.0118734
16.375		0.0118734
16.5		0.0118734
16.625		0.0118734
16.75		0.0118734
16.875		0.0118734
17		0.0118734
17.125		0.0131926
17.25		0.0131926
17.375		0.0131926
17.5		0.0131926
17.625		0.0131926
17.75		0.0131926
17.875		0.0131926
18		0.0131926
18.125		0.0171504
18.25		0.0171504
18.375		0.0171504
18.5		0.0171504
18.625		0.0171504
18.75		0.0171504
18.875		0.0171504
19		0.0171504
19.125		0.0224274
19.25		0.0224274
19.375		0.0224274
19.5		0.0224274
19.625		0.0224274
19.75		0.0224274
19.875		0.0224274
20		0.0224274
20.125		0.0277045
20.25		0.0277045
20.375		0.0277045
20.5		0.0277045
20.625		0.0277045
20.75		0.0277045
20.875		0.0277045
21		0.0277045
21.125		0.0316623
21.25		0.0316623
21.375		0.0316623
21.5		0.0316623
21.625		0.0316623
21.75		0.0316623
21.875		0.0316623
22		0.0316623
22.125		0.0343008
22.25		0.0343008
22.375		0.0343008
22.5		0.0343008
22.625		0.0343008
22.75		0.0343008
22.875		0.0343008
23		0.0343008
23.125		0.0343008
23.25		0.0343008
23.375		0.0343008
23.5		0.0343008
23.625		0.0343008
23.75		0.0343008
23.875		0.0343008
24		0.0343008
24.125		0.0382586
24.25		0.0382586
24.375		0.0382586
24.5		0.0382586
24.625		0.0382586
24.75		0.0382586
24.875		0.0382586
25		0.0382586
25.125		0.0448549
25.25		0.0448549
25.375		0.0448549
25.5		0.0448549
25.625		0.0448549
25.75		0.0448549
25.875		0.0448549
26		0.0448549
26.125		0.0448549
26.25		0.0448549
26.375		0.0448549
26.5		0.0448549
26.625		0.0448549
26.75		0.0448549
26.875		0.0448549
27		0.0448549
27.125		0.0448549
27.25		0.0448549
27.375		0.0448549
27.5		0.0448549
27.625		0.0448549
27.75		0.0448549
27.875		0.0448549
28		0.0448549
28.125		0.0448549
28.25		0.0448549
28.375		0.0448549
28.5		0.0448549
28.625		0.0448549
28.75		0.0448549
28.875		0.0448549
29		0.0448549
29.125		0.0461741
29.25		0.0461741
29.375		0.0461741
29.5		0.0461741
29.625		0.0461741
29.75		0.0461741
29.875		0.0461741
30		0.0461741
30.125		0.0514512
30.25		0.0514512
30.375		0.0514512
30.5		0.0514512
30.625		0.0514512
30.75		0.0514512
30.875		0.0514512
31		0.0514512
31.125		0.055409
31.25		0.055409
31.375		0.055409
31.5		0.055409
31.625		0.055409
31.75		0.055409
31.875		0.055409
32		0.055409
32.125		0.0620053
32.25		0.0620053
32.375		0.0620053
32.5		0.0620053
32.625		0.0620053
32.75		0.0620053
32.875		0.0620053
33		0.0620053
33.125		0.0633245
33.25		0.0633245
33.375		0.0633245
33.5		0.0633245
33.625		0.0633245
33.75		0.0633245
33.875		0.0633245
34		0.0633245
34.125		0.0633245
34.25		0.0633245
34.375		0.0633245
34.5		0.0633245
34.625		0.0633245
34.75		0.0633245
34.875		0.0633245
35		0.0633245
35.125		0.0633245
35.25		0.0633245
35.375		0.0633245
35.5		0.0633245
35.625		0.0633245
35.75		0.0633245
35.875		0.0633245
36		0.0633245
36.125		0.0672823
36.25		0.0672823
36.375		0.0672823
36.5		0.0672823
36.625		0.0672823
36.75		0.0672823
36.875		0.0672823
37		0.0672823
37.125		0.0712401
37.25		0.0712401
37.375		0.0712401
37.5		0.0712401
37.625		0.0712401
37.75		0.0712401
37.875		0.0712401
38		0.0712401
38.125		0.0712401
38.25		0.0712401
38.375		0.0712401
38.5		0.0712401
38.625		0.0712401
38.75		0.0712401
38.875		0.0712401
39		0.0712401
39.125		0.0712401
39.25		0.0712401
39.375		0.0712401
39.5		0.0712401
39.625		0.0712401
39.75		0.0712401
39.875		0.0712401
40		0.0712401
40.125		0.0725594
40.25		0.0725594
40.375		0.0725594
40.5		0.0725594
40.625		0.0725594
40.75		0.0725594
40.875		0.0725594
41		0.0725594
41.125		0.0725594
41.25		0.0725594
41.375		0.0725594
41.5		0.0725594
41.625		0.0725594
41.75		0.0725594
41.875		0.0725594
42		0.0725594
42.125		0.0738786
42.25		0.0738786
42.375		0.0738786
42.5		0.0738786
42.625		0.0738786
42.75		0.0738786
42.875		0.0738786
43		0.0738786
43.125		0.0791557
43.25		0.0791557
43.375		0.0791557
43.5		0.0791557
43.625		0.0791557
43.75		0.0791557
43.875		0.0791557
44		0.0791557
44.125		0.0817942
44.25		0.0817942
44.375		0.0817942
44.5		0.0817942
44.625		0.0817942
44.75		0.0817942
44.875		0.0817942
45		0.0817942
45.125		0.0844327
45.25		0.0844327
45.375		0.0844327
45.5		0.0844327
45.625		0.0844327
45.75		0.0844327
45.875		0.0844327
46		0.0844327
46.125		0.085752
46.25		0.085752
46.375		0.085752
46.5		0.085752
46.625		0.085752
46.75		0.085752
46.875		0.085752
47		0.085752
47.125		0.085752
47.25		0.085752
47.375		0.085752
47.5		0.085752
47.625		0.085752
47.75		0.085752
47.875		0.085752
48		0.085752
48.125		0.0936675
48.25		0.0936675
48.375		0.0936675
48.5		0.0936675
48.625		0.0936675
48.75		0.0936675
48.875		0.0936675
49		0.0936675
49.125		0.0936675
49.25		0.0936675
49.375		0.0936675
49.5		0.0936675
49.625		0.0936675
49.75		0.0936675
49.875		0.0936675
50		0.0936675
50.125		0.0989446
50.25		0.0989446
50.375		0.0989446
50.5		0.0989446
50.625		0.0989446
50.75		0.0989446
50.875		0.0989446
51		0.0989446
51.125		0.0989446
51.25		0.0989446
51.375		0.0989446
51.5		0.0989446
51.625		0.0989446
51.75		0.0989446
51.875		0.0989446
52		0.0989446
52.125		0.101583
52.25		0.101583
52.375		0.101583
52.5		0.101583
52.625		0.101583
52.75		0.101583
52.875		0.101583
53		0.101583
53.125		0.104222
53.25		0.104222
53.375		0.104222
53.5		0.104222
53.625		0.104222
53.75		0.104222
53.875		0.104222
54		0.104222
54.125		0.105541
54.25		0.105541
54.375		0.105541
54.5		0.105541
54.625		0.105541
54.75		0.105541
54.875		0.105541
55		0.105541
55.125		0.105541
55.25		0.105541
55.375		0.105541
55.5		0.105541
55.625		0.105541
55.75		0.105541
55.875		0.105541
56		0.105541
56.125		0.108179
56.25		0.108179
56.375		0.108179
56.5		0.108179
56.625		0.108179
56.75		0.108179
56.875		0.108179
57		0.108179
57.125		0.113456
57.25		0.113456
57.375		0.113456
57.5		0.113456
57.625		0.113456
57.75		0.113456
57.875		0.113456
58		0.113456
58.125		0.118734
58.25		0.118734
58.375		0.118734
58.5		0.118734
58.625		0.118734
58.75		0.118734
58.875		0.118734
59		0.118734
59.125		0.118734
59.25		0.118734
59.375		0.118734
59.5		0.118734
59.625		0.118734
59.75		0.118734
59.875		0.118734
60		0.118734
60.125		0.121372
60.25		0.121372
60.375		0.121372
60.5		0.121372
60.625		0.121372
60.75		0.121372
60.875		0.121372
61		0.121372
61.125		0.122691
61.25		0.122691
61.375		0.122691
61.5		0.122691
61.625		0.122691
61.75		0.122691
61.875		0.122691
62		0.122691
62.125		0.12533
62.25		0.12533
62.375		0.12533
62.5		0.12533
62.625		0.12533
62.75		0.12533
62.875		0.12533
63		0.12533
63.125		0.131926
63.25		0.131926
63.375		0.131926
63.5		0.131926
63.625		0.131926
63.75		0.131926
63.875		0.131926
64		0.131926
64.125		0.131926
64.25		0.131926
64.375		0.131926
64.5		0.131926
64.625		0.131926
64.75		0.131926
64.875		0.131926
65		0.131926
65.125		0.131926
65.25		0.131926
65.375		0.131926
65.5		0.131926
65.625		0.131926
65.75		0.131926
65.875		0.131926
66		0.131926
66.125		0.135884
66.25		0.135884
66.375		0.135884
66.5		0.135884
66.625		0.135884
66.75		0.135884
66.875		0.135884
67		0.135884
67.125		0.137203
67.25		0.137203
67.375		0.137203
67.5		0.137203
67.625		0.137203
67.75		0.137203
67.875		0.137203
68		0.137203
68.125		0.139842
68.25		0.139842
68.375		0.139842
68.5		0.139842
68.625		0.139842
68.75		0.139842
68.875		0.139842
69		0.139842
69.125		0.14248
69.25		0.14248
69.375		0.14248
69.5		0.14248
69.625		0.14248
69.75		0.14248
69.875		0.14248
70		0.14248
70.125		0.145119
70.25		0.145119
70.375		0.145119
70.5		0.145119
70.625		0.145119
70.75		0.145119
70.875		0.145119
71		0.145119
71.125		0.146438
71.25		0.146438
71.375		0.146438
71.5		0.146438
71.625		0.146438
71.75		0.146438
71.875		0.146438
72		0.146438
72.125		0.147757
72.25		0.147757
72.375		0.147757
72.5		0.147757
72.625		0.147757
72.75		0.147757
72.875		0.147757
73		0.147757
73.125		0.151715
73.25		0.151715
73.375		0.151715
73.5		0.151715
73.625		0.151715
73.75		0.151715
73.875		0.151715
74		0.151715
74.125		0.159631
74.25		0.159631
74.375		0.159631
74.5		0.159631
74.625		0.159631
74.75		0.159631
74.875		0.159631
75		0.159631
75.125		0.159631
75.25		0.159631
75.375		0.159631
75.5		0.159631
75.625		0.159631
75.75		0.159631
75.875		0.159631
76		0.159631
76.125		0.162269
76.25		0.162269
76.375		0.162269
76.5		0.162269
76.625		0.162269
76.75		0.162269
76.875		0.162269
77		0.162269
77.125		0.162269
77.25		0.162269
77.375		0.162269
77.5		0.162269
77.625		0.162269
77.75		0.162269
77.875		0.162269
78		0.162269
78.125		0.162269
78.25		0.162269
78.375		0.162269
78.5		0.162269
78.625		0.162269
78.75		0.162269
78.875		0.162269
79		0.162269
79.125		0.166227
79.25		0.166227
79.375		0.166227
79.5		0.166227
79.625		0.166227
79.75		0.166227
79.875		0.166227
80		0.166227
80.125		0.166227
80.25		0.166227
80.375		0.166227
80.5		0.166227
80.625		0.166227
80.75		0.166227
80.875		0.166227
81		0.166227
81.125		0.166227
81.25		0.166227
81.375		0.166227
81.5		0.166227
81.625		0.166227
81.75		0.166227
81.875		0.166227
82		0.166227
82.125		0.167546
82.25		0.167546
82.375		0.167546
82.5		0.167546
82.625		0.167546
82.75		0.167546
82.875		0.167546
83		0.167546
83.125		0.174142
83.25		0.174142
83.375		0.174142
83.5		0.174142
83.625		0.174142
83.75		0.174142
83.875		0.174142
84		0.174142
84.125		0.174142
84.25		0.174142
84.375		0.174142
84.5		0.174142
84.625		0.174142
84.75		0.174142
84.875		0.174142
85		0.174142
85.125		0.174142
85.25		0.174142
85.375		0.174142
85.5		0.174142
85.625		0.174142
85.75		0.174142
85.875		0.174142
86		0.174142
86.125		0.174142
86.25		0.174142
86.375		0.174142
86.5		0.174142
86.625		0.174142
86.75		0.174142
86.875		0.174142
87		0.174142
87.125		0.184697
87.25		0.184697
87.375		0.184697
87.5		0.184697
87.625		0.184697
87.75		0.184697
87.875		0.184697
88		0.184697
88.125		0.188654
88.25		0.188654
88.375		0.188654
88.5		0.188654
88.625		0.188654
88.75		0.188654
88.875		0.188654
89		0.188654
89.125		0.188654
89.25		0.188654
89.375		0.188654
89.5		0.188654
89.625		0.188654
89.75		0.188654
89.875		0.188654
90		0.188654
90.125		0.188654
90.25		0.188654
90.375		0.188654
90.5		0.188654
90.625		0.188654
90.75		0.188654
90.875		0.188654
91		0.188654
91.125		0.191293
91.25		0.191293
91.375		0.191293
91.5		0.191293
91.625		0.191293
91.75		0.191293
91.875		0.191293
92		0.191293
92.125		0.191293
92.25		0.191293
92.375		0.191293
92.5		0.191293
92.625		0.191293
92.75		0.191293
92.875		0.191293
93		0.191293
93.125		0.19657
93.25		0.19657
93.375		0.19657
93.5		0.19657
93.625		0.19657
93.75		0.19657
93.875		0.19657
94		0.19657
94.125		0.200528
94.25		0.200528
94.375		0.200528
94.5		0.200528
94.625		0.200528
94.75		0.200528
94.875		0.200528
95		0.200528
95.125		0.200528
95.25		0.200528
95.375		0.200528
95.5		0.200528
95.625		0.200528
95.75		0.200528
95.875		0.200528
96		0.200528
96.125		0.200528
96.25		0.200528
96.375		0.200528
96.5		0.200528
96.625		0.200528
96.75		0.200528
96.875		0.200528
97		0.200528
97.125		0.203166
97.25		0.203166
97.375		0.203166
97.5		0.203166
97.625		0.203166
97.75		0.203166
97.875		0.203166
98		0.203166
98.125		0.203166
98.25		0.203166
98.375		0.203166
98.5		0.203166
98.625		0.203166
98.75		0.203166
98.875		0.203166
99		0.203166
99.125		0.207124
99.25		0.207124
99.375		0.207124
99.5		0.207124
99.625		0.207124
99.75		0.207124
99.875		0.207124
100		0.207124
100.125		0.207124
100.25		0.207124
100.375		0.207124
100.5		0.207124
100.625		0.207124
100.75		0.207124
100.875		0.207124
101		0.207124
101.125		0.208443
101.25		0.208443
101.375		0.208443
101.5		0.208443
101.625		0.208443
101.75		0.208443
101.875		0.208443
102		0.208443
102.125		0.209763
102.25		0.209763
102.375		0.209763
102.5		0.209763
102.625		0.209763
102.75		0.209763
102.875		0.209763
103		0.209763
103.125		0.209763
103.25		0.209763
103.375		0.209763
103.5		0.209763
103.625		0.209763
103.75		0.209763
103.875		0.209763
104		0.209763
104.125		0.212401
104.25		0.212401
104.375		0.212401
104.5		0.212401
104.625		0.212401
104.75		0.212401
104.875		0.212401
105		0.212401
105.125		0.221636
105.25		0.221636
105.375		0.221636
105.5		0.221636
105.625		0.221636
105.75		0.221636
105.875		0.221636
106		0.221636
106.125		0.221636
106.25		0.221636
106.375		0.221636
106.5		0.221636
106.625		0.221636
106.75		0.221636
106.875		0.221636
107		0.221636
107.125		0.221636
107.25		0.221636
107.375		0.221636
107.5		0.221636
107.625		0.221636
107.75		0.221636
107.875		0.221636
108		0.221636
108.125		0.230871
108.25		0.230871
108.375		0.230871
108.5		0.230871
108.625		0.230871
108.75		0.230871
108.875		0.230871
109		0.230871
109.125		0.23219
109.25		0.23219
109.375		0.23219
109.5		0.23219
109.625		0.23219
109.75		0.23219
109.875		0.23219
110		0.23219
110.125		0.233509
110.25		0.233509
110.375		0.233509
110.5		0.233509
110.625		0.233509
110.75		0.233509
110.875		0.233509
111		0.233509
111.125		0.240106
111.25		0.240106
111.375		0.240106
111.5		0.240106
111.625		0.240106
111.75		0.240106
111.875		0.240106
112		0.240106
112.125		0.242744
112.25		0.242744
112.375		0.242744
112.5		0.242744
112.625		0.242744
112.75		0.242744
112.875		0.242744
113		0.242744
113.125		0.242744
113.25		0.242744
113.375		0.242744
113.5		0.242744
113.625		0.242744
113.75		0.242744
113.875		0.242744
114		0.242744
114.125		0.242744
114.25		0.242744
114.375		0.242744
114.5		0.242744
114.625		0.242744
114.75		0.242744
114.875		0.242744
115		0.242744
115.125		0.244063
115.25		0.244063
115.375		0.244063
115.5		0.244063
115.625		0.244063
115.75		0.244063
115.875		0.244063
116		0.244063
116.125		0.246702
116.25		0.246702
116.375		0.246702
116.5		0.246702
116.625		0.246702
116.75		0.246702
116.875		0.246702
117		0.246702
117.125		0.248021
117.25		0.248021
117.375		0.248021
117.5		0.248021
117.625		0.248021
117.75		0.248021
117.875		0.248021
118		0.248021
118.125		0.248021
118.25		0.248021
118.375		0.248021
118.5		0.248021
118.625		0.248021
118.75		0.248021
118.875		0.248021
119		0.248021
119.125		0.248021
119.25		0.248021
119.375		0.248021
119.5		0.248021
119.625		0.248021
119.75		0.248021
119.875		0.248021
120		0.248021
120.125		0.248021
120.25		0.248021
120.375		0.248021
120.5		0.248021
120.625		0.248021
120.75		0.248021
120.875		0.248021
121		0.248021
121.125		0.253298
121.25		0.253298
121.375		0.253298
121.5		0.253298
121.625		0.253298
121.75		0.253298
121.875		0.253298
122		0.253298
122.125		0.257256
122.25		0.257256
122.375		0.257256
122.5		0.257256
122.625		0.257256
122.75		0.257256
122.875		0.257256
123		0.257256
123.125		0.257256
123.25		0.257256
123.375		0.257256
123.5		0.257256
123.625		0.257256
123.75		0.257256
123.875		0.257256
124		0.257256
124.125		0.258575
124.25		0.258575
124.375		0.258575
124.5		0.258575
124.625		0.258575
124.75		0.258575
124.875		0.258575
125		0.258575
125.125		0.259894
125.25		0.259894
125.375		0.259894
125.5		0.259894
125.625		0.259894
125.75		0.259894
125.875		0.259894
126		0.259894
126.125		0.266491
126.25		0.266491
126.375		0.266491
126.5		0.266491
126.625		0.266491
126.75		0.266491
126.875		0.266491
127		0.266491
127.125		0.266491
127.25		0.266491
127.375		0.266491
127.5		0.266491
127.625		0.266491
127.75		0.266491
127.875		0.266491
128		0.266491
128.125		0.266491
128.25		0.266491
128.375		0.266491
128.5		0.266491
128.625		0.266491
128.75		0.266491
128.875		0.266491
129		0.266491
129.125		0.269129
129.25		0.269129
129.375		0.269129
129.5		0.269129
129.625		0.269129
129.75		0.269129
129.875		0.269129
130		0.269129
130.125		0.269129
130.25		0.269129
130.375		0.269129
130.5		0.269129
130.625		0.269129
130.75		0.269129
130.875		0.269129
131		0.269129
131.125		0.274406
131.25		0.274406
131.375		0.274406
131.5		0.274406
131.625		0.274406
131.75		0.274406
131.875		0.274406
132		0.274406
132.125		0.274406
132.25		0.274406
132.375		0.274406
132.5		0.274406
132.625		0.274406
132.75		0.274406
132.875		0.274406
133		0.274406
133.125		0.275726
133.25		0.275726
133.375		0.275726
133.5		0.275726
133.625		0.275726
133.75		0.275726
133.875		0.275726
134		0.275726
134.125		0.278364
134.25		0.278364
134.375		0.278364
134.5		0.278364
134.625		0.278364
134.75		0.278364
134.875		0.278364
135		0.278364
135.125		0.279683
135.25		0.279683
135.375		0.279683
135.5		0.279683
135.625		0.279683
135.75		0.279683
135.875		0.279683
136		0.279683
136.125		0.28628
136.25		0.28628
136.375		0.28628
136.5		0.28628
136.625		0.28628
136.75		0.28628
136.875		0.28628
137		0.28628
137.125		0.287599
137.25		0.287599
137.375		0.287599
137.5		0.287599
137.625		0.287599
137.75		0.287599
137.875		0.287599
138		0.287599
138.125		0.287599
138.25		0.287599
138.375		0.287599
138.5		0.287599
138.625		0.287599
138.75		0.287599
138.875		0.287599
139		0.287599
139.125		0.287599
139.25		0.287599
139.375		0.287599
139.5		0.287599
139.625		0.287599
139.75		0.287599
139.875		0.287599
140		0.287599
140.125		0.294195
140.25		0.294195
140.375		0.294195
140.5		0.294195
140.625		0.294195
140.75		0.294195
140.875		0.294195
141		0.294195
141.125		0.295515
141.25		0.295515
141.375		0.295515
141.5		0.295515
141.625		0.295515
141.75		0.295515
141.875		0.295515
142		0.295515
142.125		0.300792
142.25		0.300792
142.375		0.300792
142.5		0.300792
142.625		0.300792
142.75		0.300792
142.875		0.300792
143		0.300792
143.125		0.300792
143.25		0.300792
143.375		0.300792
143.5		0.300792
143.625		0.300792
143.75		0.300792
143.875		0.300792
144		0.300792
144.125		0.300792
144.25		0.300792
144.375		0.300792
144.5		0.300792
144.625		0.300792
144.75		0.300792
144.875		0.300792
145		0.300792
145.125		0.30343
145.25		0.30343
145.375		0.30343
145.5		0.30343
145.625		0.30343
145.75		0.30343
145.875		0.30343
146		0.30343
146.125		0.304749
146.25		0.304749
146.375		0.304749
146.5		0.304749
146.625		0.304749
146.75		0.304749
146.875		0.304749
147		0.304749
147.125		0.306069
147.25		0.306069
147.375		0.306069
147.5		0.306069
147.625		0.306069
147.75		0.306069
147.875		0.306069
148		0.306069
148.125		0.310026
148.25		0.310026
148.375		0.310026
148.5		0.310026
148.625		0.310026
148.75		0.310026
148.875		0.310026
149		0.310026
149.125		0.310026
149.25		0.310026
149.375		0.310026
149.5		0.310026
149.625		0.310026
149.75		0.310026
149.875		0.310026
150		0.310026
150.125		0.311346
150.25		0.311346
150.375		0.311346
150.5		0.311346
150.625		0.311346
150.75		0.311346
150.875		0.311346
151		0.311346
151.125		0.311346
151.25		0.311346
151.375		0.311346
151.5		0.311346
151.625		0.311346
151.75		0.311346
151.875		0.311346
152		0.311346
152.125		0.312665
152.25		0.312665
152.375		0.312665
152.5		0.312665
152.625		0.312665
152.75		0.312665
152.875		0.312665
153		0.312665
153.125		0.312665
153.25		0.312665
153.375		0.312665
153.5		0.312665
153.625		0.312665
153.75		0.312665
153.875		0.312665
154		0.312665
154.125		0.312665
154.25		0.312665
154.375		0.312665
154.5		0.312665
154.625		0.312665
154.75		0.312665
154.875		0.312665
155		0.312665
155.125		0.315303
155.25		0.315303
155.375		0.315303
155.5		0.315303
155.625		0.315303
155.75		0.315303
155.875		0.315303
156		0.315303
156.125		0.317942
156.25		0.317942
156.375		0.317942
156.5		0.317942
156.625		0.317942
156.75		0.317942
156.875		0.317942
157		0.317942
157.125		0.32058
157.25		0.32058
157.375		0.32058
157.5		0.32058
157.625		0.32058
157.75		0.32058
157.875		0.32058
158		0.32058
158.125		0.323219
158.25		0.323219
158.375		0.323219
158.5		0.323219
158.625		0.323219
158.75		0.323219
158.875		0.323219
159		0.323219
159.125		0.325858
159.25		0.325858
159.375		0.325858
159.5		0.325858
159.625		0.325858
159.75		0.325858
159.875		0.325858
160		0.325858
160.125		0.325858
160.25		0.325858
160.375		0.325858
160.5		0.325858
160.625		0.325858
160.75		0.325858
160.875		0.325858
161		0.325858
161.125		0.325858
161.25		0.325858
161.375		0.325858
161.5		0.325858
161.625		0.325858
161.75		0.325858
161.875		0.325858
162		0.325858
162.125		0.325858
162.25		0.325858
162.375		0.325858
162.5		0.325858
162.625		0.325858
162.75		0.325858
162.875		0.325858
163		0.325858
163.125		0.333773
163.25		0.333773
163.375		0.333773
163.5		0.333773
163.625		0.333773
163.75		0.333773
163.875		0.333773
164		0.333773
164.125		0.333773
164.25		0.333773
164.375		0.333773
164.5		0.333773
164.625		0.333773
164.75		0.333773
164.875		0.333773
165		0.333773
165.125		0.336412
165.25		0.336412
165.375		0.336412
165.5		0.336412
165.625		0.336412
165.75		0.336412
165.875		0.336412
166		0.336412
166.125		0.336412
166.25		0.336412
166.375		0.336412
166.5		0.336412
166.625		0.336412
166.75		0.336412
166.875		0.336412
167		0.336412
167.125		0.337731
167.25		0.337731
167.375		0.337731
167.5		0.337731
167.625		0.337731
167.75		0.337731
167.875		0.337731
168		0.337731
168.125		0.340369
168.25		0.340369
168.375		0.340369
168.5		0.340369
168.625		0.340369
168.75		0.340369
168.875		0.340369
169		0.340369
169.125		0.343008
169.25		0.343008
169.375		0.343008
169.5		0.343008
169.625		0.343008
169.75		0.343008
169.875		0.343008
170		0.343008
170.125		0.348285
170.25		0.348285
170.375		0.348285
170.5		0.348285
170.625		0.348285
170.75		0.348285
170.875		0.348285
171		0.348285
171.125		0.349604
171.25		0.349604
171.375		0.349604
171.5		0.349604
171.625		0.349604
171.75		0.349604
171.875		0.349604
172		0.349604
172.125		0.352243
172.25		0.352243
172.375		0.352243
172.5		0.352243
172.625		0.352243
172.75		0.352243
172.875		0.352243
173		0.352243
173.125		0.353562
173.25		0.353562
173.375		0.353562
173.5		0.353562
173.625		0.353562
173.75		0.353562
173.875		0.353562
174		0.353562
174.125		0.353562
174.25		0.353562
174.375		0.353562
174.5		0.353562
174.625		0.353562
174.75		0.353562
174.875		0.353562
175		0.353562
175.125		0.35752
175.25		0.35752
175.375		0.35752
175.5		0.35752
175.625		0.35752
175.75		0.35752
175.875		0.35752
176		0.35752
176.125		0.360158
176.25		0.360158
176.375		0.360158
176.5		0.360158
176.625		0.360158
176.75		0.360158
176.875		0.360158
177		0.360158
177.125		0.361478
177.25		0.361478
177.375		0.361478
177.5		0.361478
177.625		0.361478
177.75		0.361478
177.875		0.361478
178		0.361478
178.125		0.361478
178.25		0.361478
178.375		0.361478
178.5		0.361478
178.625		0.361478
178.75		0.361478
178.875		0.361478
179		0.361478
179.125		0.362797
179.25		0.362797
179.375		0.362797
179.5		0.362797
179.625		0.362797
179.75		0.362797
179.875		0.362797
180		0.362797
180.125		0.366755
180.25		0.366755
180.375		0.366755
180.5		0.366755
180.625		0.366755
180.75		0.366755
180.875		0.366755
181		0.366755
181.125		0.373351
181.25		0.373351
181.375		0.373351
181.5		0.373351
181.625		0.373351
181.75		0.373351
181.875		0.373351
182		0.373351
182.125		0.373351
182.25		0.373351
182.375		0.373351
182.5		0.373351
182.625		0.373351
182.75		0.373351
182.875		0.373351
183		0.373351
183.125		0.37467
183.25		0.37467
183.375		0.37467
183.5		0.37467
183.625		0.37467
183.75		0.37467
183.875		0.37467
184		0.37467
184.125		0.381266
184.25		0.381266
184.375		0.381266
184.5		0.381266
184.625		0.381266
184.75		0.381266
184.875		0.381266
185		0.381266
185.125		0.381266
185.25		0.381266
185.375		0.381266
185.5		0.381266
185.625		0.381266
185.75		0.381266
185.875		0.381266
186		0.381266
186.125		0.385224
186.25		0.385224
186.375		0.385224
186.5		0.385224
186.625		0.385224
186.75		0.385224
186.875		0.385224
187		0.385224
187.125		0.385224
187.25		0.385224
187.375		0.385224
187.5		0.385224
187.625		0.385224
187.75		0.385224
187.875		0.385224
188		0.385224
188.125		0.386544
188.25		0.386544
188.375		0.386544
188.5		0.386544
188.625		0.386544
188.75		0.386544
188.875		0.386544
189		0.386544
189.125		0.390501
189.25		0.390501
189.375		0.390501
189.5		0.390501
189.625		0.390501
189.75		0.390501
189.875		0.390501
190		0.390501
190.125		0.391821
190.25		0.391821
190.375		0.391821
190.5		0.391821
190.625		0.391821
190.75		0.391821
190.875		0.391821
191		0.391821
191.125		0.394459
191.25		0.394459
191.375		0.394459
191.5		0.394459
191.625		0.394459
191.75		0.394459
191.875		0.394459
192		0.394459
192.125		0.395778
192.25		0.395778
192.375		0.395778
192.5		0.395778
192.625		0.395778
192.75		0.395778
192.875		0.395778
193		0.395778
193.125		0.395778
193.25		0.395778
193.375		0.395778
193.5		0.395778
193.625		0.395778
193.75		0.395778
193.875		0.395778
194		0.395778
194.125		0.402375
194.25		0.402375
194.375		0.402375
194.5		0.402375
194.625		0.402375
194.75		0.402375
194.875		0.402375
195		0.402375
195.125		0.405013
195.25		0.405013
195.375		0.405013
195.5		0.405013
195.625		0.405013
195.75		0.405013
195.875		0.405013
196		0.405013
196.125		0.405013
196.25		0.405013
196.375		0.405013
196.5		0.405013
196.625		0.405013
196.75		0.405013
196.875		0.405013
197		0.405013
197.125		0.408971
197.25		0.408971
197.375		0.408971
197.5		0.408971
197.625		0.408971
197.75		0.408971
197.875		0.408971
198		0.408971
198.125		0.415567
198.25		0.415567
198.375		0.415567
198.5		0.415567
198.625		0.415567
198.75		0.415567
198.875		0.415567
199		0.415567
199.125		0.416887
199.25		0.416887
199.375		0.416887
199.5		0.416887
199.625		0.416887
199.75		0.416887
199.875		0.416887
200		0.416887
200.125		0.418206
200.25		0.418206
200.375		0.418206
200.5		0.418206
200.625		0.418206
200.75		0.418206
200.875		0.418206
201		0.418206
201.125		0.419525
201.25		0.419525
201.375		0.419525
201.5		0.419525
201.625		0.419525
201.75		0.419525
201.875		0.419525
202		0.419525
202.125		0.422164
202.25		0.422164
202.375		0.422164
202.5		0.422164
202.625		0.422164
202.75		0.422164
202.875		0.422164
203		0.422164
203.125		0.422164
203.25		0.422164
203.375		0.422164
203.5		0.422164
203.625		0.422164
203.75		0.422164
203.875		0.422164
204		0.422164
204.125		0.424802
204.25		0.424802
204.375		0.424802
204.5		0.424802
204.625		0.424802
204.75		0.424802
204.875		0.424802
205		0.424802
205.125		0.426121
205.25		0.426121
205.375		0.426121
205.5		0.426121
205.625		0.426121
205.75		0.426121
205.875		0.426121
206		0.426121
206.125		0.42876
206.25		0.42876
206.375		0.42876
206.5		0.42876
206.625		0.42876
206.75		0.42876
206.875		0.42876
207		0.42876
207.125		0.431398
207.25		0.431398
207.375		0.431398
207.5		0.431398
207.625		0.431398
207.75		0.431398
207.875		0.431398
208		0.431398
208.125		0.434037
208.25		0.434037
208.375		0.434037
208.5		0.434037
208.625		0.434037
208.75		0.434037
208.875		0.434037
209		0.434037
209.125		0.436675
209.25		0.436675
209.375		0.436675
209.5		0.436675
209.625		0.436675
209.75		0.436675
209.875		0.436675
210		0.436675
210.125		0.440633
210.25		0.440633
210.375		0.440633
210.5		0.440633
210.625		0.440633
210.75		0.440633
210.875		0.440633
211		0.440633
211.125		0.440633
211.25		0.440633
211.375		0.440633
211.5		0.440633
211.625		0.440633
211.75		0.440633
211.875		0.440633
212		0.440633
212.125		0.443272
212.25		0.443272
212.375		0.443272
212.5		0.443272
212.625		0.443272
212.75		0.443272
212.875		0.443272
213		0.443272
213.125		0.443272
213.25		0.443272
213.375		0.443272
213.5		0.443272
213.625		0.443272
213.75		0.443272
213.875		0.443272
214		0.443272
214.125		0.448549
214.25		0.448549
214.375		0.448549
214.5		0.448549
214.625		0.448549
214.75		0.448549
214.875		0.448549
215		0.448549
215.125		0.449868
215.25		0.449868
215.375		0.449868
215.5		0.449868
215.625		0.449868
215.75		0.449868
215.875		0.449868
216		0.449868
216.125		0.449868
216.25		0.449868
216.375		0.449868
216.5		0.449868
216.625		0.449868
216.75		0.449868
216.875		0.449868
217		0.449868
217.125		0.452507
217.25		0.452507
217.375		0.452507
217.5		0.452507
217.625		0.452507
217.75		0.452507
217.875		0.452507
218		0.452507
218.125		0.453826
218.25		0.453826
218.375		0.453826
218.5		0.453826
218.625		0.453826
218.75		0.453826
218.875		0.453826
219		0.453826
219.125		0.457784
219.25		0.457784
219.375		0.457784
219.5		0.457784
219.625		0.457784
219.75		0.457784
219.875		0.457784
220		0.457784
220.125		0.460422
220.25		0.460422
220.375		0.460422
220.5		0.460422
220.625		0.460422
220.75		0.460422
220.875		0.460422
221		0.460422
221.125		0.463061
221.25		0.463061
221.375		0.463061
221.5		0.463061
221.625		0.463061
221.75		0.463061
221.875		0.463061
222		0.463061
222.125		0.46438
222.25		0.46438
222.375		0.46438
222.5		0.46438
222.625		0.46438
222.75		0.46438
222.875		0.46438
223		0.46438
223.125		0.468338
223.25		0.468338
223.375		0.468338
223.5		0.468338
223.625		0.468338
223.75		0.468338
223.875		0.468338
224		0.468338
224.125		0.469657
224.25		0.469657
224.375		0.469657
224.5		0.469657
224.625		0.469657
224.75		0.469657
224.875		0.469657
225		0.469657
225.125		0.472296
225.25		0.472296
225.375		0.472296
225.5		0.472296
225.625		0.472296
225.75		0.472296
225.875		0.472296
226		0.472296
226.125		0.474934
226.25		0.474934
226.375		0.474934
226.5		0.474934
226.625		0.474934
226.75		0.474934
226.875		0.474934
227		0.474934
227.125		0.476253
227.25		0.476253
227.375		0.476253
227.5		0.476253
227.625		0.476253
227.75		0.476253
227.875		0.476253
228		0.476253
228.125		0.477573
228.25		0.477573
228.375		0.477573
228.5		0.477573
228.625		0.477573
228.75		0.477573
228.875		0.477573
229		0.477573
229.125		0.480211
229.25		0.480211
229.375		0.480211
229.5		0.480211
229.625		0.480211
229.75		0.480211
229.875		0.480211
230		0.480211
230.125		0.48153
230.25		0.48153
230.375		0.48153
230.5		0.48153
230.625		0.48153
230.75		0.48153
230.875		0.48153
231		0.48153
231.125		0.48285
231.25		0.48285
231.375		0.48285
231.5		0.48285
231.625		0.48285
231.75		0.48285
231.875		0.48285
232		0.48285
232.125		0.484169
232.25		0.484169
232.375		0.484169
232.5		0.484169
232.625		0.484169
232.75		0.484169
232.875		0.484169
233		0.484169
233.125		0.485488
233.25		0.485488
233.375		0.485488
233.5		0.485488
233.625		0.485488
233.75		0.485488
233.875		0.485488
234		0.485488
234.125		0.492084
234.25		0.492084
234.375		0.492084
234.5		0.492084
234.625		0.492084
234.75		0.492084
234.875		0.492084
235		0.492084
235.125		0.493404
235.25		0.493404
235.375		0.493404
235.5		0.493404
235.625		0.493404
235.75		0.493404
235.875		0.493404
236		0.493404
236.125		0.497361
236.25		0.497361
236.375		0.497361
236.5		0.497361
236.625		0.497361
236.75		0.497361
236.875		0.497361
237		0.497361
237.125		0.5
237.25		0.5
237.375		0.5
237.5		0.5
237.625		0.5
237.75		0.5
237.875		0.5
238		0.5
238.125		0.5
238.25		0.5
238.375		0.5
238.5		0.5
238.625		0.5
238.75		0.5
238.875		0.5
239		0.5
239.125		0.502639
239.25		0.502639
239.375		0.502639
239.5		0.502639
239.625		0.502639
239.75		0.502639
239.875		0.502639
240		0.502639
240.125		0.506596
240.25		0.506596
240.375		0.506596
240.5		0.506596
240.625		0.506596
240.75		0.506596
240.875		0.506596
241		0.506596
241.125		0.511873
241.25		0.511873
241.375		0.511873
241.5		0.511873
241.625		0.511873
241.75		0.511873
241.875		0.511873
242		0.511873
242.125		0.513193
242.25		0.513193
242.375		0.513193
242.5		0.513193
242.625		0.513193
242.75		0.513193
242.875		0.513193
243		0.513193
243.125		0.513193
243.25		0.513193
243.375		0.513193
243.5		0.513193
243.625		0.513193
243.75		0.513193
243.875		0.513193
244		0.513193
244.125		0.515831
244.25		0.515831
244.375		0.515831
244.5		0.515831
244.625		0.515831
244.75		0.515831
244.875		0.515831
245		0.515831
245.125		0.51715
245.25		0.51715
245.375		0.51715
245.5		0.51715
245.625		0.51715
245.75		0.51715
245.875		0.51715
246		0.51715
246.125		0.51847
246.25		0.51847
246.375		0.51847
246.5		0.51847
246.625		0.51847
246.75		0.51847
246.875		0.51847
247		0.51847
247.125		0.521108
247.25		0.521108
247.375		0.521108
247.5		0.521108
247.625		0.521108
247.75		0.521108
247.875		0.521108
248		0.521108
248.125		0.525066
248.25		0.525066
248.375		0.525066
248.5		0.525066
248.625		0.525066
248.75		0.525066
248.875		0.525066
249		0.525066
249.125		0.525066
249.25		0.525066
249.375		0.525066
249.5		0.525066
249.625		0.525066
249.75		0.525066
249.875		0.525066
250		0.525066
250.125		0.526385
250.25		0.526385
250.375		0.526385
250.5		0.526385
250.625		0.526385
250.75		0.526385
250.875		0.526385
251		0.526385
251.125		0.527704
251.25		0.527704
251.375		0.527704
251.5		0.527704
251.625		0.527704
251.75		0.527704
251.875		0.527704
252		0.527704
252.125		0.527704
252.25		0.527704
252.375		0.527704
252.5		0.527704
252.625		0.527704
252.75		0.527704
252.875		0.527704
253		0.527704
253.125		0.530343
253.25		0.530343
253.375		0.530343
253.5		0.530343
253.625		0.530343
253.75		0.530343
253.875		0.530343
254		0.530343
254.125		0.530343
254.25		0.530343
254.375		0.530343
254.5		0.530343
254.625		0.530343
254.75		0.530343
254.875		0.530343
255		0.530343
255.125		0.530343
255.25		0.530343
255.375		0.530343
255.5		0.530343
255.625		0.530343
255.75		0.530343
255.875		0.530343
256		0.530343
256.125		0.53562
256.25		0.53562
256.375		0.53562
256.5		0.53562
256.625		0.53562
256.75		0.53562
256.875		0.53562
257		0.53562
257.125		0.53562
257.25		0.53562
257.375		0.53562
257.5		0.53562
257.625		0.53562
257.75		0.53562
257.875		0.53562
258		0.53562
258.125		0.540897
258.25		0.540897
258.375		0.540897
258.5		0.540897
258.625		0.540897
258.75		0.540897
258.875		0.540897
259		0.540897
259.125		0.543536
259.25		0.543536
259.375		0.543536
259.5		0.543536
259.625		0.543536
259.75		0.543536
259.875		0.543536
260		0.543536
260.125		0.543536
260.25		0.543536
260.375		0.543536
260.5		0.543536
260.625		0.543536
260.75		0.543536
260.875		0.543536
261		0.543536
261.125		0.544855
261.25		0.544855
261.375		0.544855
261.5		0.544855
261.625		0.544855
261.75		0.544855
261.875		0.544855
262		0.544855
262.125		0.548813
262.25		0.548813
262.375		0.548813
262.5		0.548813
262.625		0.548813
262.75		0.548813
262.875		0.548813
263		0.548813
263.125		0.550132
263.25		0.550132
263.375		0.550132
263.5		0.550132
263.625		0.550132
263.75		0.550132
263.875		0.550132
264		0.550132
264.125		0.55409
264.25		0.55409
264.375		0.55409
264.5		0.55409
264.625		0.55409
264.75		0.55409
264.875		0.55409
265		0.55409
265.125		0.555409
265.25		0.555409
265.375		0.555409
265.5		0.555409
265.625		0.555409
265.75		0.555409
265.875		0.555409
266		0.555409
266.125		0.555409
266.25		0.555409
266.375		0.555409
266.5		0.555409
266.625		0.555409
266.75		0.555409
266.875		0.555409
267		0.555409
267.125		0.555409
267.25		0.555409
267.375		0.555409
267.5		0.555409
267.625		0.555409
267.75		0.555409
267.875		0.555409
268		0.555409
268.125		0.556728
268.25		0.556728
268.375		0.556728
268.5		0.556728
268.625		0.556728
268.75		0.556728
268.875		0.556728
269		0.556728
269.125		0.562005
269.25		0.562005
269.375		0.562005
269.5		0.562005
269.625		0.562005
269.75		0.562005
269.875		0.562005
270		0.562005
270.125		0.567282
270.25		0.567282
270.375		0.567282
270.5		0.567282
270.625		0.567282
270.75		0.567282
270.875		0.567282
271		0.567282
271.125		0.567282
271.25		0.567282
271.375		0.567282
271.5		0.567282
271.625		0.567282
271.75		0.567282
271.875		0.567282
272		0.567282
272.125		0.567282
272.25		0.567282
272.375		0.567282
272.5		0.567282
272.625		0.567282
272.75		0.567282
272.875		0.567282
273		0.567282
273.125		0.568602
273.25		0.568602
273.375		0.568602
273.5		0.568602
273.625		0.568602
273.75		0.568602
273.875		0.568602
274		0.568602
274.125		0.576517
274.25		0.576517
274.375		0.576517
274.5		0.576517
274.625		0.576517
274.75		0.576517
274.875		0.576517
275		0.576517
275.125		0.580475
275.25		0.580475
275.375		0.580475
275.5		0.580475
275.625		0.580475
275.75		0.580475
275.875		0.580475
276		0.580475
276.125		0.580475
276.25		0.580475
276.375		0.580475
276.5		0.580475
276.625		0.580475
276.75		0.580475
276.875		0.580475
277		0.580475
277.125		0.580475
277.25		0.580475
277.375		0.580475
277.5		0.580475
277.625		0.580475
277.75		0.580475
277.875		0.580475
278		0.580475
278.125		0.581794
278.25		0.581794
278.375		0.581794
278.5		0.581794
278.625		0.581794
278.75		0.581794
278.875		0.581794
279		0.581794
279.125		0.581794
279.25		0.581794
279.375		0.581794
279.5		0.581794
279.625		0.581794
279.75		0.581794
279.875		0.581794
280		0.581794
280.125		0.587071
280.25		0.587071
280.375		0.587071
280.5		0.587071
280.625		0.587071
280.75		0.587071
280.875		0.587071
281		0.587071
281.125		0.587071
281.25		0.587071
281.375		0.587071
281.5		0.587071
281.625		0.587071
281.75		0.587071
281.875		0.587071
282		0.587071
282.125		0.588391
282.25		0.588391
282.375		0.588391
282.5		0.588391
282.625		0.588391
282.75		0.588391
282.875		0.588391
283		0.588391
283.125		0.596306
283.25		0.596306
283.375		0.596306
283.5		0.596306
283.625		0.596306
283.75		0.596306
283.875		0.596306
284		0.596306
284.125		0.598945
284.25		0.598945
284.375		0.598945
284.5		0.598945
284.625		0.598945
284.75		0.598945
284.875		0.598945
285		0.598945
285.125		0.598945
285.25		0.598945
285.375		0.598945
285.5		0.598945
285.625		0.598945
285.75		0.598945
285.875		0.598945
286		0.598945
286.125		0.600264
286.25		0.600264
286.375		0.600264
286.5		0.600264
286.625		0.600264
286.75		0.600264
286.875		0.600264
287		0.600264
287.125		0.602902
287.25		0.602902
287.375		0.602902
287.5		0.602902
287.625		0.602902
287.75		0.602902
287.875		0.602902
288		0.602902
288.125		0.609499
288.25		0.609499
288.375		0.609499
288.5		0.609499
288.625		0.609499
288.75		0.609499
288.875		0.609499
289		0.609499
289.125		0.609499
289.25		0.609499
289.375		0.609499
289.5		0.609499
289.625		0.609499
289.75		0.609499
289.875		0.609499
290		0.609499
290.125		0.610818
290.25		0.610818
290.375		0.610818
290.5		0.610818
290.625		0.610818
290.75		0.610818
290.875		0.610818
291		0.610818
291.125		0.610818
291.25		0.610818
291.375		0.610818
291.5		0.610818
291.625		0.610818
291.75		0.610818
291.875		0.610818
292		0.610818
292.125		0.613456
292.25		0.613456
292.375		0.613456
292.5		0.613456
292.625		0.613456
292.75		0.613456
292.875		0.613456
293		0.613456
293.125		0.614776
293.25		0.614776
293.375		0.614776
293.5		0.614776
293.625		0.614776
293.75		0.614776
293.875		0.614776
294		0.614776
294.125		0.614776
294.25		0.614776
294.375		0.614776
294.5		0.614776
294.625		0.614776
294.75		0.614776
294.875		0.614776
295		0.614776
295.125		0.616095
295.25		0.616095
295.375		0.616095
295.5		0.616095
295.625		0.616095
295.75		0.616095
295.875		0.616095
296		0.616095
296.125		0.620053
296.25		0.620053
296.375		0.620053
296.5		0.620053
296.625		0.620053
296.75		0.620053
296.875		0.620053
297		0.620053
297.125		0.622691
297.25		0.622691
297.375		0.622691
297.5		0.622691
297.625		0.622691
297.75		0.622691
297.875		0.622691
298		0.622691
298.125		0.626649
298.25		0.626649
298.375		0.626649
298.5		0.626649
298.625		0.626649
298.75		0.626649
298.875		0.626649
299		0.626649
299.125		0.627968
299.25		0.627968
299.375		0.627968
299.5		0.627968
299.625		0.627968
299.75		0.627968
299.875		0.627968
300		0.627968
300.125		0.629288
300.25		0.629288
300.375		0.629288
300.5		0.629288
300.625		0.629288
300.75		0.629288
300.875		0.629288
301		0.629288
301.125		0.629288
301.25		0.629288
301.375		0.629288
301.5		0.629288
301.625		0.629288
301.75		0.629288
301.875		0.629288
302		0.629288
302.125		0.629288
302.25		0.629288
302.375		0.629288
302.5		0.629288
302.625		0.629288
302.75		0.629288
302.875		0.629288
303		0.629288
303.125		0.634565
303.25		0.634565
303.375		0.634565
303.5		0.634565
303.625		0.634565
303.75		0.634565
303.875		0.634565
304		0.634565
304.125		0.638522
304.25		0.638522
304.375		0.638522
304.5		0.638522
304.625		0.638522
304.75		0.638522
304.875		0.638522
305		0.638522
305.125		0.639842
305.25		0.639842
305.375		0.639842
305.5		0.639842
305.625		0.639842
305.75		0.639842
305.875		0.639842
306		0.639842
306.125		0.641161
306.25		0.641161
306.375		0.641161
306.5		0.641161
306.625		0.641161
306.75		0.641161
306.875		0.641161
307		0.641161
307.125		0.643799
307.25		0.643799
307.375		0.643799
307.5		0.643799
307.625		0.643799
307.75		0.643799
307.875		0.643799
308		0.643799
308.125		0.643799
308.25		0.643799
308.375		0.643799
308.5		0.643799
308.625		0.643799
308.75		0.643799
308.875		0.643799
309		0.643799
309.125		0.647757
309.25		0.647757
309.375		0.647757
309.5		0.647757
309.625		0.647757
309.75		0.647757
309.875		0.647757
310		0.647757
310.125		0.647757
310.25		0.647757
310.375		0.647757
310.5		0.647757
310.625		0.647757
310.75		0.647757
310.875		0.647757
311		0.647757
311.125		0.649077
311.25		0.649077
311.375		0.649077
311.5		0.649077
311.625		0.649077
311.75		0.649077
311.875		0.649077
312		0.649077
312.125		0.650396
312.25		0.650396
312.375		0.650396
312.5		0.650396
312.625		0.650396
312.75		0.650396
312.875		0.650396
313		0.650396
313.125		0.650396
313.25		0.650396
313.375		0.650396
313.5		0.650396
313.625		0.650396
313.75		0.650396
313.875		0.650396
314		0.650396
314.125		0.651715
314.25		0.651715
314.375		0.651715
314.5		0.651715
314.625		0.651715
314.75		0.651715
314.875		0.651715
315		0.651715
315.125		0.653034
315.25		0.653034
315.375		0.653034
315.5		0.653034
315.625		0.653034
315.75		0.653034
315.875		0.653034
316		0.653034
316.125		0.654354
316.25		0.654354
316.375		0.654354
316.5		0.654354
316.625		0.654354
316.75		0.654354
316.875		0.654354
317		0.654354
317.125		0.654354
317.25		0.654354
317.375		0.654354
317.5		0.654354
317.625		0.654354
317.75		0.654354
317.875		0.654354
318		0.654354
318.125		0.658311
318.25		0.658311
318.375		0.658311
318.5		0.658311
318.625		0.658311
318.75		0.658311
318.875		0.658311
319		0.658311
319.125		0.658311
319.25		0.658311
319.375		0.658311
319.5		0.658311
319.625		0.658311
319.75		0.658311
319.875		0.658311
320		0.658311
320.125		0.659631
320.25		0.659631
320.375		0.659631
320.5		0.659631
320.625		0.659631
320.75		0.659631
320.875		0.659631
321		0.659631
321.125		0.662269
321.25		0.662269
321.375		0.662269
321.5		0.662269
321.625		0.662269
321.75		0.662269
321.875		0.662269
322		0.662269
322.125		0.662269
322.25		0.662269
322.375		0.662269
322.5		0.662269
322.625		0.662269
322.75		0.662269
322.875		0.662269
323		0.662269
323.125		0.668865
323.25		0.668865
323.375		0.668865
323.5		0.668865
323.625		0.668865
323.75		0.668865
323.875		0.668865
324		0.668865
324.125		0.668865
324.25		0.668865
324.375		0.668865
324.5		0.668865
324.625		0.668865
324.75		0.668865
324.875		0.668865
325		0.668865
325.125		0.670185
325.25		0.670185
325.375		0.670185
325.5		0.670185
325.625		0.670185
325.75		0.670185
325.875		0.670185
326		0.670185
326.125		0.672823
326.25		0.672823
326.375		0.672823
326.5		0.672823
326.625		0.672823
326.75		0.672823
326.875		0.672823
327		0.672823
327.125		0.672823
327.25		0.672823
327.375		0.672823
327.5		0.672823
327.625		0.672823
327.75		0.672823
327.875		0.672823
328		0.672823
328.125		0.67942
328.25		0.67942
328.375		0.67942
328.5		0.67942
328.625		0.67942
328.75		0.67942
328.875		0.67942
329		0.67942
329.125		0.683377
329.25		0.683377
329.375		0.683377
329.5		0.683377
329.625		0.683377
329.75		0.683377
329.875		0.683377
330		0.683377
330.125		0.684697
330.25		0.684697
330.375		0.684697
330.5		0.684697
330.625		0.684697
330.75		0.684697
330.875		0.684697
331		0.684697
331.125		0.686016
331.25		0.686016
331.375		0.686016
331.5		0.686016
331.625		0.686016
331.75		0.686016
331.875		0.686016
332		0.686016
332.125		0.687335
332.25		0.687335
332.375		0.687335
332.5		0.687335
332.625		0.687335
332.75		0.687335
332.875		0.687335
333		0.687335
333.125		0.687335
333.25		0.687335
333.375		0.687335
333.5		0.687335
333.625		0.687335
333.75		0.687335
333.875		0.687335
334		0.687335
334.125		0.688654
334.25		0.688654
334.375		0.688654
334.5		0.688654
334.625		0.688654
334.75		0.688654
334.875		0.688654
335		0.688654
335.125		0.691293
335.25		0.691293
335.375		0.691293
335.5		0.691293
335.625		0.691293
335.75		0.691293
335.875		0.691293
336		0.691293
336.125		0.695251
336.25		0.695251
336.375		0.695251
336.5		0.695251
336.625		0.695251
336.75		0.695251
336.875		0.695251
337		0.695251
337.125		0.700528
337.25		0.700528
337.375		0.700528
337.5		0.700528
337.625		0.700528
337.75		0.700528
337.875		0.700528
338		0.700528
338.125		0.701847
338.25		0.701847
338.375		0.701847
338.5		0.701847
338.625		0.701847
338.75		0.701847
338.875		0.701847
339		0.701847
339.125		0.704485
339.25		0.704485
339.375		0.704485
339.5		0.704485
339.625		0.704485
339.75		0.704485
339.875		0.704485
340		0.704485
340.125		0.704485
340.25		0.704485
340.375		0.704485
340.5		0.704485
340.625		0.704485
340.75		0.704485
340.875		0.704485
341		0.704485
341.125		0.705805
341.25		0.705805
341.375		0.705805
341.5		0.705805
341.625		0.705805
341.75		0.705805
341.875		0.705805
342		0.705805
342.125		0.705805
342.25		0.705805
342.375		0.705805
342.5		0.705805
342.625		0.705805
342.75		0.705805
342.875		0.705805
343		0.705805
343.125		0.71504
343.25		0.71504
343.375		0.71504
343.5		0.71504
343.625		0.71504
343.75		0.71504
343.875		0.71504
344		0.71504
344.125		0.71504
344.25		0.71504
344.375		0.71504
344.5		0.71504
344.625		0.71504
344.75		0.71504
344.875		0.71504
345		0.71504
345.125		0.720317
345.25		0.720317
345.375		0.720317
345.5		0.720317
345.625		0.720317
345.75		0.720317
345.875		0.720317
346		0.720317
346.125		0.722955
346.25		0.722955
346.375		0.722955
346.5		0.722955
346.625		0.722955
346.75		0.722955
346.875		0.722955
347		0.722955
347.125		0.730871
347.25		0.730871
347.375		0.730871
347.5		0.730871
347.625		0.730871
347.75		0.730871
347.875		0.730871
348		0.730871
348.125		0.733509
348.25		0.733509
348.375		0.733509
348.5		0.733509
348.625		0.733509
348.75		0.733509
348.875		0.733509
349		0.733509
349.125		0.736148
349.25		0.736148
349.375		0.736148
349.5		0.736148
349.625		0.736148
349.75		0.736148
349.875		0.736148
350		0.736148
350.125		0.736148
350.25		0.736148
350.375		0.736148
350.5		0.736148
350.625		0.736148
350.75		0.736148
350.875		0.736148
351		0.736148
351.125		0.737467
351.25		0.737467
351.375		0.737467
351.5		0.737467
351.625		0.737467
351.75		0.737467
351.875		0.737467
352		0.737467
352.125		0.738786
352.25		0.738786
352.375		0.738786
352.5		0.738786
352.625		0.738786
352.75		0.738786
352.875		0.738786
353		0.738786
353.125		0.742744
353.25		0.742744
353.375		0.742744
353.5		0.742744
353.625		0.742744
353.75		0.742744
353.875		0.742744
354		0.742744
354.125		0.746702
354.25		0.746702
354.375		0.746702
354.5		0.746702
354.625		0.746702
354.75		0.746702
354.875		0.746702
355		0.746702
355.125		0.74934
355.25		0.74934
355.375		0.74934
355.5		0.74934
355.625		0.74934
355.75		0.74934
355.875		0.74934
356		0.74934
356.125		0.74934
356.25		0.74934
356.375		0.74934
356.5		0.74934
356.625		0.74934
356.75		0.74934
356.875		0.74934
357		0.74934
357.125		0.751979
357.25		0.751979
357.375		0.751979
357.5		0.751979
357.625		0.751979
357.75		0.751979
357.875		0.751979
358		0.751979
358.125		0.758575
358.25		0.758575
358.375		0.758575
358.5		0.758575
358.625		0.758575
358.75		0.758575
358.875		0.758575
359		0.758575
359.125		0.759894
359.25		0.759894
359.375		0.759894
359.5		0.759894
359.625		0.759894
359.75		0.759894
359.875		0.759894
360		0.759894
360.125		0.759894
360.25		0.759894
360.375		0.759894
360.5		0.759894
360.625		0.759894
360.75		0.759894
360.875		0.759894
361		0.759894
361.125		0.759894
361.25		0.759894
361.375		0.759894
361.5		0.759894
361.625		0.759894
361.75		0.759894
361.875		0.759894
362		0.759894
362.125		0.76781
362.25		0.76781
362.375		0.76781
362.5		0.76781
362.625		0.76781
362.75		0.76781
362.875		0.76781
363		0.76781
363.125		0.770449
363.25		0.770449
363.375		0.770449
363.5		0.770449
363.625		0.770449
363.75		0.770449
363.875		0.770449
364		0.770449
364.125		0.775726
364.25		0.775726
364.375		0.775726
364.5		0.775726
364.625		0.775726
364.75		0.775726
364.875		0.775726
365		0.775726
365.125		0.777045
365.25		0.777045
365.375		0.777045
365.5		0.777045
365.625		0.777045
365.75		0.777045
365.875		0.777045
366		0.777045
366.125		0.779683
366.25		0.779683
366.375		0.779683
366.5		0.779683
366.625		0.779683
366.75		0.779683
366.875		0.779683
367		0.779683
367.125		0.781003
367.25		0.781003
367.375		0.781003
367.5		0.781003
367.625		0.781003
367.75		0.781003
367.875		0.781003
368		0.781003
368.125		0.783641
368.25		0.783641
368.375		0.783641
368.5		0.783641
368.625		0.783641
368.75		0.783641
368.875		0.783641
369		0.783641
369.125		0.787599
369.25		0.787599
369.375		0.787599
369.5		0.787599
369.625		0.787599
369.75		0.787599
369.875		0.787599
370		0.787599
370.125		0.787599
370.25		0.787599
370.375		0.787599
370.5		0.787599
370.625		0.787599
370.75		0.787599
370.875		0.787599
371		0.787599
371.125		0.788918
371.25		0.788918
371.375		0.788918
371.5		0.788918
371.625		0.788918
371.75		0.788918
371.875		0.788918
372		0.788918
372.125		0.798153
372.25		0.798153
372.375		0.798153
372.5		0.798153
372.625		0.798153
372.75		0.798153
372.875		0.798153
373		0.798153
373.125		0.802111
373.25		0.802111
373.375		0.802111
373.5		0.802111
373.625		0.802111
373.75		0.802111
373.875		0.802111
374		0.802111
374.125		0.802111
374.25		0.802111
374.375		0.802111
374.5		0.802111
374.625		0.802111
374.75		0.802111
374.875		0.802111
375		0.802111
375.125		0.80343
375.25		0.80343
375.375		0.80343
375.5		0.80343
375.625		0.80343
375.75		0.80343
375.875		0.80343
376		0.80343
376.125		0.80343
376.25		0.80343
376.375		0.80343
376.5		0.80343
376.625		0.80343
376.75		0.80343
376.875		0.80343
377		0.80343
377.125		0.807388
377.25		0.807388
377.375		0.807388
377.5		0.807388
377.625		0.807388
377.75		0.807388
377.875		0.807388
378		0.807388
378.125		0.808707
378.25		0.808707
378.375		0.808707
378.5		0.808707
378.625		0.808707
378.75		0.808707
378.875		0.808707
379		0.808707
379.125		0.808707
379.25		0.808707
379.375		0.808707
379.5		0.808707
379.625		0.808707
379.75		0.808707
379.875		0.808707
380		0.808707
380.125		0.810026
380.25		0.810026
380.375		0.810026
380.5		0.810026
380.625		0.810026
380.75		0.810026
380.875		0.810026
381		0.810026
381.125		0.812665
381.25		0.812665
381.375		0.812665
381.5		0.812665
381.625		0.812665
381.75		0.812665
381.875		0.812665
382		0.812665
382.125		0.812665
382.25		0.812665
382.375		0.812665
382.5		0.812665
382.625		0.812665
382.75		0.812665
382.875		0.812665
383		0.812665
383.125		0.813984
383.25		0.813984
383.375		0.813984
383.5		0.813984
383.625		0.813984
383.75		0.813984
383.875		0.813984
384		0.813984
384.125		0.816623
384.25		0.816623
384.375		0.816623
384.5		0.816623
384.625		0.816623
384.75		0.816623
384.875		0.816623
385		0.816623
385.125		0.8219
385.25		0.8219
385.375		0.8219
385.5		0.8219
385.625		0.8219
385.75		0.8219
385.875		0.8219
386		0.8219
386.125		0.8219
386.25		0.8219
386.375		0.8219
386.5		0.8219
386.625		0.8219
386.75		0.8219
386.875		0.8219
387		0.8219
387.125		0.823219
387.25		0.823219
387.375		0.823219
387.5		0.823219
387.625		0.823219
387.75		0.823219
387.875		0.823219
388		0.823219
388.125		0.824538
388.25		0.824538
388.375		0.824538
388.5		0.824538
388.625		0.824538
388.75		0.824538
388.875		0.824538
389		0.824538
389.125		0.832454
389.25		0.832454
389.375		0.832454
389.5		0.832454
389.625		0.832454
389.75		0.832454
389.875		0.832454
390		0.832454
390.125		0.833773
390.25		0.833773
390.375		0.833773
390.5		0.833773
390.625		0.833773
390.75		0.833773
390.875		0.833773
391		0.833773
391.125		0.835092
391.25		0.835092
391.375		0.835092
391.5		0.835092
391.625		0.835092
391.75		0.835092
391.875		0.835092
392		0.835092
392.125		0.837731
392.25		0.837731
392.375		0.837731
392.5		0.837731
392.625		0.837731
392.75		0.837731
392.875		0.837731
393		0.837731
393.125		0.837731
393.25		0.837731
393.375		0.837731
393.5		0.837731
393.625		0.837731
393.75		0.837731
393.875		0.837731
394		0.837731
394.125		0.837731
394.25		0.837731
394.375		0.837731
394.5		0.837731
394.625		0.837731
394.75		0.837731
394.875		0.837731
395		0.837731
395.125		0.841689
395.25		0.841689
395.375		0.841689
395.5		0.841689
395.625		0.841689
395.75		0.841689
395.875		0.841689
396		0.841689
396.125		0.844327
396.25		0.844327
396.375		0.844327
396.5		0.844327
396.625		0.844327
396.75		0.844327
396.875		0.844327
397		0.844327
397.125		0.849604
397.25		0.849604
397.375		0.849604
397.5		0.849604
397.625		0.849604
397.75		0.849604
397.875		0.849604
398		0.849604
398.125		0.849604
398.25		0.849604
398.375		0.849604
398.5		0.849604
398.625		0.849604
398.75		0.849604
398.875		0.849604
399		0.849604
399.125		0.849604
399.25		0.849604
399.375		0.849604
399.5		0.849604
399.625		0.849604
399.75		0.849604
399.875		0.849604
400		0.849604
400.125		0.849604
400.25		0.849604
400.375		0.849604
400.5		0.849604
400.625		0.849604
400.75		0.849604
400.875		0.849604
401		0.849604
401.125		0.85752
401.25		0.85752
401.375		0.85752
401.5		0.85752
401.625		0.85752
401.75		0.85752
401.875		0.85752
402		0.85752
402.125		0.858839
402.25		0.858839
402.375		0.858839
402.5		0.858839
402.625		0.858839
402.75		0.858839
402.875		0.858839
403		0.858839
403.125		0.858839
403.25		0.858839
403.375		0.858839
403.5		0.858839
403.625		0.858839
403.75		0.858839
403.875		0.858839
404		0.858839
404.125		0.860158
404.25		0.860158
404.375		0.860158
404.5		0.860158
404.625		0.860158
404.75		0.860158
404.875		0.860158
405		0.860158
405.125		0.861478
405.25		0.861478
405.375		0.861478
405.5		0.861478
405.625		0.861478
405.75		0.861478
405.875		0.861478
406		0.861478
406.125		0.872032
406.25		0.872032
406.375		0.872032
406.5		0.872032
406.625		0.872032
406.75		0.872032
406.875		0.872032
407		0.872032
407.125		0.873351
407.25		0.873351
407.375		0.873351
407.5		0.873351
407.625		0.873351
407.75		0.873351
407.875		0.873351
408		0.873351
408.125		0.875989
408.25		0.875989
408.375		0.875989
408.5		0.875989
408.625		0.875989
408.75		0.875989
408.875		0.875989
409		0.875989
409.125		0.877309
409.25		0.877309
409.375		0.877309
409.5		0.877309
409.625		0.877309
409.75		0.877309
409.875		0.877309
410		0.877309
410.125		0.879947
410.25		0.879947
410.375		0.879947
410.5		0.879947
410.625		0.879947
410.75		0.879947
410.875		0.879947
411		0.879947
411.125		0.890501
411.25		0.890501
411.375		0.890501
411.5		0.890501
411.625		0.890501
411.75		0.890501
411.875		0.890501
412		0.890501
412.125		0.890501
412.25		0.890501
412.375		0.890501
412.5		0.890501
412.625		0.890501
412.75		0.890501
412.875		0.890501
413		0.890501
413.125		0.89314
413.25		0.89314
413.375		0.89314
413.5		0.89314
413.625		0.89314
413.75		0.89314
413.875		0.89314
414		0.89314
414.125		0.898417
414.25		0.898417
414.375		0.898417
414.5		0.898417
414.625		0.898417
414.75		0.898417
414.875		0.898417
415		0.898417
415.125		0.902375
415.25		0.902375
415.375		0.902375
415.5		0.902375
415.625		0.902375
415.75		0.902375
415.875		0.902375
416		0.902375
416.125		0.903694
416.25		0.903694
416.375		0.903694
416.5		0.903694
416.625		0.903694
416.75		0.903694
416.875		0.903694
417		0.903694
417.125		0.907652
417.25		0.907652
417.375		0.907652
417.5		0.907652
417.625		0.907652
417.75		0.907652
417.875		0.907652
418		0.907652
418.125		0.908971
418.25		0.908971
418.375		0.908971
418.5		0.908971
418.625		0.908971
418.75		0.908971
418.875		0.908971
419		0.908971
419.125		0.911609
419.25		0.911609
419.375		0.911609
419.5		0.911609
419.625		0.911609
419.75		0.911609
419.875		0.911609
420		0.911609
420.125		0.912929
420.25		0.912929
420.375		0.912929
420.5		0.912929
420.625		0.912929
420.75		0.912929
420.875		0.912929
421		0.912929
421.125		0.915567
421.25		0.915567
421.375		0.915567
421.5		0.915567
421.625		0.915567
421.75		0.915567
421.875		0.915567
422		0.915567
422.125		0.916887
422.25		0.916887
422.375		0.916887
422.5		0.916887
422.625		0.916887
422.75		0.916887
422.875		0.916887
423		0.916887
423.125		0.918206
423.25		0.918206
423.375		0.918206
423.5		0.918206
423.625		0.918206
423.75		0.918206
423.875		0.918206
424		0.918206
424.125		0.920844
424.25		0.920844
424.375		0.920844
424.5		0.920844
424.625		0.920844
424.75		0.920844
424.875		0.920844
425		0.920844
425.125		0.922164
425.25		0.922164
425.375		0.922164
425.5		0.922164
425.625		0.922164
425.75		0.922164
425.875		0.922164
426		0.922164
426.125		0.924802
426.25		0.924802
426.375		0.924802
426.5		0.924802
426.625		0.924802
426.75		0.924802
426.875		0.924802
427		0.924802
427.125		0.931398
427.25		0.931398
427.375		0.931398
427.5		0.931398
427.625		0.931398
427.75		0.931398
427.875		0.931398
428		0.931398
428.125		0.935356
428.25		0.935356
428.375		0.935356
428.5		0.935356
428.625		0.935356
428.75		0.935356
428.875		0.935356
429		0.935356
429.125		0.937995
429.25		0.937995
429.375		0.937995
429.5		0.937995
429.625		0.937995
429.75		0.937995
429.875		0.937995
430		0.937995
430.125		0.941953
430.25		0.941953
430.375		0.941953
430.5		0.941953
430.625		0.941953
430.75		0.941953
430.875		0.941953
431		0.941953
431.125		0.941953
431.25		0.941953
431.375		0.941953
431.5		0.941953
431.625		0.941953
431.75		0.941953
431.875		0.941953
432		0.941953
432.125		0.941953
432.25		0.941953
432.375		0.941953
432.5		0.941953
432.625		0.941953
432.75		0.941953
432.875		0.941953
433		0.941953
433.125		0.944591
433.25		0.944591
433.375		0.944591
433.5		0.944591
433.625		0.944591
433.75		0.944591
433.875		0.944591
434		0.944591
434.125		0.94591
434.25		0.94591
434.375		0.94591
434.5		0.94591
434.625		0.94591
434.75		0.94591
434.875		0.94591
435		0.94591
435.125		0.94591
435.25		0.94591
435.375		0.94591
435.5		0.94591
435.625		0.94591
435.75		0.94591
435.875		0.94591
436		0.94591
436.125		0.949868
436.25		0.949868
436.375		0.949868
436.5		0.949868
436.625		0.949868
436.75		0.949868
436.875		0.949868
437		0.949868
437.125		0.949868
437.25		0.949868
437.375		0.949868
437.5		0.949868
437.625		0.949868
437.75		0.949868
437.875		0.949868
438		0.949868
438.125		0.949868
438.25		0.949868
438.375		0.949868
438.5		0.949868
438.625		0.949868
438.75		0.949868
438.875		0.949868
439		0.949868
439.125		0.949868
439.25		0.949868
439.375		0.949868
439.5		0.949868
439.625		0.949868
439.75		0.949868
439.875		0.949868
440		0.949868
440.125		0.949868
440.25		0.949868
440.375		0.949868
440.5		0.949868
440.625		0.949868
440.75		0.949868
440.875		0.949868
441		0.949868
441.125		0.963061
441.25		0.963061
441.375		0.963061
441.5		0.963061
441.625		0.963061
441.75		0.963061
441.875		0.963061
442		0.963061
442.125		0.965699
442.25		0.965699
442.375		0.965699
442.5		0.965699
442.625		0.965699
442.75		0.965699
442.875		0.965699
443		0.965699
443.125		0.965699
443.25		0.965699
443.375		0.965699
443.5		0.965699
443.625		0.965699
443.75		0.965699
443.875		0.965699
444		0.965699
444.125		0.967018
444.25		0.967018
444.375		0.967018
444.5		0.967018
444.625		0.967018
444.75		0.967018
444.875		0.967018
445		0.967018
445.125		0.967018
445.25		0.967018
445.375		0.967018
445.5		0.967018
445.625		0.967018
445.75		0.967018
445.875		0.967018
446		0.967018
446.125		0.968338
446.25		0.968338
446.375		0.968338
446.5		0.968338
446.625		0.968338
446.75		0.968338
446.875		0.968338
447		0.968338
447.125		0.972296
447.25		0.972296
447.375		0.972296
447.5		0.972296
447.625		0.972296
447.75		0.972296
447.875		0.972296
448		0.972296
448.125		0.973615
448.25		0.973615
448.375		0.973615
448.5		0.973615
448.625		0.973615
448.75		0.973615
448.875		0.973615
449		0.973615
449.125		0.973615
449.25		0.973615
449.375		0.973615
449.5		0.973615
449.625		0.973615
449.75		0.973615
449.875		0.973615
450		0.973615
450.125		0.980211
450.25		0.980211
450.375		0.980211
450.5		0.980211
450.625		0.980211
450.75		0.980211
450.875		0.980211
451		0.980211
451.125		0.980211
451.25		0.980211
451.375		0.980211
451.5		0.980211
451.625		0.980211
451.75		0.980211
451.875		0.980211
452		0.980211
452.125		0.980211
452.25		0.980211
452.375		0.980211
452.5		0.980211
452.625		0.980211
452.75		0.980211
452.875		0.980211
453		0.980211
453.125		0.98153
453.25		0.98153
453.375		0.98153
453.5		0.98153
453.625		0.98153
453.75		0.98153
453.875		0.98153
454		0.98153
454.125		0.986807
454.25		0.986807
454.375		0.986807
454.5		0.986807
454.625		0.986807
454.75		0.986807
454.875		0.986807
455		0.986807
455.125		0.989446
455.25		0.989446
455.375		0.989446
455.5		0.989446
455.625		0.989446
455.75		0.989446
455.875		0.989446
456		0.989446
456.125		0.994723
456.25		0.994723
456.375		0.994723
456.5		0.994723
456.625		0.994723
456.75		0.994723
456.875		0.994723
457		0.994723
457.125		0.996042
457.25		0.996042
457.375		0.996042
457.5		0.996042
457.625		0.996042
457.75		0.996042
457.875		0.996042
458		0.996042
458.125		1
458.25		1
458.375		1
458.5		1
458.625		1
458.75		1
458.875		1
459		1
459.125		1
459.25		1
459.375		1
459.5		1
459.625		1
459.75		1
459.875		1
460		1
460.125		1
460.25		1
460.375		1
460.5		1
460.625		1
460.75		1
460.875		1
461		1
461.125		1
461.25		1
461.375		1
461.5		1
461.625		1
461.75		1
461.875		1
462		1
462.125		1
462.25		1
462.375		1
462.5		1
462.625		1
462.75		1
462.875		1
463		1
463.125		1
463.25		1
463.375		1
463.5		1
463.625		1
463.75		1
463.875		1
464		1
464.125		1
464.25		1
464.375		1
464.5		1
464.625		1
464.75		1
464.875		1
465		1
465.125		1
465.25		1
465.375		1
465.5		1
465.625		1
465.75		1
465.875		1
466		1
466.125		1
466.25		1
466.375		1
466.5		1
466.625		1
466.75		1
466.875		1
467		1
467.125		1
467.25		1
467.375		1
467.5		1
467.625		1
467.75		1
467.875		1
468		1
468.125		1
468.25		1
468.375		1
468.5		1
468.625		1
468.75		1
468.875		1
469		1
469.125		1
469.25		1
469.375		1
469.5		1
469.625		1
469.75		1
469.875		1
470		1
470.125		1
470.25		1
470.375		1
470.5		1
470.625		1
470.75		1
470.875		1
471		1
471.125		1
471.25		1
471.375		1
471.5		1
471.625		1
471.75		1
471.875		1
472		1
472.125		1
472.25		1
472.375		1
472.5		1
472.625		1
472.75		1
472.875		1
473		1
473.125		1
473.25		1
473.375		1
473.5		1
473.625		1
473.75		1
473.875		1
474		1
474.125		1
474.25		1
474.375		1
474.5		1
474.625		1
474.75		1
474.875		1
475		1
475.125		1
475.25		1
475.375		1
475.5		1
475.625		1
475.75		1
475.875		1
476		1
476.125		1
476.25		1
476.375		1
476.5		1
476.625		1
476.75		1
476.875		1
477		1
477.125		1
477.25		1
477.375		1
477.5		1
477.625		1
477.75		1
477.875		1
478		1
478.125		1
478.25		1
478.375		1
478.5		1
478.625		1
478.75		1
478.875		1
479		1
479.125		1
479.25		1
479.375		1
479.5		1
479.625		1
479.75		1
479.875		1
480		1
480.125		1
480.25		1
480.375		1
480.5		1
480.625		1
480.75		1
480.875		1
481		1
481.125		1
481.25		1
481.375		1
481.5		1
481.625		1
481.75		1
481.875		1
482		1
482.125		1
482.25		1
482.375		1
482.5		1
482.625		1
482.75		1
482.875		1
483		1
483.125		1
483.25		1
483.375		1
483.5		1
483.625		1
483.75		1
483.875		1
484		1
484.125		1
484.25		1
484.375		1
484.5		1
484.625		1
484.75		1
484.875		1
485		1
485.125		1
485.25		1
485.375		1
485.5		1
485.625		1
485.75		1
485.875		1
486		1
486.125		1
486.25		1
486.375		1
486.5		1
486.625		1
486.75		1
486.875		1
487		1
487.125		1
487.25		1
487.375		1
487.5		1
487.625		1
487.75		1
487.875		1
488		1
488.125		1
488.25		1
488.375		1
488.5		1
488.625		1
488.75		1
488.875		1
489		1
489.125		1
489.25		1
489.375		1
489.5		1
489.625		1
489.75		1
489.875		1
490		1
490.125		1
490.25		1
490.375		1
490.5		1
490.625		1
490.75		1
490.875		1
491		1
491.125		1
491.25		1
491.375		1
491.5		1
491.625		1
491.75		1
491.875		1
492		1
492.125		1
492.25		1
492.375		1
492.5		1
492.625		1
492.75		1
492.875		1
493		1
493.125		1
493.25		1
493.375		1
493.5		1
493.625		1
493.75		1
493.875		1
494		1
494.125		1
494.25		1
494.375		1
494.5		1
494.625		1
494.75		1
494.875		1
495		1
495.125		1
495.25		1
495.375		1
495.5		1
495.625		1
495.75		1
495.875		1
496		1
496.125		1
496.25		1
496.375		1
496.5		1
496.625		1
496.75		1
496.875		1
497		1
497.125		1
497.25		1
497.375		1
497.5		1
497.625		1
497.75		1
497.875		1
498		1
498.125		1
498.25		1
498.375		1
498.5		1
498.625		1
498.75		1
498.875		1
499		1
499.125		1
499.25		1
499.375		1
499.5		1
499.625		1
499.75		1
499.875		1
500		1
