# Calibration file of tamex_id 0 @ channel 29
# fine_T bin		 Calibration value
0.125		0
0.25		0
0.375		0
0.5		0
0.625		0
0.75		0
0.875		0
1		0
1.125		0
1.25		0
1.375		0
1.5		0
1.625		0
1.75		0
1.875		0
2		0
2.125		0
2.25		0
2.375		0
2.5		0
2.625		0
2.75		0
2.875		0
3		0
3.125		0
3.25		0
3.375		0
3.5		0
3.625		0
3.75		0
3.875		0
4		0
4.125		0
4.25		0
4.375		0
4.5		0
4.625		0
4.75		0
4.875		0
5		0
5.125		0
5.25		0
5.375		0
5.5		0
5.625		0
5.75		0
5.875		0
6		0
6.125		0
6.25		0
6.375		0
6.5		0
6.625		0
6.75		0
6.875		0
7		0
7.125		0
7.25		0
7.375		0
7.5		0
7.625		0
7.75		0
7.875		0
8		0
8.125		0
8.25		0
8.375		0
8.5		0
8.625		0
8.75		0
8.875		0
9		0
9.125		0
9.25		0
9.375		0
9.5		0
9.625		0
9.75		0
9.875		0
10		0
10.125		0
10.25		0
10.375		0
10.5		0
10.625		0
10.75		0
10.875		0
11		0
11.125		0
11.25		0
11.375		0
11.5		0
11.625		0
11.75		0
11.875		0
12		0
12.125		0
12.25		0
12.375		0
12.5		0
12.625		0
12.75		0
12.875		0
13		0
13.125		0
13.25		0
13.375		0
13.5		0
13.625		0
13.75		0
13.875		0
14		0
14.125		0
14.25		0
14.375		0
14.5		0
14.625		0
14.75		0
14.875		0
15		0
15.125		0
15.25		0
15.375		0
15.5		0
15.625		0
15.75		0
15.875		0
16		0
16.125		0
16.25		0
16.375		0
16.5		0
16.625		0
16.75		0
16.875		0
17		0
17.125		20.4082
17.25		20.4082
17.375		20.4082
17.5		20.4082
17.625		20.4082
17.75		20.4082
17.875		20.4082
18		20.4082
18.125		61.2245
18.25		61.2245
18.375		61.2245
18.5		61.2245
18.625		61.2245
18.75		61.2245
18.875		61.2245
19		61.2245
19.125		61.2245
19.25		61.2245
19.375		61.2245
19.5		61.2245
19.625		61.2245
19.75		61.2245
19.875		61.2245
20		61.2245
20.125		81.6327
20.25		81.6327
20.375		81.6327
20.5		81.6327
20.625		81.6327
20.75		81.6327
20.875		81.6327
21		81.6327
21.125		81.6327
21.25		81.6327
21.375		81.6327
21.5		81.6327
21.625		81.6327
21.75		81.6327
21.875		81.6327
22		81.6327
22.125		81.6327
22.25		81.6327
22.375		81.6327
22.5		81.6327
22.625		81.6327
22.75		81.6327
22.875		81.6327
23		81.6327
23.125		122.449
23.25		122.449
23.375		122.449
23.5		122.449
23.625		122.449
23.75		122.449
23.875		122.449
24		122.449
24.125		122.449
24.25		122.449
24.375		122.449
24.5		122.449
24.625		122.449
24.75		122.449
24.875		122.449
25		122.449
25.125		122.449
25.25		122.449
25.375		122.449
25.5		122.449
25.625		122.449
25.75		122.449
25.875		122.449
26		122.449
26.125		163.265
26.25		163.265
26.375		163.265
26.5		163.265
26.625		163.265
26.75		163.265
26.875		163.265
27		163.265
27.125		163.265
27.25		163.265
27.375		163.265
27.5		163.265
27.625		163.265
27.75		163.265
27.875		163.265
28		163.265
28.125		204.082
28.25		204.082
28.375		204.082
28.5		204.082
28.625		204.082
28.75		204.082
28.875		204.082
29		204.082
29.125		204.082
29.25		204.082
29.375		204.082
29.5		204.082
29.625		204.082
29.75		204.082
29.875		204.082
30		204.082
30.125		224.49
30.25		224.49
30.375		224.49
30.5		224.49
30.625		224.49
30.75		224.49
30.875		224.49
31		224.49
31.125		224.49
31.25		224.49
31.375		224.49
31.5		224.49
31.625		224.49
31.75		224.49
31.875		224.49
32		224.49
32.125		244.898
32.25		244.898
32.375		244.898
32.5		244.898
32.625		244.898
32.75		244.898
32.875		244.898
33		244.898
33.125		244.898
33.25		244.898
33.375		244.898
33.5		244.898
33.625		244.898
33.75		244.898
33.875		244.898
34		244.898
34.125		244.898
34.25		244.898
34.375		244.898
34.5		244.898
34.625		244.898
34.75		244.898
34.875		244.898
35		244.898
35.125		285.714
35.25		285.714
35.375		285.714
35.5		285.714
35.625		285.714
35.75		285.714
35.875		285.714
36		285.714
36.125		285.714
36.25		285.714
36.375		285.714
36.5		285.714
36.625		285.714
36.75		285.714
36.875		285.714
37		285.714
37.125		285.714
37.25		285.714
37.375		285.714
37.5		285.714
37.625		285.714
37.75		285.714
37.875		285.714
38		285.714
38.125		306.122
38.25		306.122
38.375		306.122
38.5		306.122
38.625		306.122
38.75		306.122
38.875		306.122
39		306.122
39.125		306.122
39.25		306.122
39.375		306.122
39.5		306.122
39.625		306.122
39.75		306.122
39.875		306.122
40		306.122
40.125		306.122
40.25		306.122
40.375		306.122
40.5		306.122
40.625		306.122
40.75		306.122
40.875		306.122
41		306.122
41.125		326.531
41.25		326.531
41.375		326.531
41.5		326.531
41.625		326.531
41.75		326.531
41.875		326.531
42		326.531
42.125		326.531
42.25		326.531
42.375		326.531
42.5		326.531
42.625		326.531
42.75		326.531
42.875		326.531
43		326.531
43.125		326.531
43.25		326.531
43.375		326.531
43.5		326.531
43.625		326.531
43.75		326.531
43.875		326.531
44		326.531
44.125		346.939
44.25		346.939
44.375		346.939
44.5		346.939
44.625		346.939
44.75		346.939
44.875		346.939
45		346.939
45.125		346.939
45.25		346.939
45.375		346.939
45.5		346.939
45.625		346.939
45.75		346.939
45.875		346.939
46		346.939
46.125		428.571
46.25		428.571
46.375		428.571
46.5		428.571
46.625		428.571
46.75		428.571
46.875		428.571
47		428.571
47.125		428.571
47.25		428.571
47.375		428.571
47.5		428.571
47.625		428.571
47.75		428.571
47.875		428.571
48		428.571
48.125		448.98
48.25		448.98
48.375		448.98
48.5		448.98
48.625		448.98
48.75		448.98
48.875		448.98
49		448.98
49.125		448.98
49.25		448.98
49.375		448.98
49.5		448.98
49.625		448.98
49.75		448.98
49.875		448.98
50		448.98
50.125		489.796
50.25		489.796
50.375		489.796
50.5		489.796
50.625		489.796
50.75		489.796
50.875		489.796
51		489.796
51.125		489.796
51.25		489.796
51.375		489.796
51.5		489.796
51.625		489.796
51.75		489.796
51.875		489.796
52		489.796
52.125		489.796
52.25		489.796
52.375		489.796
52.5		489.796
52.625		489.796
52.75		489.796
52.875		489.796
53		489.796
53.125		489.796
53.25		489.796
53.375		489.796
53.5		489.796
53.625		489.796
53.75		489.796
53.875		489.796
54		489.796
54.125		530.612
54.25		530.612
54.375		530.612
54.5		530.612
54.625		530.612
54.75		530.612
54.875		530.612
55		530.612
55.125		551.02
55.25		551.02
55.375		551.02
55.5		551.02
55.625		551.02
55.75		551.02
55.875		551.02
56		551.02
56.125		612.245
56.25		612.245
56.375		612.245
56.5		612.245
56.625		612.245
56.75		612.245
56.875		612.245
57		612.245
57.125		632.653
57.25		632.653
57.375		632.653
57.5		632.653
57.625		632.653
57.75		632.653
57.875		632.653
58		632.653
58.125		653.061
58.25		653.061
58.375		653.061
58.5		653.061
58.625		653.061
58.75		653.061
58.875		653.061
59		653.061
59.125		693.878
59.25		693.878
59.375		693.878
59.5		693.878
59.625		693.878
59.75		693.878
59.875		693.878
60		693.878
60.125		693.878
60.25		693.878
60.375		693.878
60.5		693.878
60.625		693.878
60.75		693.878
60.875		693.878
61		693.878
61.125		693.878
61.25		693.878
61.375		693.878
61.5		693.878
61.625		693.878
61.75		693.878
61.875		693.878
62		693.878
62.125		714.286
62.25		714.286
62.375		714.286
62.5		714.286
62.625		714.286
62.75		714.286
62.875		714.286
63		714.286
63.125		734.694
63.25		734.694
63.375		734.694
63.5		734.694
63.625		734.694
63.75		734.694
63.875		734.694
64		734.694
64.125		734.694
64.25		734.694
64.375		734.694
64.5		734.694
64.625		734.694
64.75		734.694
64.875		734.694
65		734.694
65.125		755.102
65.25		755.102
65.375		755.102
65.5		755.102
65.625		755.102
65.75		755.102
65.875		755.102
66		755.102
66.125		775.51
66.25		775.51
66.375		775.51
66.5		775.51
66.625		775.51
66.75		775.51
66.875		775.51
67		775.51
67.125		795.918
67.25		795.918
67.375		795.918
67.5		795.918
67.625		795.918
67.75		795.918
67.875		795.918
68		795.918
68.125		795.918
68.25		795.918
68.375		795.918
68.5		795.918
68.625		795.918
68.75		795.918
68.875		795.918
69		795.918
69.125		795.918
69.25		795.918
69.375		795.918
69.5		795.918
69.625		795.918
69.75		795.918
69.875		795.918
70		795.918
70.125		816.327
70.25		816.327
70.375		816.327
70.5		816.327
70.625		816.327
70.75		816.327
70.875		816.327
71		816.327
71.125		816.327
71.25		816.327
71.375		816.327
71.5		816.327
71.625		816.327
71.75		816.327
71.875		816.327
72		816.327
72.125		836.735
72.25		836.735
72.375		836.735
72.5		836.735
72.625		836.735
72.75		836.735
72.875		836.735
73		836.735
73.125		836.735
73.25		836.735
73.375		836.735
73.5		836.735
73.625		836.735
73.75		836.735
73.875		836.735
74		836.735
74.125		877.551
74.25		877.551
74.375		877.551
74.5		877.551
74.625		877.551
74.75		877.551
74.875		877.551
75		877.551
75.125		877.551
75.25		877.551
75.375		877.551
75.5		877.551
75.625		877.551
75.75		877.551
75.875		877.551
76		877.551
76.125		918.367
76.25		918.367
76.375		918.367
76.5		918.367
76.625		918.367
76.75		918.367
76.875		918.367
77		918.367
77.125		918.367
77.25		918.367
77.375		918.367
77.5		918.367
77.625		918.367
77.75		918.367
77.875		918.367
78		918.367
78.125		938.776
78.25		938.776
78.375		938.776
78.5		938.776
78.625		938.776
78.75		938.776
78.875		938.776
79		938.776
79.125		938.776
79.25		938.776
79.375		938.776
79.5		938.776
79.625		938.776
79.75		938.776
79.875		938.776
80		938.776
80.125		938.776
80.25		938.776
80.375		938.776
80.5		938.776
80.625		938.776
80.75		938.776
80.875		938.776
81		938.776
81.125		938.776
81.25		938.776
81.375		938.776
81.5		938.776
81.625		938.776
81.75		938.776
81.875		938.776
82		938.776
82.125		938.776
82.25		938.776
82.375		938.776
82.5		938.776
82.625		938.776
82.75		938.776
82.875		938.776
83		938.776
83.125		1000
83.25		1000
83.375		1000
83.5		1000
83.625		1000
83.75		1000
83.875		1000
84		1000
84.125		1000
84.25		1000
84.375		1000
84.5		1000
84.625		1000
84.75		1000
84.875		1000
85		1000
85.125		1000
85.25		1000
85.375		1000
85.5		1000
85.625		1000
85.75		1000
85.875		1000
86		1000
86.125		1000
86.25		1000
86.375		1000
86.5		1000
86.625		1000
86.75		1000
86.875		1000
87		1000
87.125		1020.41
87.25		1020.41
87.375		1020.41
87.5		1020.41
87.625		1020.41
87.75		1020.41
87.875		1020.41
88		1020.41
88.125		1040.82
88.25		1040.82
88.375		1040.82
88.5		1040.82
88.625		1040.82
88.75		1040.82
88.875		1040.82
89		1040.82
89.125		1061.22
89.25		1061.22
89.375		1061.22
89.5		1061.22
89.625		1061.22
89.75		1061.22
89.875		1061.22
90		1061.22
90.125		1061.22
90.25		1061.22
90.375		1061.22
90.5		1061.22
90.625		1061.22
90.75		1061.22
90.875		1061.22
91		1061.22
91.125		1061.22
91.25		1061.22
91.375		1061.22
91.5		1061.22
91.625		1061.22
91.75		1061.22
91.875		1061.22
92		1061.22
92.125		1102.04
92.25		1102.04
92.375		1102.04
92.5		1102.04
92.625		1102.04
92.75		1102.04
92.875		1102.04
93		1102.04
93.125		1102.04
93.25		1102.04
93.375		1102.04
93.5		1102.04
93.625		1102.04
93.75		1102.04
93.875		1102.04
94		1102.04
94.125		1122.45
94.25		1122.45
94.375		1122.45
94.5		1122.45
94.625		1122.45
94.75		1122.45
94.875		1122.45
95		1122.45
95.125		1122.45
95.25		1122.45
95.375		1122.45
95.5		1122.45
95.625		1122.45
95.75		1122.45
95.875		1122.45
96		1122.45
96.125		1183.67
96.25		1183.67
96.375		1183.67
96.5		1183.67
96.625		1183.67
96.75		1183.67
96.875		1183.67
97		1183.67
97.125		1244.9
97.25		1244.9
97.375		1244.9
97.5		1244.9
97.625		1244.9
97.75		1244.9
97.875		1244.9
98		1244.9
98.125		1244.9
98.25		1244.9
98.375		1244.9
98.5		1244.9
98.625		1244.9
98.75		1244.9
98.875		1244.9
99		1244.9
99.125		1265.31
99.25		1265.31
99.375		1265.31
99.5		1265.31
99.625		1265.31
99.75		1265.31
99.875		1265.31
100		1265.31
100.125		1265.31
100.25		1265.31
100.375		1265.31
100.5		1265.31
100.625		1265.31
100.75		1265.31
100.875		1265.31
101		1265.31
101.125		1265.31
101.25		1265.31
101.375		1265.31
101.5		1265.31
101.625		1265.31
101.75		1265.31
101.875		1265.31
102		1265.31
102.125		1265.31
102.25		1265.31
102.375		1265.31
102.5		1265.31
102.625		1265.31
102.75		1265.31
102.875		1265.31
103		1265.31
103.125		1265.31
103.25		1265.31
103.375		1265.31
103.5		1265.31
103.625		1265.31
103.75		1265.31
103.875		1265.31
104		1265.31
104.125		1265.31
104.25		1265.31
104.375		1265.31
104.5		1265.31
104.625		1265.31
104.75		1265.31
104.875		1265.31
105		1265.31
105.125		1285.71
105.25		1285.71
105.375		1285.71
105.5		1285.71
105.625		1285.71
105.75		1285.71
105.875		1285.71
106		1285.71
106.125		1285.71
106.25		1285.71
106.375		1285.71
106.5		1285.71
106.625		1285.71
106.75		1285.71
106.875		1285.71
107		1285.71
107.125		1306.12
107.25		1306.12
107.375		1306.12
107.5		1306.12
107.625		1306.12
107.75		1306.12
107.875		1306.12
108		1306.12
108.125		1326.53
108.25		1326.53
108.375		1326.53
108.5		1326.53
108.625		1326.53
108.75		1326.53
108.875		1326.53
109		1326.53
109.125		1346.94
109.25		1346.94
109.375		1346.94
109.5		1346.94
109.625		1346.94
109.75		1346.94
109.875		1346.94
110		1346.94
110.125		1387.76
110.25		1387.76
110.375		1387.76
110.5		1387.76
110.625		1387.76
110.75		1387.76
110.875		1387.76
111		1387.76
111.125		1387.76
111.25		1387.76
111.375		1387.76
111.5		1387.76
111.625		1387.76
111.75		1387.76
111.875		1387.76
112		1387.76
112.125		1387.76
112.25		1387.76
112.375		1387.76
112.5		1387.76
112.625		1387.76
112.75		1387.76
112.875		1387.76
113		1387.76
113.125		1510.2
113.25		1510.2
113.375		1510.2
113.5		1510.2
113.625		1510.2
113.75		1510.2
113.875		1510.2
114		1510.2
114.125		1510.2
114.25		1510.2
114.375		1510.2
114.5		1510.2
114.625		1510.2
114.75		1510.2
114.875		1510.2
115		1510.2
115.125		1530.61
115.25		1530.61
115.375		1530.61
115.5		1530.61
115.625		1530.61
115.75		1530.61
115.875		1530.61
116		1530.61
116.125		1530.61
116.25		1530.61
116.375		1530.61
116.5		1530.61
116.625		1530.61
116.75		1530.61
116.875		1530.61
117		1530.61
117.125		1530.61
117.25		1530.61
117.375		1530.61
117.5		1530.61
117.625		1530.61
117.75		1530.61
117.875		1530.61
118		1530.61
118.125		1551.02
118.25		1551.02
118.375		1551.02
118.5		1551.02
118.625		1551.02
118.75		1551.02
118.875		1551.02
119		1551.02
119.125		1571.43
119.25		1571.43
119.375		1571.43
119.5		1571.43
119.625		1571.43
119.75		1571.43
119.875		1571.43
120		1571.43
120.125		1571.43
120.25		1571.43
120.375		1571.43
120.5		1571.43
120.625		1571.43
120.75		1571.43
120.875		1571.43
121		1571.43
121.125		1591.84
121.25		1591.84
121.375		1591.84
121.5		1591.84
121.625		1591.84
121.75		1591.84
121.875		1591.84
122		1591.84
122.125		1591.84
122.25		1591.84
122.375		1591.84
122.5		1591.84
122.625		1591.84
122.75		1591.84
122.875		1591.84
123		1591.84
123.125		1591.84
123.25		1591.84
123.375		1591.84
123.5		1591.84
123.625		1591.84
123.75		1591.84
123.875		1591.84
124		1591.84
124.125		1591.84
124.25		1591.84
124.375		1591.84
124.5		1591.84
124.625		1591.84
124.75		1591.84
124.875		1591.84
125		1591.84
125.125		1591.84
125.25		1591.84
125.375		1591.84
125.5		1591.84
125.625		1591.84
125.75		1591.84
125.875		1591.84
126		1591.84
126.125		1591.84
126.25		1591.84
126.375		1591.84
126.5		1591.84
126.625		1591.84
126.75		1591.84
126.875		1591.84
127		1591.84
127.125		1591.84
127.25		1591.84
127.375		1591.84
127.5		1591.84
127.625		1591.84
127.75		1591.84
127.875		1591.84
128		1591.84
128.125		1632.65
128.25		1632.65
128.375		1632.65
128.5		1632.65
128.625		1632.65
128.75		1632.65
128.875		1632.65
129		1632.65
129.125		1632.65
129.25		1632.65
129.375		1632.65
129.5		1632.65
129.625		1632.65
129.75		1632.65
129.875		1632.65
130		1632.65
130.125		1632.65
130.25		1632.65
130.375		1632.65
130.5		1632.65
130.625		1632.65
130.75		1632.65
130.875		1632.65
131		1632.65
131.125		1632.65
131.25		1632.65
131.375		1632.65
131.5		1632.65
131.625		1632.65
131.75		1632.65
131.875		1632.65
132		1632.65
132.125		1653.06
132.25		1653.06
132.375		1653.06
132.5		1653.06
132.625		1653.06
132.75		1653.06
132.875		1653.06
133		1653.06
133.125		1673.47
133.25		1673.47
133.375		1673.47
133.5		1673.47
133.625		1673.47
133.75		1673.47
133.875		1673.47
134		1673.47
134.125		1673.47
134.25		1673.47
134.375		1673.47
134.5		1673.47
134.625		1673.47
134.75		1673.47
134.875		1673.47
135		1673.47
135.125		1673.47
135.25		1673.47
135.375		1673.47
135.5		1673.47
135.625		1673.47
135.75		1673.47
135.875		1673.47
136		1673.47
136.125		1673.47
136.25		1673.47
136.375		1673.47
136.5		1673.47
136.625		1673.47
136.75		1673.47
136.875		1673.47
137		1673.47
137.125		1673.47
137.25		1673.47
137.375		1673.47
137.5		1673.47
137.625		1673.47
137.75		1673.47
137.875		1673.47
138		1673.47
138.125		1673.47
138.25		1673.47
138.375		1673.47
138.5		1673.47
138.625		1673.47
138.75		1673.47
138.875		1673.47
139		1673.47
139.125		1673.47
139.25		1673.47
139.375		1673.47
139.5		1673.47
139.625		1673.47
139.75		1673.47
139.875		1673.47
140		1673.47
140.125		1673.47
140.25		1673.47
140.375		1673.47
140.5		1673.47
140.625		1673.47
140.75		1673.47
140.875		1673.47
141		1673.47
141.125		1673.47
141.25		1673.47
141.375		1673.47
141.5		1673.47
141.625		1673.47
141.75		1673.47
141.875		1673.47
142		1673.47
142.125		1693.88
142.25		1693.88
142.375		1693.88
142.5		1693.88
142.625		1693.88
142.75		1693.88
142.875		1693.88
143		1693.88
143.125		1734.69
143.25		1734.69
143.375		1734.69
143.5		1734.69
143.625		1734.69
143.75		1734.69
143.875		1734.69
144		1734.69
144.125		1734.69
144.25		1734.69
144.375		1734.69
144.5		1734.69
144.625		1734.69
144.75		1734.69
144.875		1734.69
145		1734.69
145.125		1775.51
145.25		1775.51
145.375		1775.51
145.5		1775.51
145.625		1775.51
145.75		1775.51
145.875		1775.51
146		1775.51
146.125		1775.51
146.25		1775.51
146.375		1775.51
146.5		1775.51
146.625		1775.51
146.75		1775.51
146.875		1775.51
147		1775.51
147.125		1775.51
147.25		1775.51
147.375		1775.51
147.5		1775.51
147.625		1775.51
147.75		1775.51
147.875		1775.51
148		1775.51
148.125		1775.51
148.25		1775.51
148.375		1775.51
148.5		1775.51
148.625		1775.51
148.75		1775.51
148.875		1775.51
149		1775.51
149.125		1775.51
149.25		1775.51
149.375		1775.51
149.5		1775.51
149.625		1775.51
149.75		1775.51
149.875		1775.51
150		1775.51
150.125		1775.51
150.25		1775.51
150.375		1775.51
150.5		1775.51
150.625		1775.51
150.75		1775.51
150.875		1775.51
151		1775.51
151.125		1795.92
151.25		1795.92
151.375		1795.92
151.5		1795.92
151.625		1795.92
151.75		1795.92
151.875		1795.92
152		1795.92
152.125		1816.33
152.25		1816.33
152.375		1816.33
152.5		1816.33
152.625		1816.33
152.75		1816.33
152.875		1816.33
153		1816.33
153.125		1836.73
153.25		1836.73
153.375		1836.73
153.5		1836.73
153.625		1836.73
153.75		1836.73
153.875		1836.73
154		1836.73
154.125		1836.73
154.25		1836.73
154.375		1836.73
154.5		1836.73
154.625		1836.73
154.75		1836.73
154.875		1836.73
155		1836.73
155.125		1836.73
155.25		1836.73
155.375		1836.73
155.5		1836.73
155.625		1836.73
155.75		1836.73
155.875		1836.73
156		1836.73
156.125		1836.73
156.25		1836.73
156.375		1836.73
156.5		1836.73
156.625		1836.73
156.75		1836.73
156.875		1836.73
157		1836.73
157.125		1836.73
157.25		1836.73
157.375		1836.73
157.5		1836.73
157.625		1836.73
157.75		1836.73
157.875		1836.73
158		1836.73
158.125		1857.14
158.25		1857.14
158.375		1857.14
158.5		1857.14
158.625		1857.14
158.75		1857.14
158.875		1857.14
159		1857.14
159.125		1877.55
159.25		1877.55
159.375		1877.55
159.5		1877.55
159.625		1877.55
159.75		1877.55
159.875		1877.55
160		1877.55
160.125		1877.55
160.25		1877.55
160.375		1877.55
160.5		1877.55
160.625		1877.55
160.75		1877.55
160.875		1877.55
161		1877.55
161.125		1897.96
161.25		1897.96
161.375		1897.96
161.5		1897.96
161.625		1897.96
161.75		1897.96
161.875		1897.96
162		1897.96
162.125		1897.96
162.25		1897.96
162.375		1897.96
162.5		1897.96
162.625		1897.96
162.75		1897.96
162.875		1897.96
163		1897.96
163.125		1918.37
163.25		1918.37
163.375		1918.37
163.5		1918.37
163.625		1918.37
163.75		1918.37
163.875		1918.37
164		1918.37
164.125		1938.78
164.25		1938.78
164.375		1938.78
164.5		1938.78
164.625		1938.78
164.75		1938.78
164.875		1938.78
165		1938.78
165.125		1938.78
165.25		1938.78
165.375		1938.78
165.5		1938.78
165.625		1938.78
165.75		1938.78
165.875		1938.78
166		1938.78
166.125		1959.18
166.25		1959.18
166.375		1959.18
166.5		1959.18
166.625		1959.18
166.75		1959.18
166.875		1959.18
167		1959.18
167.125		1959.18
167.25		1959.18
167.375		1959.18
167.5		1959.18
167.625		1959.18
167.75		1959.18
167.875		1959.18
168		1959.18
168.125		1959.18
168.25		1959.18
168.375		1959.18
168.5		1959.18
168.625		1959.18
168.75		1959.18
168.875		1959.18
169		1959.18
169.125		1979.59
169.25		1979.59
169.375		1979.59
169.5		1979.59
169.625		1979.59
169.75		1979.59
169.875		1979.59
170		1979.59
170.125		2020.41
170.25		2020.41
170.375		2020.41
170.5		2020.41
170.625		2020.41
170.75		2020.41
170.875		2020.41
171		2020.41
171.125		2020.41
171.25		2020.41
171.375		2020.41
171.5		2020.41
171.625		2020.41
171.75		2020.41
171.875		2020.41
172		2020.41
172.125		2040.82
172.25		2040.82
172.375		2040.82
172.5		2040.82
172.625		2040.82
172.75		2040.82
172.875		2040.82
173		2040.82
173.125		2040.82
173.25		2040.82
173.375		2040.82
173.5		2040.82
173.625		2040.82
173.75		2040.82
173.875		2040.82
174		2040.82
174.125		2040.82
174.25		2040.82
174.375		2040.82
174.5		2040.82
174.625		2040.82
174.75		2040.82
174.875		2040.82
175		2040.82
175.125		2040.82
175.25		2040.82
175.375		2040.82
175.5		2040.82
175.625		2040.82
175.75		2040.82
175.875		2040.82
176		2040.82
176.125		2061.22
176.25		2061.22
176.375		2061.22
176.5		2061.22
176.625		2061.22
176.75		2061.22
176.875		2061.22
177		2061.22
177.125		2061.22
177.25		2061.22
177.375		2061.22
177.5		2061.22
177.625		2061.22
177.75		2061.22
177.875		2061.22
178		2061.22
178.125		2061.22
178.25		2061.22
178.375		2061.22
178.5		2061.22
178.625		2061.22
178.75		2061.22
178.875		2061.22
179		2061.22
179.125		2081.63
179.25		2081.63
179.375		2081.63
179.5		2081.63
179.625		2081.63
179.75		2081.63
179.875		2081.63
180		2081.63
180.125		2081.63
180.25		2081.63
180.375		2081.63
180.5		2081.63
180.625		2081.63
180.75		2081.63
180.875		2081.63
181		2081.63
181.125		2102.04
181.25		2102.04
181.375		2102.04
181.5		2102.04
181.625		2102.04
181.75		2102.04
181.875		2102.04
182		2102.04
182.125		2102.04
182.25		2102.04
182.375		2102.04
182.5		2102.04
182.625		2102.04
182.75		2102.04
182.875		2102.04
183		2102.04
183.125		2122.45
183.25		2122.45
183.375		2122.45
183.5		2122.45
183.625		2122.45
183.75		2122.45
183.875		2122.45
184		2122.45
184.125		2122.45
184.25		2122.45
184.375		2122.45
184.5		2122.45
184.625		2122.45
184.75		2122.45
184.875		2122.45
185		2122.45
185.125		2142.86
185.25		2142.86
185.375		2142.86
185.5		2142.86
185.625		2142.86
185.75		2142.86
185.875		2142.86
186		2142.86
186.125		2163.27
186.25		2163.27
186.375		2163.27
186.5		2163.27
186.625		2163.27
186.75		2163.27
186.875		2163.27
187		2163.27
187.125		2163.27
187.25		2163.27
187.375		2163.27
187.5		2163.27
187.625		2163.27
187.75		2163.27
187.875		2163.27
188		2163.27
188.125		2204.08
188.25		2204.08
188.375		2204.08
188.5		2204.08
188.625		2204.08
188.75		2204.08
188.875		2204.08
189		2204.08
189.125		2204.08
189.25		2204.08
189.375		2204.08
189.5		2204.08
189.625		2204.08
189.75		2204.08
189.875		2204.08
190		2204.08
190.125		2265.31
190.25		2265.31
190.375		2265.31
190.5		2265.31
190.625		2265.31
190.75		2265.31
190.875		2265.31
191		2265.31
191.125		2265.31
191.25		2265.31
191.375		2265.31
191.5		2265.31
191.625		2265.31
191.75		2265.31
191.875		2265.31
192		2265.31
192.125		2265.31
192.25		2265.31
192.375		2265.31
192.5		2265.31
192.625		2265.31
192.75		2265.31
192.875		2265.31
193		2265.31
193.125		2265.31
193.25		2265.31
193.375		2265.31
193.5		2265.31
193.625		2265.31
193.75		2265.31
193.875		2265.31
194		2265.31
194.125		2265.31
194.25		2265.31
194.375		2265.31
194.5		2265.31
194.625		2265.31
194.75		2265.31
194.875		2265.31
195		2265.31
195.125		2265.31
195.25		2265.31
195.375		2265.31
195.5		2265.31
195.625		2265.31
195.75		2265.31
195.875		2265.31
196		2265.31
196.125		2285.71
196.25		2285.71
196.375		2285.71
196.5		2285.71
196.625		2285.71
196.75		2285.71
196.875		2285.71
197		2285.71
197.125		2285.71
197.25		2285.71
197.375		2285.71
197.5		2285.71
197.625		2285.71
197.75		2285.71
197.875		2285.71
198		2285.71
198.125		2285.71
198.25		2285.71
198.375		2285.71
198.5		2285.71
198.625		2285.71
198.75		2285.71
198.875		2285.71
199		2285.71
199.125		2285.71
199.25		2285.71
199.375		2285.71
199.5		2285.71
199.625		2285.71
199.75		2285.71
199.875		2285.71
200		2285.71
200.125		2285.71
200.25		2285.71
200.375		2285.71
200.5		2285.71
200.625		2285.71
200.75		2285.71
200.875		2285.71
201		2285.71
201.125		2306.12
201.25		2306.12
201.375		2306.12
201.5		2306.12
201.625		2306.12
201.75		2306.12
201.875		2306.12
202		2306.12
202.125		2306.12
202.25		2306.12
202.375		2306.12
202.5		2306.12
202.625		2306.12
202.75		2306.12
202.875		2306.12
203		2306.12
203.125		2306.12
203.25		2306.12
203.375		2306.12
203.5		2306.12
203.625		2306.12
203.75		2306.12
203.875		2306.12
204		2306.12
204.125		2346.94
204.25		2346.94
204.375		2346.94
204.5		2346.94
204.625		2346.94
204.75		2346.94
204.875		2346.94
205		2346.94
205.125		2346.94
205.25		2346.94
205.375		2346.94
205.5		2346.94
205.625		2346.94
205.75		2346.94
205.875		2346.94
206		2346.94
206.125		2346.94
206.25		2346.94
206.375		2346.94
206.5		2346.94
206.625		2346.94
206.75		2346.94
206.875		2346.94
207		2346.94
207.125		2367.35
207.25		2367.35
207.375		2367.35
207.5		2367.35
207.625		2367.35
207.75		2367.35
207.875		2367.35
208		2367.35
208.125		2367.35
208.25		2367.35
208.375		2367.35
208.5		2367.35
208.625		2367.35
208.75		2367.35
208.875		2367.35
209		2367.35
209.125		2367.35
209.25		2367.35
209.375		2367.35
209.5		2367.35
209.625		2367.35
209.75		2367.35
209.875		2367.35
210		2367.35
210.125		2408.16
210.25		2408.16
210.375		2408.16
210.5		2408.16
210.625		2408.16
210.75		2408.16
210.875		2408.16
211		2408.16
211.125		2408.16
211.25		2408.16
211.375		2408.16
211.5		2408.16
211.625		2408.16
211.75		2408.16
211.875		2408.16
212		2408.16
212.125		2408.16
212.25		2408.16
212.375		2408.16
212.5		2408.16
212.625		2408.16
212.75		2408.16
212.875		2408.16
213		2408.16
213.125		2428.57
213.25		2428.57
213.375		2428.57
213.5		2428.57
213.625		2428.57
213.75		2428.57
213.875		2428.57
214		2428.57
214.125		2448.98
214.25		2448.98
214.375		2448.98
214.5		2448.98
214.625		2448.98
214.75		2448.98
214.875		2448.98
215		2448.98
215.125		2489.8
215.25		2489.8
215.375		2489.8
215.5		2489.8
215.625		2489.8
215.75		2489.8
215.875		2489.8
216		2489.8
216.125		2489.8
216.25		2489.8
216.375		2489.8
216.5		2489.8
216.625		2489.8
216.75		2489.8
216.875		2489.8
217		2489.8
217.125		2510.2
217.25		2510.2
217.375		2510.2
217.5		2510.2
217.625		2510.2
217.75		2510.2
217.875		2510.2
218		2510.2
218.125		2510.2
218.25		2510.2
218.375		2510.2
218.5		2510.2
218.625		2510.2
218.75		2510.2
218.875		2510.2
219		2510.2
219.125		2551.02
219.25		2551.02
219.375		2551.02
219.5		2551.02
219.625		2551.02
219.75		2551.02
219.875		2551.02
220		2551.02
220.125		2571.43
220.25		2571.43
220.375		2571.43
220.5		2571.43
220.625		2571.43
220.75		2571.43
220.875		2571.43
221		2571.43
221.125		2571.43
221.25		2571.43
221.375		2571.43
221.5		2571.43
221.625		2571.43
221.75		2571.43
221.875		2571.43
222		2571.43
222.125		2571.43
222.25		2571.43
222.375		2571.43
222.5		2571.43
222.625		2571.43
222.75		2571.43
222.875		2571.43
223		2571.43
223.125		2571.43
223.25		2571.43
223.375		2571.43
223.5		2571.43
223.625		2571.43
223.75		2571.43
223.875		2571.43
224		2571.43
224.125		2591.84
224.25		2591.84
224.375		2591.84
224.5		2591.84
224.625		2591.84
224.75		2591.84
224.875		2591.84
225		2591.84
225.125		2612.24
225.25		2612.24
225.375		2612.24
225.5		2612.24
225.625		2612.24
225.75		2612.24
225.875		2612.24
226		2612.24
226.125		2612.24
226.25		2612.24
226.375		2612.24
226.5		2612.24
226.625		2612.24
226.75		2612.24
226.875		2612.24
227		2612.24
227.125		2632.65
227.25		2632.65
227.375		2632.65
227.5		2632.65
227.625		2632.65
227.75		2632.65
227.875		2632.65
228		2632.65
228.125		2693.88
228.25		2693.88
228.375		2693.88
228.5		2693.88
228.625		2693.88
228.75		2693.88
228.875		2693.88
229		2693.88
229.125		2693.88
229.25		2693.88
229.375		2693.88
229.5		2693.88
229.625		2693.88
229.75		2693.88
229.875		2693.88
230		2693.88
230.125		2693.88
230.25		2693.88
230.375		2693.88
230.5		2693.88
230.625		2693.88
230.75		2693.88
230.875		2693.88
231		2693.88
231.125		2714.29
231.25		2714.29
231.375		2714.29
231.5		2714.29
231.625		2714.29
231.75		2714.29
231.875		2714.29
232		2714.29
232.125		2755.1
232.25		2755.1
232.375		2755.1
232.5		2755.1
232.625		2755.1
232.75		2755.1
232.875		2755.1
233		2755.1
233.125		2755.1
233.25		2755.1
233.375		2755.1
233.5		2755.1
233.625		2755.1
233.75		2755.1
233.875		2755.1
234		2755.1
234.125		2775.51
234.25		2775.51
234.375		2775.51
234.5		2775.51
234.625		2775.51
234.75		2775.51
234.875		2775.51
235		2775.51
235.125		2795.92
235.25		2795.92
235.375		2795.92
235.5		2795.92
235.625		2795.92
235.75		2795.92
235.875		2795.92
236		2795.92
236.125		2795.92
236.25		2795.92
236.375		2795.92
236.5		2795.92
236.625		2795.92
236.75		2795.92
236.875		2795.92
237		2795.92
237.125		2795.92
237.25		2795.92
237.375		2795.92
237.5		2795.92
237.625		2795.92
237.75		2795.92
237.875		2795.92
238		2795.92
238.125		2816.33
238.25		2816.33
238.375		2816.33
238.5		2816.33
238.625		2816.33
238.75		2816.33
238.875		2816.33
239		2816.33
239.125		2816.33
239.25		2816.33
239.375		2816.33
239.5		2816.33
239.625		2816.33
239.75		2816.33
239.875		2816.33
240		2816.33
240.125		2816.33
240.25		2816.33
240.375		2816.33
240.5		2816.33
240.625		2816.33
240.75		2816.33
240.875		2816.33
241		2816.33
241.125		2836.73
241.25		2836.73
241.375		2836.73
241.5		2836.73
241.625		2836.73
241.75		2836.73
241.875		2836.73
242		2836.73
242.125		2857.14
242.25		2857.14
242.375		2857.14
242.5		2857.14
242.625		2857.14
242.75		2857.14
242.875		2857.14
243		2857.14
243.125		2857.14
243.25		2857.14
243.375		2857.14
243.5		2857.14
243.625		2857.14
243.75		2857.14
243.875		2857.14
244		2857.14
244.125		2857.14
244.25		2857.14
244.375		2857.14
244.5		2857.14
244.625		2857.14
244.75		2857.14
244.875		2857.14
245		2857.14
245.125		2857.14
245.25		2857.14
245.375		2857.14
245.5		2857.14
245.625		2857.14
245.75		2857.14
245.875		2857.14
246		2857.14
246.125		2857.14
246.25		2857.14
246.375		2857.14
246.5		2857.14
246.625		2857.14
246.75		2857.14
246.875		2857.14
247		2857.14
247.125		2857.14
247.25		2857.14
247.375		2857.14
247.5		2857.14
247.625		2857.14
247.75		2857.14
247.875		2857.14
248		2857.14
248.125		2857.14
248.25		2857.14
248.375		2857.14
248.5		2857.14
248.625		2857.14
248.75		2857.14
248.875		2857.14
249		2857.14
249.125		2857.14
249.25		2857.14
249.375		2857.14
249.5		2857.14
249.625		2857.14
249.75		2857.14
249.875		2857.14
250		2857.14
250.125		2877.55
250.25		2877.55
250.375		2877.55
250.5		2877.55
250.625		2877.55
250.75		2877.55
250.875		2877.55
251		2877.55
251.125		2877.55
251.25		2877.55
251.375		2877.55
251.5		2877.55
251.625		2877.55
251.75		2877.55
251.875		2877.55
252		2877.55
252.125		2897.96
252.25		2897.96
252.375		2897.96
252.5		2897.96
252.625		2897.96
252.75		2897.96
252.875		2897.96
253		2897.96
253.125		2918.37
253.25		2918.37
253.375		2918.37
253.5		2918.37
253.625		2918.37
253.75		2918.37
253.875		2918.37
254		2918.37
254.125		2938.78
254.25		2938.78
254.375		2938.78
254.5		2938.78
254.625		2938.78
254.75		2938.78
254.875		2938.78
255		2938.78
255.125		2938.78
255.25		2938.78
255.375		2938.78
255.5		2938.78
255.625		2938.78
255.75		2938.78
255.875		2938.78
256		2938.78
256.125		2938.78
256.25		2938.78
256.375		2938.78
256.5		2938.78
256.625		2938.78
256.75		2938.78
256.875		2938.78
257		2938.78
257.125		2938.78
257.25		2938.78
257.375		2938.78
257.5		2938.78
257.625		2938.78
257.75		2938.78
257.875		2938.78
258		2938.78
258.125		2979.59
258.25		2979.59
258.375		2979.59
258.5		2979.59
258.625		2979.59
258.75		2979.59
258.875		2979.59
259		2979.59
259.125		2979.59
259.25		2979.59
259.375		2979.59
259.5		2979.59
259.625		2979.59
259.75		2979.59
259.875		2979.59
260		2979.59
260.125		3000
260.25		3000
260.375		3000
260.5		3000
260.625		3000
260.75		3000
260.875		3000
261		3000
261.125		3020.41
261.25		3020.41
261.375		3020.41
261.5		3020.41
261.625		3020.41
261.75		3020.41
261.875		3020.41
262		3020.41
262.125		3020.41
262.25		3020.41
262.375		3020.41
262.5		3020.41
262.625		3020.41
262.75		3020.41
262.875		3020.41
263		3020.41
263.125		3020.41
263.25		3020.41
263.375		3020.41
263.5		3020.41
263.625		3020.41
263.75		3020.41
263.875		3020.41
264		3020.41
264.125		3020.41
264.25		3020.41
264.375		3020.41
264.5		3020.41
264.625		3020.41
264.75		3020.41
264.875		3020.41
265		3020.41
265.125		3040.82
265.25		3040.82
265.375		3040.82
265.5		3040.82
265.625		3040.82
265.75		3040.82
265.875		3040.82
266		3040.82
266.125		3102.04
266.25		3102.04
266.375		3102.04
266.5		3102.04
266.625		3102.04
266.75		3102.04
266.875		3102.04
267		3102.04
267.125		3102.04
267.25		3102.04
267.375		3102.04
267.5		3102.04
267.625		3102.04
267.75		3102.04
267.875		3102.04
268		3102.04
268.125		3122.45
268.25		3122.45
268.375		3122.45
268.5		3122.45
268.625		3122.45
268.75		3122.45
268.875		3122.45
269		3122.45
269.125		3142.86
269.25		3142.86
269.375		3142.86
269.5		3142.86
269.625		3142.86
269.75		3142.86
269.875		3142.86
270		3142.86
270.125		3163.27
270.25		3163.27
270.375		3163.27
270.5		3163.27
270.625		3163.27
270.75		3163.27
270.875		3163.27
271		3163.27
271.125		3163.27
271.25		3163.27
271.375		3163.27
271.5		3163.27
271.625		3163.27
271.75		3163.27
271.875		3163.27
272		3163.27
272.125		3163.27
272.25		3163.27
272.375		3163.27
272.5		3163.27
272.625		3163.27
272.75		3163.27
272.875		3163.27
273		3163.27
273.125		3163.27
273.25		3163.27
273.375		3163.27
273.5		3163.27
273.625		3163.27
273.75		3163.27
273.875		3163.27
274		3163.27
274.125		3183.67
274.25		3183.67
274.375		3183.67
274.5		3183.67
274.625		3183.67
274.75		3183.67
274.875		3183.67
275		3183.67
275.125		3183.67
275.25		3183.67
275.375		3183.67
275.5		3183.67
275.625		3183.67
275.75		3183.67
275.875		3183.67
276		3183.67
276.125		3204.08
276.25		3204.08
276.375		3204.08
276.5		3204.08
276.625		3204.08
276.75		3204.08
276.875		3204.08
277		3204.08
277.125		3224.49
277.25		3224.49
277.375		3224.49
277.5		3224.49
277.625		3224.49
277.75		3224.49
277.875		3224.49
278		3224.49
278.125		3224.49
278.25		3224.49
278.375		3224.49
278.5		3224.49
278.625		3224.49
278.75		3224.49
278.875		3224.49
279		3224.49
279.125		3224.49
279.25		3224.49
279.375		3224.49
279.5		3224.49
279.625		3224.49
279.75		3224.49
279.875		3224.49
280		3224.49
280.125		3244.9
280.25		3244.9
280.375		3244.9
280.5		3244.9
280.625		3244.9
280.75		3244.9
280.875		3244.9
281		3244.9
281.125		3244.9
281.25		3244.9
281.375		3244.9
281.5		3244.9
281.625		3244.9
281.75		3244.9
281.875		3244.9
282		3244.9
282.125		3244.9
282.25		3244.9
282.375		3244.9
282.5		3244.9
282.625		3244.9
282.75		3244.9
282.875		3244.9
283		3244.9
283.125		3265.31
283.25		3265.31
283.375		3265.31
283.5		3265.31
283.625		3265.31
283.75		3265.31
283.875		3265.31
284		3265.31
284.125		3265.31
284.25		3265.31
284.375		3265.31
284.5		3265.31
284.625		3265.31
284.75		3265.31
284.875		3265.31
285		3265.31
285.125		3265.31
285.25		3265.31
285.375		3265.31
285.5		3265.31
285.625		3265.31
285.75		3265.31
285.875		3265.31
286		3265.31
286.125		3265.31
286.25		3265.31
286.375		3265.31
286.5		3265.31
286.625		3265.31
286.75		3265.31
286.875		3265.31
287		3265.31
287.125		3285.71
287.25		3285.71
287.375		3285.71
287.5		3285.71
287.625		3285.71
287.75		3285.71
287.875		3285.71
288		3285.71
288.125		3285.71
288.25		3285.71
288.375		3285.71
288.5		3285.71
288.625		3285.71
288.75		3285.71
288.875		3285.71
289		3285.71
289.125		3285.71
289.25		3285.71
289.375		3285.71
289.5		3285.71
289.625		3285.71
289.75		3285.71
289.875		3285.71
290		3285.71
290.125		3285.71
290.25		3285.71
290.375		3285.71
290.5		3285.71
290.625		3285.71
290.75		3285.71
290.875		3285.71
291		3285.71
291.125		3306.12
291.25		3306.12
291.375		3306.12
291.5		3306.12
291.625		3306.12
291.75		3306.12
291.875		3306.12
292		3306.12
292.125		3326.53
292.25		3326.53
292.375		3326.53
292.5		3326.53
292.625		3326.53
292.75		3326.53
292.875		3326.53
293		3326.53
293.125		3326.53
293.25		3326.53
293.375		3326.53
293.5		3326.53
293.625		3326.53
293.75		3326.53
293.875		3326.53
294		3326.53
294.125		3346.94
294.25		3346.94
294.375		3346.94
294.5		3346.94
294.625		3346.94
294.75		3346.94
294.875		3346.94
295		3346.94
295.125		3367.35
295.25		3367.35
295.375		3367.35
295.5		3367.35
295.625		3367.35
295.75		3367.35
295.875		3367.35
296		3367.35
296.125		3408.16
296.25		3408.16
296.375		3408.16
296.5		3408.16
296.625		3408.16
296.75		3408.16
296.875		3408.16
297		3408.16
297.125		3408.16
297.25		3408.16
297.375		3408.16
297.5		3408.16
297.625		3408.16
297.75		3408.16
297.875		3408.16
298		3408.16
298.125		3408.16
298.25		3408.16
298.375		3408.16
298.5		3408.16
298.625		3408.16
298.75		3408.16
298.875		3408.16
299		3408.16
299.125		3408.16
299.25		3408.16
299.375		3408.16
299.5		3408.16
299.625		3408.16
299.75		3408.16
299.875		3408.16
300		3408.16
300.125		3428.57
300.25		3428.57
300.375		3428.57
300.5		3428.57
300.625		3428.57
300.75		3428.57
300.875		3428.57
301		3428.57
301.125		3428.57
301.25		3428.57
301.375		3428.57
301.5		3428.57
301.625		3428.57
301.75		3428.57
301.875		3428.57
302		3428.57
302.125		3469.39
302.25		3469.39
302.375		3469.39
302.5		3469.39
302.625		3469.39
302.75		3469.39
302.875		3469.39
303		3469.39
303.125		3469.39
303.25		3469.39
303.375		3469.39
303.5		3469.39
303.625		3469.39
303.75		3469.39
303.875		3469.39
304		3469.39
304.125		3489.8
304.25		3489.8
304.375		3489.8
304.5		3489.8
304.625		3489.8
304.75		3489.8
304.875		3489.8
305		3489.8
305.125		3530.61
305.25		3530.61
305.375		3530.61
305.5		3530.61
305.625		3530.61
305.75		3530.61
305.875		3530.61
306		3530.61
306.125		3530.61
306.25		3530.61
306.375		3530.61
306.5		3530.61
306.625		3530.61
306.75		3530.61
306.875		3530.61
307		3530.61
307.125		3530.61
307.25		3530.61
307.375		3530.61
307.5		3530.61
307.625		3530.61
307.75		3530.61
307.875		3530.61
308		3530.61
308.125		3571.43
308.25		3571.43
308.375		3571.43
308.5		3571.43
308.625		3571.43
308.75		3571.43
308.875		3571.43
309		3571.43
309.125		3632.65
309.25		3632.65
309.375		3632.65
309.5		3632.65
309.625		3632.65
309.75		3632.65
309.875		3632.65
310		3632.65
310.125		3632.65
310.25		3632.65
310.375		3632.65
310.5		3632.65
310.625		3632.65
310.75		3632.65
310.875		3632.65
311		3632.65
311.125		3653.06
311.25		3653.06
311.375		3653.06
311.5		3653.06
311.625		3653.06
311.75		3653.06
311.875		3653.06
312		3653.06
312.125		3673.47
312.25		3673.47
312.375		3673.47
312.5		3673.47
312.625		3673.47
312.75		3673.47
312.875		3673.47
313		3673.47
313.125		3673.47
313.25		3673.47
313.375		3673.47
313.5		3673.47
313.625		3673.47
313.75		3673.47
313.875		3673.47
314		3673.47
314.125		3673.47
314.25		3673.47
314.375		3673.47
314.5		3673.47
314.625		3673.47
314.75		3673.47
314.875		3673.47
315		3673.47
315.125		3673.47
315.25		3673.47
315.375		3673.47
315.5		3673.47
315.625		3673.47
315.75		3673.47
315.875		3673.47
316		3673.47
316.125		3714.29
316.25		3714.29
316.375		3714.29
316.5		3714.29
316.625		3714.29
316.75		3714.29
316.875		3714.29
317		3714.29
317.125		3714.29
317.25		3714.29
317.375		3714.29
317.5		3714.29
317.625		3714.29
317.75		3714.29
317.875		3714.29
318		3714.29
318.125		3714.29
318.25		3714.29
318.375		3714.29
318.5		3714.29
318.625		3714.29
318.75		3714.29
318.875		3714.29
319		3714.29
319.125		3714.29
319.25		3714.29
319.375		3714.29
319.5		3714.29
319.625		3714.29
319.75		3714.29
319.875		3714.29
320		3714.29
320.125		3714.29
320.25		3714.29
320.375		3714.29
320.5		3714.29
320.625		3714.29
320.75		3714.29
320.875		3714.29
321		3714.29
321.125		3714.29
321.25		3714.29
321.375		3714.29
321.5		3714.29
321.625		3714.29
321.75		3714.29
321.875		3714.29
322		3714.29
322.125		3714.29
322.25		3714.29
322.375		3714.29
322.5		3714.29
322.625		3714.29
322.75		3714.29
322.875		3714.29
323		3714.29
323.125		3734.69
323.25		3734.69
323.375		3734.69
323.5		3734.69
323.625		3734.69
323.75		3734.69
323.875		3734.69
324		3734.69
324.125		3734.69
324.25		3734.69
324.375		3734.69
324.5		3734.69
324.625		3734.69
324.75		3734.69
324.875		3734.69
325		3734.69
325.125		3734.69
325.25		3734.69
325.375		3734.69
325.5		3734.69
325.625		3734.69
325.75		3734.69
325.875		3734.69
326		3734.69
326.125		3734.69
326.25		3734.69
326.375		3734.69
326.5		3734.69
326.625		3734.69
326.75		3734.69
326.875		3734.69
327		3734.69
327.125		3734.69
327.25		3734.69
327.375		3734.69
327.5		3734.69
327.625		3734.69
327.75		3734.69
327.875		3734.69
328		3734.69
328.125		3734.69
328.25		3734.69
328.375		3734.69
328.5		3734.69
328.625		3734.69
328.75		3734.69
328.875		3734.69
329		3734.69
329.125		3734.69
329.25		3734.69
329.375		3734.69
329.5		3734.69
329.625		3734.69
329.75		3734.69
329.875		3734.69
330		3734.69
330.125		3755.1
330.25		3755.1
330.375		3755.1
330.5		3755.1
330.625		3755.1
330.75		3755.1
330.875		3755.1
331		3755.1
331.125		3775.51
331.25		3775.51
331.375		3775.51
331.5		3775.51
331.625		3775.51
331.75		3775.51
331.875		3775.51
332		3775.51
332.125		3775.51
332.25		3775.51
332.375		3775.51
332.5		3775.51
332.625		3775.51
332.75		3775.51
332.875		3775.51
333		3775.51
333.125		3795.92
333.25		3795.92
333.375		3795.92
333.5		3795.92
333.625		3795.92
333.75		3795.92
333.875		3795.92
334		3795.92
334.125		3795.92
334.25		3795.92
334.375		3795.92
334.5		3795.92
334.625		3795.92
334.75		3795.92
334.875		3795.92
335		3795.92
335.125		3795.92
335.25		3795.92
335.375		3795.92
335.5		3795.92
335.625		3795.92
335.75		3795.92
335.875		3795.92
336		3795.92
336.125		3795.92
336.25		3795.92
336.375		3795.92
336.5		3795.92
336.625		3795.92
336.75		3795.92
336.875		3795.92
337		3795.92
337.125		3857.14
337.25		3857.14
337.375		3857.14
337.5		3857.14
337.625		3857.14
337.75		3857.14
337.875		3857.14
338		3857.14
338.125		3857.14
338.25		3857.14
338.375		3857.14
338.5		3857.14
338.625		3857.14
338.75		3857.14
338.875		3857.14
339		3857.14
339.125		3857.14
339.25		3857.14
339.375		3857.14
339.5		3857.14
339.625		3857.14
339.75		3857.14
339.875		3857.14
340		3857.14
340.125		3857.14
340.25		3857.14
340.375		3857.14
340.5		3857.14
340.625		3857.14
340.75		3857.14
340.875		3857.14
341		3857.14
341.125		3857.14
341.25		3857.14
341.375		3857.14
341.5		3857.14
341.625		3857.14
341.75		3857.14
341.875		3857.14
342		3857.14
342.125		3857.14
342.25		3857.14
342.375		3857.14
342.5		3857.14
342.625		3857.14
342.75		3857.14
342.875		3857.14
343		3857.14
343.125		3897.96
343.25		3897.96
343.375		3897.96
343.5		3897.96
343.625		3897.96
343.75		3897.96
343.875		3897.96
344		3897.96
344.125		3918.37
344.25		3918.37
344.375		3918.37
344.5		3918.37
344.625		3918.37
344.75		3918.37
344.875		3918.37
345		3918.37
345.125		3918.37
345.25		3918.37
345.375		3918.37
345.5		3918.37
345.625		3918.37
345.75		3918.37
345.875		3918.37
346		3918.37
346.125		3938.78
346.25		3938.78
346.375		3938.78
346.5		3938.78
346.625		3938.78
346.75		3938.78
346.875		3938.78
347		3938.78
347.125		3938.78
347.25		3938.78
347.375		3938.78
347.5		3938.78
347.625		3938.78
347.75		3938.78
347.875		3938.78
348		3938.78
348.125		3979.59
348.25		3979.59
348.375		3979.59
348.5		3979.59
348.625		3979.59
348.75		3979.59
348.875		3979.59
349		3979.59
349.125		3979.59
349.25		3979.59
349.375		3979.59
349.5		3979.59
349.625		3979.59
349.75		3979.59
349.875		3979.59
350		3979.59
350.125		3979.59
350.25		3979.59
350.375		3979.59
350.5		3979.59
350.625		3979.59
350.75		3979.59
350.875		3979.59
351		3979.59
351.125		4020.41
351.25		4020.41
351.375		4020.41
351.5		4020.41
351.625		4020.41
351.75		4020.41
351.875		4020.41
352		4020.41
352.125		4061.22
352.25		4061.22
352.375		4061.22
352.5		4061.22
352.625		4061.22
352.75		4061.22
352.875		4061.22
353		4061.22
353.125		4081.63
353.25		4081.63
353.375		4081.63
353.5		4081.63
353.625		4081.63
353.75		4081.63
353.875		4081.63
354		4081.63
354.125		4081.63
354.25		4081.63
354.375		4081.63
354.5		4081.63
354.625		4081.63
354.75		4081.63
354.875		4081.63
355		4081.63
355.125		4102.04
355.25		4102.04
355.375		4102.04
355.5		4102.04
355.625		4102.04
355.75		4102.04
355.875		4102.04
356		4102.04
356.125		4102.04
356.25		4102.04
356.375		4102.04
356.5		4102.04
356.625		4102.04
356.75		4102.04
356.875		4102.04
357		4102.04
357.125		4142.86
357.25		4142.86
357.375		4142.86
357.5		4142.86
357.625		4142.86
357.75		4142.86
357.875		4142.86
358		4142.86
358.125		4163.27
358.25		4163.27
358.375		4163.27
358.5		4163.27
358.625		4163.27
358.75		4163.27
358.875		4163.27
359		4163.27
359.125		4163.27
359.25		4163.27
359.375		4163.27
359.5		4163.27
359.625		4163.27
359.75		4163.27
359.875		4163.27
360		4163.27
360.125		4163.27
360.25		4163.27
360.375		4163.27
360.5		4163.27
360.625		4163.27
360.75		4163.27
360.875		4163.27
361		4163.27
361.125		4163.27
361.25		4163.27
361.375		4163.27
361.5		4163.27
361.625		4163.27
361.75		4163.27
361.875		4163.27
362		4163.27
362.125		4183.67
362.25		4183.67
362.375		4183.67
362.5		4183.67
362.625		4183.67
362.75		4183.67
362.875		4183.67
363		4183.67
363.125		4183.67
363.25		4183.67
363.375		4183.67
363.5		4183.67
363.625		4183.67
363.75		4183.67
363.875		4183.67
364		4183.67
364.125		4183.67
364.25		4183.67
364.375		4183.67
364.5		4183.67
364.625		4183.67
364.75		4183.67
364.875		4183.67
365		4183.67
365.125		4183.67
365.25		4183.67
365.375		4183.67
365.5		4183.67
365.625		4183.67
365.75		4183.67
365.875		4183.67
366		4183.67
366.125		4183.67
366.25		4183.67
366.375		4183.67
366.5		4183.67
366.625		4183.67
366.75		4183.67
366.875		4183.67
367		4183.67
367.125		4224.49
367.25		4224.49
367.375		4224.49
367.5		4224.49
367.625		4224.49
367.75		4224.49
367.875		4224.49
368		4224.49
368.125		4224.49
368.25		4224.49
368.375		4224.49
368.5		4224.49
368.625		4224.49
368.75		4224.49
368.875		4224.49
369		4224.49
369.125		4265.31
369.25		4265.31
369.375		4265.31
369.5		4265.31
369.625		4265.31
369.75		4265.31
369.875		4265.31
370		4265.31
370.125		4285.71
370.25		4285.71
370.375		4285.71
370.5		4285.71
370.625		4285.71
370.75		4285.71
370.875		4285.71
371		4285.71
371.125		4285.71
371.25		4285.71
371.375		4285.71
371.5		4285.71
371.625		4285.71
371.75		4285.71
371.875		4285.71
372		4285.71
372.125		4306.12
372.25		4306.12
372.375		4306.12
372.5		4306.12
372.625		4306.12
372.75		4306.12
372.875		4306.12
373		4306.12
373.125		4306.12
373.25		4306.12
373.375		4306.12
373.5		4306.12
373.625		4306.12
373.75		4306.12
373.875		4306.12
374		4306.12
374.125		4306.12
374.25		4306.12
374.375		4306.12
374.5		4306.12
374.625		4306.12
374.75		4306.12
374.875		4306.12
375		4306.12
375.125		4306.12
375.25		4306.12
375.375		4306.12
375.5		4306.12
375.625		4306.12
375.75		4306.12
375.875		4306.12
376		4306.12
376.125		4346.94
376.25		4346.94
376.375		4346.94
376.5		4346.94
376.625		4346.94
376.75		4346.94
376.875		4346.94
377		4346.94
377.125		4367.35
377.25		4367.35
377.375		4367.35
377.5		4367.35
377.625		4367.35
377.75		4367.35
377.875		4367.35
378		4367.35
378.125		4367.35
378.25		4367.35
378.375		4367.35
378.5		4367.35
378.625		4367.35
378.75		4367.35
378.875		4367.35
379		4367.35
379.125		4367.35
379.25		4367.35
379.375		4367.35
379.5		4367.35
379.625		4367.35
379.75		4367.35
379.875		4367.35
380		4367.35
380.125		4367.35
380.25		4367.35
380.375		4367.35
380.5		4367.35
380.625		4367.35
380.75		4367.35
380.875		4367.35
381		4367.35
381.125		4367.35
381.25		4367.35
381.375		4367.35
381.5		4367.35
381.625		4367.35
381.75		4367.35
381.875		4367.35
382		4367.35
382.125		4367.35
382.25		4367.35
382.375		4367.35
382.5		4367.35
382.625		4367.35
382.75		4367.35
382.875		4367.35
383		4367.35
383.125		4367.35
383.25		4367.35
383.375		4367.35
383.5		4367.35
383.625		4367.35
383.75		4367.35
383.875		4367.35
384		4367.35
384.125		4408.16
384.25		4408.16
384.375		4408.16
384.5		4408.16
384.625		4408.16
384.75		4408.16
384.875		4408.16
385		4408.16
385.125		4408.16
385.25		4408.16
385.375		4408.16
385.5		4408.16
385.625		4408.16
385.75		4408.16
385.875		4408.16
386		4408.16
386.125		4408.16
386.25		4408.16
386.375		4408.16
386.5		4408.16
386.625		4408.16
386.75		4408.16
386.875		4408.16
387		4408.16
387.125		4408.16
387.25		4408.16
387.375		4408.16
387.5		4408.16
387.625		4408.16
387.75		4408.16
387.875		4408.16
388		4408.16
388.125		4408.16
388.25		4408.16
388.375		4408.16
388.5		4408.16
388.625		4408.16
388.75		4408.16
388.875		4408.16
389		4408.16
389.125		4408.16
389.25		4408.16
389.375		4408.16
389.5		4408.16
389.625		4408.16
389.75		4408.16
389.875		4408.16
390		4408.16
390.125		4408.16
390.25		4408.16
390.375		4408.16
390.5		4408.16
390.625		4408.16
390.75		4408.16
390.875		4408.16
391		4408.16
391.125		4408.16
391.25		4408.16
391.375		4408.16
391.5		4408.16
391.625		4408.16
391.75		4408.16
391.875		4408.16
392		4408.16
392.125		4408.16
392.25		4408.16
392.375		4408.16
392.5		4408.16
392.625		4408.16
392.75		4408.16
392.875		4408.16
393		4408.16
393.125		4428.57
393.25		4428.57
393.375		4428.57
393.5		4428.57
393.625		4428.57
393.75		4428.57
393.875		4428.57
394		4428.57
394.125		4428.57
394.25		4428.57
394.375		4428.57
394.5		4428.57
394.625		4428.57
394.75		4428.57
394.875		4428.57
395		4428.57
395.125		4448.98
395.25		4448.98
395.375		4448.98
395.5		4448.98
395.625		4448.98
395.75		4448.98
395.875		4448.98
396		4448.98
396.125		4448.98
396.25		4448.98
396.375		4448.98
396.5		4448.98
396.625		4448.98
396.75		4448.98
396.875		4448.98
397		4448.98
397.125		4448.98
397.25		4448.98
397.375		4448.98
397.5		4448.98
397.625		4448.98
397.75		4448.98
397.875		4448.98
398		4448.98
398.125		4448.98
398.25		4448.98
398.375		4448.98
398.5		4448.98
398.625		4448.98
398.75		4448.98
398.875		4448.98
399		4448.98
399.125		4448.98
399.25		4448.98
399.375		4448.98
399.5		4448.98
399.625		4448.98
399.75		4448.98
399.875		4448.98
400		4448.98
400.125		4448.98
400.25		4448.98
400.375		4448.98
400.5		4448.98
400.625		4448.98
400.75		4448.98
400.875		4448.98
401		4448.98
401.125		4469.39
401.25		4469.39
401.375		4469.39
401.5		4469.39
401.625		4469.39
401.75		4469.39
401.875		4469.39
402		4469.39
402.125		4469.39
402.25		4469.39
402.375		4469.39
402.5		4469.39
402.625		4469.39
402.75		4469.39
402.875		4469.39
403		4469.39
403.125		4469.39
403.25		4469.39
403.375		4469.39
403.5		4469.39
403.625		4469.39
403.75		4469.39
403.875		4469.39
404		4469.39
404.125		4469.39
404.25		4469.39
404.375		4469.39
404.5		4469.39
404.625		4469.39
404.75		4469.39
404.875		4469.39
405		4469.39
405.125		4469.39
405.25		4469.39
405.375		4469.39
405.5		4469.39
405.625		4469.39
405.75		4469.39
405.875		4469.39
406		4469.39
406.125		4469.39
406.25		4469.39
406.375		4469.39
406.5		4469.39
406.625		4469.39
406.75		4469.39
406.875		4469.39
407		4469.39
407.125		4469.39
407.25		4469.39
407.375		4469.39
407.5		4469.39
407.625		4469.39
407.75		4469.39
407.875		4469.39
408		4469.39
408.125		4489.8
408.25		4489.8
408.375		4489.8
408.5		4489.8
408.625		4489.8
408.75		4489.8
408.875		4489.8
409		4489.8
409.125		4510.2
409.25		4510.2
409.375		4510.2
409.5		4510.2
409.625		4510.2
409.75		4510.2
409.875		4510.2
410		4510.2
410.125		4551.02
410.25		4551.02
410.375		4551.02
410.5		4551.02
410.625		4551.02
410.75		4551.02
410.875		4551.02
411		4551.02
411.125		4571.43
411.25		4571.43
411.375		4571.43
411.5		4571.43
411.625		4571.43
411.75		4571.43
411.875		4571.43
412		4571.43
412.125		4571.43
412.25		4571.43
412.375		4571.43
412.5		4571.43
412.625		4571.43
412.75		4571.43
412.875		4571.43
413		4571.43
413.125		4571.43
413.25		4571.43
413.375		4571.43
413.5		4571.43
413.625		4571.43
413.75		4571.43
413.875		4571.43
414		4571.43
414.125		4591.84
414.25		4591.84
414.375		4591.84
414.5		4591.84
414.625		4591.84
414.75		4591.84
414.875		4591.84
415		4591.84
415.125		4591.84
415.25		4591.84
415.375		4591.84
415.5		4591.84
415.625		4591.84
415.75		4591.84
415.875		4591.84
416		4591.84
416.125		4591.84
416.25		4591.84
416.375		4591.84
416.5		4591.84
416.625		4591.84
416.75		4591.84
416.875		4591.84
417		4591.84
417.125		4612.24
417.25		4612.24
417.375		4612.24
417.5		4612.24
417.625		4612.24
417.75		4612.24
417.875		4612.24
418		4612.24
418.125		4632.65
418.25		4632.65
418.375		4632.65
418.5		4632.65
418.625		4632.65
418.75		4632.65
418.875		4632.65
419		4632.65
419.125		4653.06
419.25		4653.06
419.375		4653.06
419.5		4653.06
419.625		4653.06
419.75		4653.06
419.875		4653.06
420		4653.06
420.125		4653.06
420.25		4653.06
420.375		4653.06
420.5		4653.06
420.625		4653.06
420.75		4653.06
420.875		4653.06
421		4653.06
421.125		4653.06
421.25		4653.06
421.375		4653.06
421.5		4653.06
421.625		4653.06
421.75		4653.06
421.875		4653.06
422		4653.06
422.125		4653.06
422.25		4653.06
422.375		4653.06
422.5		4653.06
422.625		4653.06
422.75		4653.06
422.875		4653.06
423		4653.06
423.125		4653.06
423.25		4653.06
423.375		4653.06
423.5		4653.06
423.625		4653.06
423.75		4653.06
423.875		4653.06
424		4653.06
424.125		4653.06
424.25		4653.06
424.375		4653.06
424.5		4653.06
424.625		4653.06
424.75		4653.06
424.875		4653.06
425		4653.06
425.125		4653.06
425.25		4653.06
425.375		4653.06
425.5		4653.06
425.625		4653.06
425.75		4653.06
425.875		4653.06
426		4653.06
426.125		4673.47
426.25		4673.47
426.375		4673.47
426.5		4673.47
426.625		4673.47
426.75		4673.47
426.875		4673.47
427		4673.47
427.125		4673.47
427.25		4673.47
427.375		4673.47
427.5		4673.47
427.625		4673.47
427.75		4673.47
427.875		4673.47
428		4673.47
428.125		4714.29
428.25		4714.29
428.375		4714.29
428.5		4714.29
428.625		4714.29
428.75		4714.29
428.875		4714.29
429		4714.29
429.125		4714.29
429.25		4714.29
429.375		4714.29
429.5		4714.29
429.625		4714.29
429.75		4714.29
429.875		4714.29
430		4714.29
430.125		4734.69
430.25		4734.69
430.375		4734.69
430.5		4734.69
430.625		4734.69
430.75		4734.69
430.875		4734.69
431		4734.69
431.125		4734.69
431.25		4734.69
431.375		4734.69
431.5		4734.69
431.625		4734.69
431.75		4734.69
431.875		4734.69
432		4734.69
432.125		4755.1
432.25		4755.1
432.375		4755.1
432.5		4755.1
432.625		4755.1
432.75		4755.1
432.875		4755.1
433		4755.1
433.125		4755.1
433.25		4755.1
433.375		4755.1
433.5		4755.1
433.625		4755.1
433.75		4755.1
433.875		4755.1
434		4755.1
434.125		4755.1
434.25		4755.1
434.375		4755.1
434.5		4755.1
434.625		4755.1
434.75		4755.1
434.875		4755.1
435		4755.1
435.125		4755.1
435.25		4755.1
435.375		4755.1
435.5		4755.1
435.625		4755.1
435.75		4755.1
435.875		4755.1
436		4755.1
436.125		4775.51
436.25		4775.51
436.375		4775.51
436.5		4775.51
436.625		4775.51
436.75		4775.51
436.875		4775.51
437		4775.51
437.125		4775.51
437.25		4775.51
437.375		4775.51
437.5		4775.51
437.625		4775.51
437.75		4775.51
437.875		4775.51
438		4775.51
438.125		4816.33
438.25		4816.33
438.375		4816.33
438.5		4816.33
438.625		4816.33
438.75		4816.33
438.875		4816.33
439		4816.33
439.125		4816.33
439.25		4816.33
439.375		4816.33
439.5		4816.33
439.625		4816.33
439.75		4816.33
439.875		4816.33
440		4816.33
440.125		4816.33
440.25		4816.33
440.375		4816.33
440.5		4816.33
440.625		4816.33
440.75		4816.33
440.875		4816.33
441		4816.33
441.125		4857.14
441.25		4857.14
441.375		4857.14
441.5		4857.14
441.625		4857.14
441.75		4857.14
441.875		4857.14
442		4857.14
442.125		4857.14
442.25		4857.14
442.375		4857.14
442.5		4857.14
442.625		4857.14
442.75		4857.14
442.875		4857.14
443		4857.14
443.125		4857.14
443.25		4857.14
443.375		4857.14
443.5		4857.14
443.625		4857.14
443.75		4857.14
443.875		4857.14
444		4857.14
444.125		4897.96
444.25		4897.96
444.375		4897.96
444.5		4897.96
444.625		4897.96
444.75		4897.96
444.875		4897.96
445		4897.96
445.125		4897.96
445.25		4897.96
445.375		4897.96
445.5		4897.96
445.625		4897.96
445.75		4897.96
445.875		4897.96
446		4897.96
446.125		4938.78
446.25		4938.78
446.375		4938.78
446.5		4938.78
446.625		4938.78
446.75		4938.78
446.875		4938.78
447		4938.78
447.125		4959.18
447.25		4959.18
447.375		4959.18
447.5		4959.18
447.625		4959.18
447.75		4959.18
447.875		4959.18
448		4959.18
448.125		4959.18
448.25		4959.18
448.375		4959.18
448.5		4959.18
448.625		4959.18
448.75		4959.18
448.875		4959.18
449		4959.18
449.125		4959.18
449.25		4959.18
449.375		4959.18
449.5		4959.18
449.625		4959.18
449.75		4959.18
449.875		4959.18
450		4959.18
450.125		4979.59
450.25		4979.59
450.375		4979.59
450.5		4979.59
450.625		4979.59
450.75		4979.59
450.875		4979.59
451		4979.59
451.125		0
451.25		0
451.375		0
451.5		0
451.625		0
451.75		0
451.875		0
452		0
452.125		0
452.25		0
452.375		0
452.5		0
452.625		0
452.75		0
452.875		0
453		0
453.125		0
453.25		0
453.375		0
453.5		0
453.625		0
453.75		0
453.875		0
454		0
454.125		0
454.25		0
454.375		0
454.5		0
454.625		0
454.75		0
454.875		0
455		0
455.125		0
455.25		0
455.375		0
455.5		0
455.625		0
455.75		0
455.875		0
456		0
456.125		0
456.25		0
456.375		0
456.5		0
456.625		0
456.75		0
456.875		0
457		0
457.125		0
457.25		0
457.375		0
457.5		0
457.625		0
457.75		0
457.875		0
458		0
458.125		0
458.25		0
458.375		0
458.5		0
458.625		0
458.75		0
458.875		0
459		0
459.125		0
459.25		0
459.375		0
459.5		0
459.625		0
459.75		0
459.875		0
460		0
460.125		0
460.25		0
460.375		0
460.5		0
460.625		0
460.75		0
460.875		0
461		0
461.125		0
461.25		0
461.375		0
461.5		0
461.625		0
461.75		0
461.875		0
462		0
462.125		0
462.25		0
462.375		0
462.5		0
462.625		0
462.75		0
462.875		0
463		0
463.125		0
463.25		0
463.375		0
463.5		0
463.625		0
463.75		0
463.875		0
464		0
464.125		0
464.25		0
464.375		0
464.5		0
464.625		0
464.75		0
464.875		0
465		0
465.125		0
465.25		0
465.375		0
465.5		0
465.625		0
465.75		0
465.875		0
466		0
466.125		0
466.25		0
466.375		0
466.5		0
466.625		0
466.75		0
466.875		0
467		0
467.125		0
467.25		0
467.375		0
467.5		0
467.625		0
467.75		0
467.875		0
468		0
468.125		0
468.25		0
468.375		0
468.5		0
468.625		0
468.75		0
468.875		0
469		0
469.125		0
469.25		0
469.375		0
469.5		0
469.625		0
469.75		0
469.875		0
470		0
470.125		0
470.25		0
470.375		0
470.5		0
470.625		0
470.75		0
470.875		0
471		0
471.125		0
471.25		0
471.375		0
471.5		0
471.625		0
471.75		0
471.875		0
472		0
472.125		0
472.25		0
472.375		0
472.5		0
472.625		0
472.75		0
472.875		0
473		0
473.125		0
473.25		0
473.375		0
473.5		0
473.625		0
473.75		0
473.875		0
474		0
474.125		0
474.25		0
474.375		0
474.5		0
474.625		0
474.75		0
474.875		0
475		0
475.125		0
475.25		0
475.375		0
475.5		0
475.625		0
475.75		0
475.875		0
476		0
476.125		0
476.25		0
476.375		0
476.5		0
476.625		0
476.75		0
476.875		0
477		0
477.125		0
477.25		0
477.375		0
477.5		0
477.625		0
477.75		0
477.875		0
478		0
478.125		0
478.25		0
478.375		0
478.5		0
478.625		0
478.75		0
478.875		0
479		0
479.125		0
479.25		0
479.375		0
479.5		0
479.625		0
479.75		0
479.875		0
480		0
480.125		0
480.25		0
480.375		0
480.5		0
480.625		0
480.75		0
480.875		0
481		0
481.125		0
481.25		0
481.375		0
481.5		0
481.625		0
481.75		0
481.875		0
482		0
482.125		0
482.25		0
482.375		0
482.5		0
482.625		0
482.75		0
482.875		0
483		0
483.125		0
483.25		0
483.375		0
483.5		0
483.625		0
483.75		0
483.875		0
484		0
484.125		0
484.25		0
484.375		0
484.5		0
484.625		0
484.75		0
484.875		0
485		0
485.125		0
485.25		0
485.375		0
485.5		0
485.625		0
485.75		0
485.875		0
486		0
486.125		0
486.25		0
486.375		0
486.5		0
486.625		0
486.75		0
486.875		0
487		0
487.125		0
487.25		0
487.375		0
487.5		0
487.625		0
487.75		0
487.875		0
488		0
488.125		0
488.25		0
488.375		0
488.5		0
488.625		0
488.75		0
488.875		0
489		0
489.125		0
489.25		0
489.375		0
489.5		0
489.625		0
489.75		0
489.875		0
490		0
490.125		0
490.25		0
490.375		0
490.5		0
490.625		0
490.75		0
490.875		0
491		0
491.125		0
491.25		0
491.375		0
491.5		0
491.625		0
491.75		0
491.875		0
492		0
492.125		0
492.25		0
492.375		0
492.5		0
492.625		0
492.75		0
492.875		0
493		0
493.125		0
493.25		0
493.375		0
493.5		0
493.625		0
493.75		0
493.875		0
494		0
494.125		0
494.25		0
494.375		0
494.5		0
494.625		0
494.75		0
494.875		0
495		0
495.125		0
495.25		0
495.375		0
495.5		0
495.625		0
495.75		0
495.875		0
496		0
496.125		0
496.25		0
496.375		0
496.5		0
496.625		0
496.75		0
496.875		0
497		0
497.125		0
497.25		0
497.375		0
497.5		0
497.625		0
497.75		0
497.875		0
498		0
498.125		0
498.25		0
498.375		0
498.5		0
498.625		0
498.75		0
498.875		0
499		0
499.125		0
499.25		0
499.375		0
499.5		0
499.625		0
499.75		0
499.875		0
500		0
