# Calibration file of tamex_id 1 @ channel 3
# fine_T bin		 Calibration value
0.125		0
0.25		0
0.375		0
0.5		0
0.625		0
0.75		0
0.875		0
1		0
1.125		0
1.25		0
1.375		0
1.5		0
1.625		0
1.75		0
1.875		0
2		0
2.125		0
2.25		0
2.375		0
2.5		0
2.625		0
2.75		0
2.875		0
3		0
3.125		0
3.25		0
3.375		0
3.5		0
3.625		0
3.75		0
3.875		0
4		0
4.125		0
4.25		0
4.375		0
4.5		0
4.625		0
4.75		0
4.875		0
5		0
5.125		0
5.25		0
5.375		0
5.5		0
5.625		0
5.75		0
5.875		0
6		0
6.125		0
6.25		0
6.375		0
6.5		0
6.625		0
6.75		0
6.875		0
7		0
7.125		0
7.25		0
7.375		0
7.5		0
7.625		0
7.75		0
7.875		0
8		0
8.125		0
8.25		0
8.375		0
8.5		0
8.625		0
8.75		0
8.875		0
9		0
9.125		0
9.25		0
9.375		0
9.5		0
9.625		0
9.75		0
9.875		0
10		0
10.125		0
10.25		0
10.375		0
10.5		0
10.625		0
10.75		0
10.875		0
11		0
11.125		0
11.25		0
11.375		0
11.5		0
11.625		0
11.75		0
11.875		0
12		0
12.125		0
12.25		0
12.375		0
12.5		0
12.625		0
12.75		0
12.875		0
13		0
13.125		0
13.25		0
13.375		0
13.5		0
13.625		0
13.75		0
13.875		0
14		0
14.125		0
14.25		0
14.375		0
14.5		0
14.625		0
14.75		0
14.875		0
15		0
15.125		0
15.25		0
15.375		0
15.5		0
15.625		0
15.75		0
15.875		0
16		0
16.125		0
16.25		0
16.375		0
16.5		0
16.625		0
16.75		0
16.875		0
17		0
17.125		0
17.25		0
17.375		0
17.5		0
17.625		0
17.75		0
17.875		0
18		0
18.125		0
18.25		0
18.375		0
18.5		0
18.625		0
18.75		0
18.875		0
19		0
19.125		0
19.25		0
19.375		0
19.5		0
19.625		0
19.75		0
19.875		0
20		0
20.125		0
20.25		0
20.375		0
20.5		0
20.625		0
20.75		0
20.875		0
21		0
21.125		0
21.25		0
21.375		0
21.5		0
21.625		0
21.75		0
21.875		0
22		0
22.125		0
22.25		0
22.375		0
22.5		0
22.625		0
22.75		0
22.875		0
23		0
23.125		0
23.25		0
23.375		0
23.5		0
23.625		0
23.75		0
23.875		0
24		0
24.125		0
24.25		0
24.375		0
24.5		0
24.625		0
24.75		0
24.875		0
25		0
25.125		0
25.25		0
25.375		0
25.5		0
25.625		0
25.75		0
25.875		0
26		0
26.125		0
26.25		0
26.375		0
26.5		0
26.625		0
26.75		0
26.875		0
27		0
27.125		0
27.25		0
27.375		0
27.5		0
27.625		0
27.75		0
27.875		0
28		0
28.125		0
28.25		0
28.375		0
28.5		0
28.625		0
28.75		0
28.875		0
29		0
29.125		0
29.25		0
29.375		0
29.5		0
29.625		0
29.75		0
29.875		0
30		0
30.125		0
30.25		0
30.375		0
30.5		0
30.625		0
30.75		0
30.875		0
31		0
31.125		0
31.25		0
31.375		0
31.5		0
31.625		0
31.75		0
31.875		0
32		0
32.125		0
32.25		0
32.375		0
32.5		0
32.625		0
32.75		0
32.875		0
33		0
33.125		0
33.25		0
33.375		0
33.5		0
33.625		0
33.75		0
33.875		0
34		0
34.125		0
34.25		0
34.375		0
34.5		0
34.625		0
34.75		0
34.875		0
35		0
35.125		0
35.25		0
35.375		0
35.5		0
35.625		0
35.75		0
35.875		0
36		0
36.125		0
36.25		0
36.375		0
36.5		0
36.625		0
36.75		0
36.875		0
37		0
37.125		0
37.25		0
37.375		0
37.5		0
37.625		0
37.75		0
37.875		0
38		0
38.125		0
38.25		0
38.375		0
38.5		0
38.625		0
38.75		0
38.875		0
39		0
39.125		0
39.25		0
39.375		0
39.5		0
39.625		0
39.75		0
39.875		0
40		0
40.125		0
40.25		0
40.375		0
40.5		0
40.625		0
40.75		0
40.875		0
41		0
41.125		0
41.25		0
41.375		0
41.5		0
41.625		0
41.75		0
41.875		0
42		0
42.125		0
42.25		0
42.375		0
42.5		0
42.625		0
42.75		0
42.875		0
43		0
43.125		0
43.25		0
43.375		0
43.5		0
43.625		0
43.75		0
43.875		0
44		0
44.125		0
44.25		0
44.375		0
44.5		0
44.625		0
44.75		0
44.875		0
45		0
45.125		0
45.25		0
45.375		0
45.5		0
45.625		0
45.75		0
45.875		0
46		0
46.125		0
46.25		0
46.375		0
46.5		0
46.625		0
46.75		0
46.875		0
47		0
47.125		0
47.25		0
47.375		0
47.5		0
47.625		0
47.75		0
47.875		0
48		0
48.125		0
48.25		0
48.375		0
48.5		0
48.625		0
48.75		0
48.875		0
49		0
49.125		0
49.25		0
49.375		0
49.5		0
49.625		0
49.75		0
49.875		0
50		0
50.125		0
50.25		0
50.375		0
50.5		0
50.625		0
50.75		0
50.875		0
51		0
51.125		0
51.25		0
51.375		0
51.5		0
51.625		0
51.75		0
51.875		0
52		0
52.125		0
52.25		0
52.375		0
52.5		0
52.625		0
52.75		0
52.875		0
53		0
53.125		0
53.25		0
53.375		0
53.5		0
53.625		0
53.75		0
53.875		0
54		0
54.125		0
54.25		0
54.375		0
54.5		0
54.625		0
54.75		0
54.875		0
55		0
55.125		0
55.25		0
55.375		0
55.5		0
55.625		0
55.75		0
55.875		0
56		0
56.125		0
56.25		0
56.375		0
56.5		0
56.625		0
56.75		0
56.875		0
57		0
57.125		0
57.25		0
57.375		0
57.5		0
57.625		0
57.75		0
57.875		0
58		0
58.125		0
58.25		0
58.375		0
58.5		0
58.625		0
58.75		0
58.875		0
59		0
59.125		0
59.25		0
59.375		0
59.5		0
59.625		0
59.75		0
59.875		0
60		0
60.125		0
60.25		0
60.375		0
60.5		0
60.625		0
60.75		0
60.875		0
61		0
61.125		0
61.25		0
61.375		0
61.5		0
61.625		0
61.75		0
61.875		0
62		0
62.125		0
62.25		0
62.375		0
62.5		0
62.625		0
62.75		0
62.875		0
63		0
63.125		0
63.25		0
63.375		0
63.5		0
63.625		0
63.75		0
63.875		0
64		0
64.125		0
64.25		0
64.375		0
64.5		0
64.625		0
64.75		0
64.875		0
65		0
65.125		0
65.25		0
65.375		0
65.5		0
65.625		0
65.75		0
65.875		0
66		0
66.125		0
66.25		0
66.375		0
66.5		0
66.625		0
66.75		0
66.875		0
67		0
67.125		0
67.25		0
67.375		0
67.5		0
67.625		0
67.75		0
67.875		0
68		0
68.125		0
68.25		0
68.375		0
68.5		0
68.625		0
68.75		0
68.875		0
69		0
69.125		0
69.25		0
69.375		0
69.5		0
69.625		0
69.75		0
69.875		0
70		0
70.125		0
70.25		0
70.375		0
70.5		0
70.625		0
70.75		0
70.875		0
71		0
71.125		0
71.25		0
71.375		0
71.5		0
71.625		0
71.75		0
71.875		0
72		0
72.125		0
72.25		0
72.375		0
72.5		0
72.625		0
72.75		0
72.875		0
73		0
73.125		0
73.25		0
73.375		0
73.5		0
73.625		0
73.75		0
73.875		0
74		0
74.125		0
74.25		0
74.375		0
74.5		0
74.625		0
74.75		0
74.875		0
75		0
75.125		0
75.25		0
75.375		0
75.5		0
75.625		0
75.75		0
75.875		0
76		0
76.125		0
76.25		0
76.375		0
76.5		0
76.625		0
76.75		0
76.875		0
77		0
77.125		0
77.25		0
77.375		0
77.5		0
77.625		0
77.75		0
77.875		0
78		0
78.125		0
78.25		0
78.375		0
78.5		0
78.625		0
78.75		0
78.875		0
79		0
79.125		0
79.25		0
79.375		0
79.5		0
79.625		0
79.75		0
79.875		0
80		0
80.125		0
80.25		0
80.375		0
80.5		0
80.625		0
80.75		0
80.875		0
81		0
81.125		0
81.25		0
81.375		0
81.5		0
81.625		0
81.75		0
81.875		0
82		0
82.125		0
82.25		0
82.375		0
82.5		0
82.625		0
82.75		0
82.875		0
83		0
83.125		0
83.25		0
83.375		0
83.5		0
83.625		0
83.75		0
83.875		0
84		0
84.125		0
84.25		0
84.375		0
84.5		0
84.625		0
84.75		0
84.875		0
85		0
85.125		0
85.25		0
85.375		0
85.5		0
85.625		0
85.75		0
85.875		0
86		0
86.125		0
86.25		0
86.375		0
86.5		0
86.625		0
86.75		0
86.875		0
87		0
87.125		0
87.25		0
87.375		0
87.5		0
87.625		0
87.75		0
87.875		0
88		0
88.125		0
88.25		0
88.375		0
88.5		0
88.625		0
88.75		0
88.875		0
89		0
89.125		0
89.25		0
89.375		0
89.5		0
89.625		0
89.75		0
89.875		0
90		0
90.125		0
90.25		0
90.375		0
90.5		0
90.625		0
90.75		0
90.875		0
91		0
91.125		0
91.25		0
91.375		0
91.5		0
91.625		0
91.75		0
91.875		0
92		0
92.125		0
92.25		0
92.375		0
92.5		0
92.625		0
92.75		0
92.875		0
93		0
93.125		0
93.25		0
93.375		0
93.5		0
93.625		0
93.75		0
93.875		0
94		0
94.125		0
94.25		0
94.375		0
94.5		0
94.625		0
94.75		0
94.875		0
95		0
95.125		0
95.25		0
95.375		0
95.5		0
95.625		0
95.75		0
95.875		0
96		0
96.125		0
96.25		0
96.375		0
96.5		0
96.625		0
96.75		0
96.875		0
97		0
97.125		0
97.25		0
97.375		0
97.5		0
97.625		0
97.75		0
97.875		0
98		0
98.125		0
98.25		0
98.375		0
98.5		0
98.625		0
98.75		0
98.875		0
99		0
99.125		0
99.25		0
99.375		0
99.5		0
99.625		0
99.75		0
99.875		0
100		0
100.125		0
100.25		0
100.375		0
100.5		0
100.625		0
100.75		0
100.875		0
101		0
101.125		0
101.25		0
101.375		0
101.5		0
101.625		0
101.75		0
101.875		0
102		0
102.125		0
102.25		0
102.375		0
102.5		0
102.625		0
102.75		0
102.875		0
103		0
103.125		0
103.25		0
103.375		0
103.5		0
103.625		0
103.75		0
103.875		0
104		0
104.125		0
104.25		0
104.375		0
104.5		0
104.625		0
104.75		0
104.875		0
105		0
105.125		0
105.25		0
105.375		0
105.5		0
105.625		0
105.75		0
105.875		0
106		0
106.125		0
106.25		0
106.375		0
106.5		0
106.625		0
106.75		0
106.875		0
107		0
107.125		0
107.25		0
107.375		0
107.5		0
107.625		0
107.75		0
107.875		0
108		0
108.125		0
108.25		0
108.375		0
108.5		0
108.625		0
108.75		0
108.875		0
109		0
109.125		0
109.25		0
109.375		0
109.5		0
109.625		0
109.75		0
109.875		0
110		0
110.125		0
110.25		0
110.375		0
110.5		0
110.625		0
110.75		0
110.875		0
111		0
111.125		0
111.25		0
111.375		0
111.5		0
111.625		0
111.75		0
111.875		0
112		0
112.125		0
112.25		0
112.375		0
112.5		0
112.625		0
112.75		0
112.875		0
113		0
113.125		0
113.25		0
113.375		0
113.5		0
113.625		0
113.75		0
113.875		0
114		0
114.125		0
114.25		0
114.375		0
114.5		0
114.625		0
114.75		0
114.875		0
115		0
115.125		0
115.25		0
115.375		0
115.5		0
115.625		0
115.75		0
115.875		0
116		0
116.125		0
116.25		0
116.375		0
116.5		0
116.625		0
116.75		0
116.875		0
117		0
117.125		0
117.25		0
117.375		0
117.5		0
117.625		0
117.75		0
117.875		0
118		0
118.125		0
118.25		0
118.375		0
118.5		0
118.625		0
118.75		0
118.875		0
119		0
119.125		0
119.25		0
119.375		0
119.5		0
119.625		0
119.75		0
119.875		0
120		0
120.125		0
120.25		0
120.375		0
120.5		0
120.625		0
120.75		0
120.875		0
121		0
121.125		0
121.25		0
121.375		0
121.5		0
121.625		0
121.75		0
121.875		0
122		0
122.125		0
122.25		0
122.375		0
122.5		0
122.625		0
122.75		0
122.875		0
123		0
123.125		0
123.25		0
123.375		0
123.5		0
123.625		0
123.75		0
123.875		0
124		0
124.125		0
124.25		0
124.375		0
124.5		0
124.625		0
124.75		0
124.875		0
125		0
125.125		0
125.25		0
125.375		0
125.5		0
125.625		0
125.75		0
125.875		0
126		0
126.125		0
126.25		0
126.375		0
126.5		0
126.625		0
126.75		0
126.875		0
127		0
127.125		0
127.25		0
127.375		0
127.5		0
127.625		0
127.75		0
127.875		0
128		0
128.125		0
128.25		0
128.375		0
128.5		0
128.625		0
128.75		0
128.875		0
129		0
129.125		0
129.25		0
129.375		0
129.5		0
129.625		0
129.75		0
129.875		0
130		0
130.125		0
130.25		0
130.375		0
130.5		0
130.625		0
130.75		0
130.875		0
131		0
131.125		0
131.25		0
131.375		0
131.5		0
131.625		0
131.75		0
131.875		0
132		0
132.125		0
132.25		0
132.375		0
132.5		0
132.625		0
132.75		0
132.875		0
133		0
133.125		0
133.25		0
133.375		0
133.5		0
133.625		0
133.75		0
133.875		0
134		0
134.125		0
134.25		0
134.375		0
134.5		0
134.625		0
134.75		0
134.875		0
135		0
135.125		0
135.25		0
135.375		0
135.5		0
135.625		0
135.75		0
135.875		0
136		0
136.125		0
136.25		0
136.375		0
136.5		0
136.625		0
136.75		0
136.875		0
137		0
137.125		0
137.25		0
137.375		0
137.5		0
137.625		0
137.75		0
137.875		0
138		0
138.125		0
138.25		0
138.375		0
138.5		0
138.625		0
138.75		0
138.875		0
139		0
139.125		0
139.25		0
139.375		0
139.5		0
139.625		0
139.75		0
139.875		0
140		0
140.125		0
140.25		0
140.375		0
140.5		0
140.625		0
140.75		0
140.875		0
141		0
141.125		0
141.25		0
141.375		0
141.5		0
141.625		0
141.75		0
141.875		0
142		0
142.125		0
142.25		0
142.375		0
142.5		0
142.625		0
142.75		0
142.875		0
143		0
143.125		0
143.25		0
143.375		0
143.5		0
143.625		0
143.75		0
143.875		0
144		0
144.125		0
144.25		0
144.375		0
144.5		0
144.625		0
144.75		0
144.875		0
145		0
145.125		0
145.25		0
145.375		0
145.5		0
145.625		0
145.75		0
145.875		0
146		0
146.125		0
146.25		0
146.375		0
146.5		0
146.625		0
146.75		0
146.875		0
147		0
147.125		0
147.25		0
147.375		0
147.5		0
147.625		0
147.75		0
147.875		0
148		0
148.125		0
148.25		0
148.375		0
148.5		0
148.625		0
148.75		0
148.875		0
149		0
149.125		0
149.25		0
149.375		0
149.5		0
149.625		0
149.75		0
149.875		0
150		0
150.125		0
150.25		0
150.375		0
150.5		0
150.625		0
150.75		0
150.875		0
151		0
151.125		0
151.25		0
151.375		0
151.5		0
151.625		0
151.75		0
151.875		0
152		0
152.125		0
152.25		0
152.375		0
152.5		0
152.625		0
152.75		0
152.875		0
153		0
153.125		0
153.25		0
153.375		0
153.5		0
153.625		0
153.75		0
153.875		0
154		0
154.125		0
154.25		0
154.375		0
154.5		0
154.625		0
154.75		0
154.875		0
155		0
155.125		0
155.25		0
155.375		0
155.5		0
155.625		0
155.75		0
155.875		0
156		0
156.125		0
156.25		0
156.375		0
156.5		0
156.625		0
156.75		0
156.875		0
157		0
157.125		0
157.25		0
157.375		0
157.5		0
157.625		0
157.75		0
157.875		0
158		0
158.125		0
158.25		0
158.375		0
158.5		0
158.625		0
158.75		0
158.875		0
159		0
159.125		0
159.25		0
159.375		0
159.5		0
159.625		0
159.75		0
159.875		0
160		0
160.125		0
160.25		0
160.375		0
160.5		0
160.625		0
160.75		0
160.875		0
161		0
161.125		0
161.25		0
161.375		0
161.5		0
161.625		0
161.75		0
161.875		0
162		0
162.125		0
162.25		0
162.375		0
162.5		0
162.625		0
162.75		0
162.875		0
163		0
163.125		0
163.25		0
163.375		0
163.5		0
163.625		0
163.75		0
163.875		0
164		0
164.125		0
164.25		0
164.375		0
164.5		0
164.625		0
164.75		0
164.875		0
165		0
165.125		0
165.25		0
165.375		0
165.5		0
165.625		0
165.75		0
165.875		0
166		0
166.125		0
166.25		0
166.375		0
166.5		0
166.625		0
166.75		0
166.875		0
167		0
167.125		0
167.25		0
167.375		0
167.5		0
167.625		0
167.75		0
167.875		0
168		0
168.125		0
168.25		0
168.375		0
168.5		0
168.625		0
168.75		0
168.875		0
169		0
169.125		0
169.25		0
169.375		0
169.5		0
169.625		0
169.75		0
169.875		0
170		0
170.125		0
170.25		0
170.375		0
170.5		0
170.625		0
170.75		0
170.875		0
171		0
171.125		0
171.25		0
171.375		0
171.5		0
171.625		0
171.75		0
171.875		0
172		0
172.125		0
172.25		0
172.375		0
172.5		0
172.625		0
172.75		0
172.875		0
173		0
173.125		0
173.25		0
173.375		0
173.5		0
173.625		0
173.75		0
173.875		0
174		0
174.125		0
174.25		0
174.375		0
174.5		0
174.625		0
174.75		0
174.875		0
175		0
175.125		0
175.25		0
175.375		0
175.5		0
175.625		0
175.75		0
175.875		0
176		0
176.125		0
176.25		0
176.375		0
176.5		0
176.625		0
176.75		0
176.875		0
177		0
177.125		0
177.25		0
177.375		0
177.5		0
177.625		0
177.75		0
177.875		0
178		0
178.125		0
178.25		0
178.375		0
178.5		0
178.625		0
178.75		0
178.875		0
179		0
179.125		0
179.25		0
179.375		0
179.5		0
179.625		0
179.75		0
179.875		0
180		0
180.125		0
180.25		0
180.375		0
180.5		0
180.625		0
180.75		0
180.875		0
181		0
181.125		0
181.25		0
181.375		0
181.5		0
181.625		0
181.75		0
181.875		0
182		0
182.125		0
182.25		0
182.375		0
182.5		0
182.625		0
182.75		0
182.875		0
183		0
183.125		0
183.25		0
183.375		0
183.5		0
183.625		0
183.75		0
183.875		0
184		0
184.125		0
184.25		0
184.375		0
184.5		0
184.625		0
184.75		0
184.875		0
185		0
185.125		0
185.25		0
185.375		0
185.5		0
185.625		0
185.75		0
185.875		0
186		0
186.125		0
186.25		0
186.375		0
186.5		0
186.625		0
186.75		0
186.875		0
187		0
187.125		0
187.25		0
187.375		0
187.5		0
187.625		0
187.75		0
187.875		0
188		0
188.125		0
188.25		0
188.375		0
188.5		0
188.625		0
188.75		0
188.875		0
189		0
189.125		0
189.25		0
189.375		0
189.5		0
189.625		0
189.75		0
189.875		0
190		0
190.125		0
190.25		0
190.375		0
190.5		0
190.625		0
190.75		0
190.875		0
191		0
191.125		0
191.25		0
191.375		0
191.5		0
191.625		0
191.75		0
191.875		0
192		0
192.125		0
192.25		0
192.375		0
192.5		0
192.625		0
192.75		0
192.875		0
193		0
193.125		0
193.25		0
193.375		0
193.5		0
193.625		0
193.75		0
193.875		0
194		0
194.125		0
194.25		0
194.375		0
194.5		0
194.625		0
194.75		0
194.875		0
195		0
195.125		0
195.25		0
195.375		0
195.5		0
195.625		0
195.75		0
195.875		0
196		0
196.125		1250
196.25		1250
196.375		1250
196.5		1250
196.625		1250
196.75		1250
196.875		1250
197		1250
197.125		1250
197.25		1250
197.375		1250
197.5		1250
197.625		1250
197.75		1250
197.875		1250
198		1250
198.125		1250
198.25		1250
198.375		1250
198.5		1250
198.625		1250
198.75		1250
198.875		1250
199		1250
199.125		1250
199.25		1250
199.375		1250
199.5		1250
199.625		1250
199.75		1250
199.875		1250
200		1250
200.125		1250
200.25		1250
200.375		1250
200.5		1250
200.625		1250
200.75		1250
200.875		1250
201		1250
201.125		1250
201.25		1250
201.375		1250
201.5		1250
201.625		1250
201.75		1250
201.875		1250
202		1250
202.125		1250
202.25		1250
202.375		1250
202.5		1250
202.625		1250
202.75		1250
202.875		1250
203		1250
203.125		1250
203.25		1250
203.375		1250
203.5		1250
203.625		1250
203.75		1250
203.875		1250
204		1250
204.125		1250
204.25		1250
204.375		1250
204.5		1250
204.625		1250
204.75		1250
204.875		1250
205		1250
205.125		1250
205.25		1250
205.375		1250
205.5		1250
205.625		1250
205.75		1250
205.875		1250
206		1250
206.125		2500
206.25		2500
206.375		2500
206.5		2500
206.625		2500
206.75		2500
206.875		2500
207		2500
207.125		2500
207.25		2500
207.375		2500
207.5		2500
207.625		2500
207.75		2500
207.875		2500
208		2500
208.125		2500
208.25		2500
208.375		2500
208.5		2500
208.625		2500
208.75		2500
208.875		2500
209		2500
209.125		2500
209.25		2500
209.375		2500
209.5		2500
209.625		2500
209.75		2500
209.875		2500
210		2500
210.125		2500
210.25		2500
210.375		2500
210.5		2500
210.625		2500
210.75		2500
210.875		2500
211		2500
211.125		2500
211.25		2500
211.375		2500
211.5		2500
211.625		2500
211.75		2500
211.875		2500
212		2500
212.125		2500
212.25		2500
212.375		2500
212.5		2500
212.625		2500
212.75		2500
212.875		2500
213		2500
213.125		2500
213.25		2500
213.375		2500
213.5		2500
213.625		2500
213.75		2500
213.875		2500
214		2500
214.125		2500
214.25		2500
214.375		2500
214.5		2500
214.625		2500
214.75		2500
214.875		2500
215		2500
215.125		2500
215.25		2500
215.375		2500
215.5		2500
215.625		2500
215.75		2500
215.875		2500
216		2500
216.125		2500
216.25		2500
216.375		2500
216.5		2500
216.625		2500
216.75		2500
216.875		2500
217		2500
217.125		2500
217.25		2500
217.375		2500
217.5		2500
217.625		2500
217.75		2500
217.875		2500
218		2500
218.125		2500
218.25		2500
218.375		2500
218.5		2500
218.625		2500
218.75		2500
218.875		2500
219		2500
219.125		2500
219.25		2500
219.375		2500
219.5		2500
219.625		2500
219.75		2500
219.875		2500
220		2500
220.125		2500
220.25		2500
220.375		2500
220.5		2500
220.625		2500
220.75		2500
220.875		2500
221		2500
221.125		2500
221.25		2500
221.375		2500
221.5		2500
221.625		2500
221.75		2500
221.875		2500
222		2500
222.125		2500
222.25		2500
222.375		2500
222.5		2500
222.625		2500
222.75		2500
222.875		2500
223		2500
223.125		2500
223.25		2500
223.375		2500
223.5		2500
223.625		2500
223.75		2500
223.875		2500
224		2500
224.125		2500
224.25		2500
224.375		2500
224.5		2500
224.625		2500
224.75		2500
224.875		2500
225		2500
225.125		2500
225.25		2500
225.375		2500
225.5		2500
225.625		2500
225.75		2500
225.875		2500
226		2500
226.125		2500
226.25		2500
226.375		2500
226.5		2500
226.625		2500
226.75		2500
226.875		2500
227		2500
227.125		2500
227.25		2500
227.375		2500
227.5		2500
227.625		2500
227.75		2500
227.875		2500
228		2500
228.125		2500
228.25		2500
228.375		2500
228.5		2500
228.625		2500
228.75		2500
228.875		2500
229		2500
229.125		2500
229.25		2500
229.375		2500
229.5		2500
229.625		2500
229.75		2500
229.875		2500
230		2500
230.125		2500
230.25		2500
230.375		2500
230.5		2500
230.625		2500
230.75		2500
230.875		2500
231		2500
231.125		2500
231.25		2500
231.375		2500
231.5		2500
231.625		2500
231.75		2500
231.875		2500
232		2500
232.125		2500
232.25		2500
232.375		2500
232.5		2500
232.625		2500
232.75		2500
232.875		2500
233		2500
233.125		2500
233.25		2500
233.375		2500
233.5		2500
233.625		2500
233.75		2500
233.875		2500
234		2500
234.125		2500
234.25		2500
234.375		2500
234.5		2500
234.625		2500
234.75		2500
234.875		2500
235		2500
235.125		2500
235.25		2500
235.375		2500
235.5		2500
235.625		2500
235.75		2500
235.875		2500
236		2500
236.125		2500
236.25		2500
236.375		2500
236.5		2500
236.625		2500
236.75		2500
236.875		2500
237		2500
237.125		2500
237.25		2500
237.375		2500
237.5		2500
237.625		2500
237.75		2500
237.875		2500
238		2500
238.125		2500
238.25		2500
238.375		2500
238.5		2500
238.625		2500
238.75		2500
238.875		2500
239		2500
239.125		2500
239.25		2500
239.375		2500
239.5		2500
239.625		2500
239.75		2500
239.875		2500
240		2500
240.125		2500
240.25		2500
240.375		2500
240.5		2500
240.625		2500
240.75		2500
240.875		2500
241		2500
241.125		2500
241.25		2500
241.375		2500
241.5		2500
241.625		2500
241.75		2500
241.875		2500
242		2500
242.125		2500
242.25		2500
242.375		2500
242.5		2500
242.625		2500
242.75		2500
242.875		2500
243		2500
243.125		2500
243.25		2500
243.375		2500
243.5		2500
243.625		2500
243.75		2500
243.875		2500
244		2500
244.125		2500
244.25		2500
244.375		2500
244.5		2500
244.625		2500
244.75		2500
244.875		2500
245		2500
245.125		2500
245.25		2500
245.375		2500
245.5		2500
245.625		2500
245.75		2500
245.875		2500
246		2500
246.125		2500
246.25		2500
246.375		2500
246.5		2500
246.625		2500
246.75		2500
246.875		2500
247		2500
247.125		2500
247.25		2500
247.375		2500
247.5		2500
247.625		2500
247.75		2500
247.875		2500
248		2500
248.125		2500
248.25		2500
248.375		2500
248.5		2500
248.625		2500
248.75		2500
248.875		2500
249		2500
249.125		2500
249.25		2500
249.375		2500
249.5		2500
249.625		2500
249.75		2500
249.875		2500
250		2500
250.125		2500
250.25		2500
250.375		2500
250.5		2500
250.625		2500
250.75		2500
250.875		2500
251		2500
251.125		2500
251.25		2500
251.375		2500
251.5		2500
251.625		2500
251.75		2500
251.875		2500
252		2500
252.125		2500
252.25		2500
252.375		2500
252.5		2500
252.625		2500
252.75		2500
252.875		2500
253		2500
253.125		2500
253.25		2500
253.375		2500
253.5		2500
253.625		2500
253.75		2500
253.875		2500
254		2500
254.125		2500
254.25		2500
254.375		2500
254.5		2500
254.625		2500
254.75		2500
254.875		2500
255		2500
255.125		2500
255.25		2500
255.375		2500
255.5		2500
255.625		2500
255.75		2500
255.875		2500
256		2500
256.125		2500
256.25		2500
256.375		2500
256.5		2500
256.625		2500
256.75		2500
256.875		2500
257		2500
257.125		2500
257.25		2500
257.375		2500
257.5		2500
257.625		2500
257.75		2500
257.875		2500
258		2500
258.125		2500
258.25		2500
258.375		2500
258.5		2500
258.625		2500
258.75		2500
258.875		2500
259		2500
259.125		2500
259.25		2500
259.375		2500
259.5		2500
259.625		2500
259.75		2500
259.875		2500
260		2500
260.125		2500
260.25		2500
260.375		2500
260.5		2500
260.625		2500
260.75		2500
260.875		2500
261		2500
261.125		2500
261.25		2500
261.375		2500
261.5		2500
261.625		2500
261.75		2500
261.875		2500
262		2500
262.125		2500
262.25		2500
262.375		2500
262.5		2500
262.625		2500
262.75		2500
262.875		2500
263		2500
263.125		2500
263.25		2500
263.375		2500
263.5		2500
263.625		2500
263.75		2500
263.875		2500
264		2500
264.125		2500
264.25		2500
264.375		2500
264.5		2500
264.625		2500
264.75		2500
264.875		2500
265		2500
265.125		2500
265.25		2500
265.375		2500
265.5		2500
265.625		2500
265.75		2500
265.875		2500
266		2500
266.125		2500
266.25		2500
266.375		2500
266.5		2500
266.625		2500
266.75		2500
266.875		2500
267		2500
267.125		2500
267.25		2500
267.375		2500
267.5		2500
267.625		2500
267.75		2500
267.875		2500
268		2500
268.125		2500
268.25		2500
268.375		2500
268.5		2500
268.625		2500
268.75		2500
268.875		2500
269		2500
269.125		2500
269.25		2500
269.375		2500
269.5		2500
269.625		2500
269.75		2500
269.875		2500
270		2500
270.125		2500
270.25		2500
270.375		2500
270.5		2500
270.625		2500
270.75		2500
270.875		2500
271		2500
271.125		2500
271.25		2500
271.375		2500
271.5		2500
271.625		2500
271.75		2500
271.875		2500
272		2500
272.125		2500
272.25		2500
272.375		2500
272.5		2500
272.625		2500
272.75		2500
272.875		2500
273		2500
273.125		2500
273.25		2500
273.375		2500
273.5		2500
273.625		2500
273.75		2500
273.875		2500
274		2500
274.125		2500
274.25		2500
274.375		2500
274.5		2500
274.625		2500
274.75		2500
274.875		2500
275		2500
275.125		2500
275.25		2500
275.375		2500
275.5		2500
275.625		2500
275.75		2500
275.875		2500
276		2500
276.125		2500
276.25		2500
276.375		2500
276.5		2500
276.625		2500
276.75		2500
276.875		2500
277		2500
277.125		2500
277.25		2500
277.375		2500
277.5		2500
277.625		2500
277.75		2500
277.875		2500
278		2500
278.125		2500
278.25		2500
278.375		2500
278.5		2500
278.625		2500
278.75		2500
278.875		2500
279		2500
279.125		2500
279.25		2500
279.375		2500
279.5		2500
279.625		2500
279.75		2500
279.875		2500
280		2500
280.125		2500
280.25		2500
280.375		2500
280.5		2500
280.625		2500
280.75		2500
280.875		2500
281		2500
281.125		2500
281.25		2500
281.375		2500
281.5		2500
281.625		2500
281.75		2500
281.875		2500
282		2500
282.125		2500
282.25		2500
282.375		2500
282.5		2500
282.625		2500
282.75		2500
282.875		2500
283		2500
283.125		2500
283.25		2500
283.375		2500
283.5		2500
283.625		2500
283.75		2500
283.875		2500
284		2500
284.125		2500
284.25		2500
284.375		2500
284.5		2500
284.625		2500
284.75		2500
284.875		2500
285		2500
285.125		2500
285.25		2500
285.375		2500
285.5		2500
285.625		2500
285.75		2500
285.875		2500
286		2500
286.125		2500
286.25		2500
286.375		2500
286.5		2500
286.625		2500
286.75		2500
286.875		2500
287		2500
287.125		2500
287.25		2500
287.375		2500
287.5		2500
287.625		2500
287.75		2500
287.875		2500
288		2500
288.125		3750
288.25		3750
288.375		3750
288.5		3750
288.625		3750
288.75		3750
288.875		3750
289		3750
289.125		3750
289.25		3750
289.375		3750
289.5		3750
289.625		3750
289.75		3750
289.875		3750
290		3750
290.125		3750
290.25		3750
290.375		3750
290.5		3750
290.625		3750
290.75		3750
290.875		3750
291		3750
291.125		3750
291.25		3750
291.375		3750
291.5		3750
291.625		3750
291.75		3750
291.875		3750
292		3750
292.125		3750
292.25		3750
292.375		3750
292.5		3750
292.625		3750
292.75		3750
292.875		3750
293		3750
293.125		3750
293.25		3750
293.375		3750
293.5		3750
293.625		3750
293.75		3750
293.875		3750
294		3750
294.125		3750
294.25		3750
294.375		3750
294.5		3750
294.625		3750
294.75		3750
294.875		3750
295		3750
295.125		3750
295.25		3750
295.375		3750
295.5		3750
295.625		3750
295.75		3750
295.875		3750
296		3750
296.125		3750
296.25		3750
296.375		3750
296.5		3750
296.625		3750
296.75		3750
296.875		3750
297		3750
297.125		3750
297.25		3750
297.375		3750
297.5		3750
297.625		3750
297.75		3750
297.875		3750
298		3750
298.125		3750
298.25		3750
298.375		3750
298.5		3750
298.625		3750
298.75		3750
298.875		3750
299		3750
299.125		3750
299.25		3750
299.375		3750
299.5		3750
299.625		3750
299.75		3750
299.875		3750
300		3750
300.125		3750
300.25		3750
300.375		3750
300.5		3750
300.625		3750
300.75		3750
300.875		3750
301		3750
301.125		3750
301.25		3750
301.375		3750
301.5		3750
301.625		3750
301.75		3750
301.875		3750
302		3750
302.125		3750
302.25		3750
302.375		3750
302.5		3750
302.625		3750
302.75		3750
302.875		3750
303		3750
303.125		3750
303.25		3750
303.375		3750
303.5		3750
303.625		3750
303.75		3750
303.875		3750
304		3750
304.125		3750
304.25		3750
304.375		3750
304.5		3750
304.625		3750
304.75		3750
304.875		3750
305		3750
305.125		3750
305.25		3750
305.375		3750
305.5		3750
305.625		3750
305.75		3750
305.875		3750
306		3750
306.125		3750
306.25		3750
306.375		3750
306.5		3750
306.625		3750
306.75		3750
306.875		3750
307		3750
307.125		3750
307.25		3750
307.375		3750
307.5		3750
307.625		3750
307.75		3750
307.875		3750
308		3750
308.125		3750
308.25		3750
308.375		3750
308.5		3750
308.625		3750
308.75		3750
308.875		3750
309		3750
309.125		3750
309.25		3750
309.375		3750
309.5		3750
309.625		3750
309.75		3750
309.875		3750
310		3750
310.125		3750
310.25		3750
310.375		3750
310.5		3750
310.625		3750
310.75		3750
310.875		3750
311		3750
311.125		3750
311.25		3750
311.375		3750
311.5		3750
311.625		3750
311.75		3750
311.875		3750
312		3750
312.125		3750
312.25		3750
312.375		3750
312.5		3750
312.625		3750
312.75		3750
312.875		3750
313		3750
313.125		3750
313.25		3750
313.375		3750
313.5		3750
313.625		3750
313.75		3750
313.875		3750
314		3750
314.125		3750
314.25		3750
314.375		3750
314.5		3750
314.625		3750
314.75		3750
314.875		3750
315		3750
315.125		3750
315.25		3750
315.375		3750
315.5		3750
315.625		3750
315.75		3750
315.875		3750
316		3750
316.125		3750
316.25		3750
316.375		3750
316.5		3750
316.625		3750
316.75		3750
316.875		3750
317		3750
317.125		3750
317.25		3750
317.375		3750
317.5		3750
317.625		3750
317.75		3750
317.875		3750
318		3750
318.125		3750
318.25		3750
318.375		3750
318.5		3750
318.625		3750
318.75		3750
318.875		3750
319		3750
319.125		3750
319.25		3750
319.375		3750
319.5		3750
319.625		3750
319.75		3750
319.875		3750
320		3750
320.125		3750
320.25		3750
320.375		3750
320.5		3750
320.625		3750
320.75		3750
320.875		3750
321		3750
321.125		3750
321.25		3750
321.375		3750
321.5		3750
321.625		3750
321.75		3750
321.875		3750
322		3750
322.125		3750
322.25		3750
322.375		3750
322.5		3750
322.625		3750
322.75		3750
322.875		3750
323		3750
323.125		3750
323.25		3750
323.375		3750
323.5		3750
323.625		3750
323.75		3750
323.875		3750
324		3750
324.125		3750
324.25		3750
324.375		3750
324.5		3750
324.625		3750
324.75		3750
324.875		3750
325		3750
325.125		3750
325.25		3750
325.375		3750
325.5		3750
325.625		3750
325.75		3750
325.875		3750
326		3750
326.125		3750
326.25		3750
326.375		3750
326.5		3750
326.625		3750
326.75		3750
326.875		3750
327		3750
327.125		3750
327.25		3750
327.375		3750
327.5		3750
327.625		3750
327.75		3750
327.875		3750
328		3750
328.125		3750
328.25		3750
328.375		3750
328.5		3750
328.625		3750
328.75		3750
328.875		3750
329		3750
329.125		3750
329.25		3750
329.375		3750
329.5		3750
329.625		3750
329.75		3750
329.875		3750
330		3750
330.125		3750
330.25		3750
330.375		3750
330.5		3750
330.625		3750
330.75		3750
330.875		3750
331		3750
331.125		3750
331.25		3750
331.375		3750
331.5		3750
331.625		3750
331.75		3750
331.875		3750
332		3750
332.125		3750
332.25		3750
332.375		3750
332.5		3750
332.625		3750
332.75		3750
332.875		3750
333		3750
333.125		3750
333.25		3750
333.375		3750
333.5		3750
333.625		3750
333.75		3750
333.875		3750
334		3750
334.125		3750
334.25		3750
334.375		3750
334.5		3750
334.625		3750
334.75		3750
334.875		3750
335		3750
335.125		3750
335.25		3750
335.375		3750
335.5		3750
335.625		3750
335.75		3750
335.875		3750
336		3750
336.125		3750
336.25		3750
336.375		3750
336.5		3750
336.625		3750
336.75		3750
336.875		3750
337		3750
337.125		3750
337.25		3750
337.375		3750
337.5		3750
337.625		3750
337.75		3750
337.875		3750
338		3750
338.125		3750
338.25		3750
338.375		3750
338.5		3750
338.625		3750
338.75		3750
338.875		3750
339		3750
339.125		3750
339.25		3750
339.375		3750
339.5		3750
339.625		3750
339.75		3750
339.875		3750
340		3750
340.125		3750
340.25		3750
340.375		3750
340.5		3750
340.625		3750
340.75		3750
340.875		3750
341		3750
341.125		3750
341.25		3750
341.375		3750
341.5		3750
341.625		3750
341.75		3750
341.875		3750
342		3750
342.125		3750
342.25		3750
342.375		3750
342.5		3750
342.625		3750
342.75		3750
342.875		3750
343		3750
343.125		3750
343.25		3750
343.375		3750
343.5		3750
343.625		3750
343.75		3750
343.875		3750
344		3750
344.125		3750
344.25		3750
344.375		3750
344.5		3750
344.625		3750
344.75		3750
344.875		3750
345		3750
345.125		3750
345.25		3750
345.375		3750
345.5		3750
345.625		3750
345.75		3750
345.875		3750
346		3750
346.125		3750
346.25		3750
346.375		3750
346.5		3750
346.625		3750
346.75		3750
346.875		3750
347		3750
347.125		3750
347.25		3750
347.375		3750
347.5		3750
347.625		3750
347.75		3750
347.875		3750
348		3750
348.125		3750
348.25		3750
348.375		3750
348.5		3750
348.625		3750
348.75		3750
348.875		3750
349		3750
349.125		3750
349.25		3750
349.375		3750
349.5		3750
349.625		3750
349.75		3750
349.875		3750
350		3750
350.125		3750
350.25		3750
350.375		3750
350.5		3750
350.625		3750
350.75		3750
350.875		3750
351		3750
351.125		3750
351.25		3750
351.375		3750
351.5		3750
351.625		3750
351.75		3750
351.875		3750
352		3750
352.125		3750
352.25		3750
352.375		3750
352.5		3750
352.625		3750
352.75		3750
352.875		3750
353		3750
353.125		3750
353.25		3750
353.375		3750
353.5		3750
353.625		3750
353.75		3750
353.875		3750
354		3750
354.125		3750
354.25		3750
354.375		3750
354.5		3750
354.625		3750
354.75		3750
354.875		3750
355		3750
355.125		3750
355.25		3750
355.375		3750
355.5		3750
355.625		3750
355.75		3750
355.875		3750
356		3750
356.125		3750
356.25		3750
356.375		3750
356.5		3750
356.625		3750
356.75		3750
356.875		3750
357		3750
357.125		3750
357.25		3750
357.375		3750
357.5		3750
357.625		3750
357.75		3750
357.875		3750
358		3750
358.125		3750
358.25		3750
358.375		3750
358.5		3750
358.625		3750
358.75		3750
358.875		3750
359		3750
359.125		3750
359.25		3750
359.375		3750
359.5		3750
359.625		3750
359.75		3750
359.875		3750
360		3750
360.125		3750
360.25		3750
360.375		3750
360.5		3750
360.625		3750
360.75		3750
360.875		3750
361		3750
361.125		3750
361.25		3750
361.375		3750
361.5		3750
361.625		3750
361.75		3750
361.875		3750
362		3750
362.125		3750
362.25		3750
362.375		3750
362.5		3750
362.625		3750
362.75		3750
362.875		3750
363		3750
363.125		3750
363.25		3750
363.375		3750
363.5		3750
363.625		3750
363.75		3750
363.875		3750
364		3750
364.125		3750
364.25		3750
364.375		3750
364.5		3750
364.625		3750
364.75		3750
364.875		3750
365		3750
365.125		3750
365.25		3750
365.375		3750
365.5		3750
365.625		3750
365.75		3750
365.875		3750
366		3750
366.125		3750
366.25		3750
366.375		3750
366.5		3750
366.625		3750
366.75		3750
366.875		3750
367		3750
367.125		3750
367.25		3750
367.375		3750
367.5		3750
367.625		3750
367.75		3750
367.875		3750
368		3750
368.125		3750
368.25		3750
368.375		3750
368.5		3750
368.625		3750
368.75		3750
368.875		3750
369		3750
369.125		3750
369.25		3750
369.375		3750
369.5		3750
369.625		3750
369.75		3750
369.875		3750
370		3750
370.125		3750
370.25		3750
370.375		3750
370.5		3750
370.625		3750
370.75		3750
370.875		3750
371		3750
371.125		3750
371.25		3750
371.375		3750
371.5		3750
371.625		3750
371.75		3750
371.875		3750
372		3750
372.125		3750
372.25		3750
372.375		3750
372.5		3750
372.625		3750
372.75		3750
372.875		3750
373		3750
373.125		3750
373.25		3750
373.375		3750
373.5		3750
373.625		3750
373.75		3750
373.875		3750
374		3750
374.125		3750
374.25		3750
374.375		3750
374.5		3750
374.625		3750
374.75		3750
374.875		3750
375		3750
375.125		3750
375.25		3750
375.375		3750
375.5		3750
375.625		3750
375.75		3750
375.875		3750
376		3750
376.125		3750
376.25		3750
376.375		3750
376.5		3750
376.625		3750
376.75		3750
376.875		3750
377		3750
377.125		3750
377.25		3750
377.375		3750
377.5		3750
377.625		3750
377.75		3750
377.875		3750
378		3750
378.125		3750
378.25		3750
378.375		3750
378.5		3750
378.625		3750
378.75		3750
378.875		3750
379		3750
379.125		3750
379.25		3750
379.375		3750
379.5		3750
379.625		3750
379.75		3750
379.875		3750
380		3750
380.125		3750
380.25		3750
380.375		3750
380.5		3750
380.625		3750
380.75		3750
380.875		3750
381		3750
381.125		3750
381.25		3750
381.375		3750
381.5		3750
381.625		3750
381.75		3750
381.875		3750
382		3750
382.125		3750
382.25		3750
382.375		3750
382.5		3750
382.625		3750
382.75		3750
382.875		3750
383		3750
383.125		3750
383.25		3750
383.375		3750
383.5		3750
383.625		3750
383.75		3750
383.875		3750
384		3750
384.125		3750
384.25		3750
384.375		3750
384.5		3750
384.625		3750
384.75		3750
384.875		3750
385		3750
385.125		3750
385.25		3750
385.375		3750
385.5		3750
385.625		3750
385.75		3750
385.875		3750
386		3750
386.125		3750
386.25		3750
386.375		3750
386.5		3750
386.625		3750
386.75		3750
386.875		3750
387		3750
387.125		3750
387.25		3750
387.375		3750
387.5		3750
387.625		3750
387.75		3750
387.875		3750
388		3750
388.125		3750
388.25		3750
388.375		3750
388.5		3750
388.625		3750
388.75		3750
388.875		3750
389		3750
389.125		3750
389.25		3750
389.375		3750
389.5		3750
389.625		3750
389.75		3750
389.875		3750
390		3750
390.125		3750
390.25		3750
390.375		3750
390.5		3750
390.625		3750
390.75		3750
390.875		3750
391		3750
391.125		3750
391.25		3750
391.375		3750
391.5		3750
391.625		3750
391.75		3750
391.875		3750
392		3750
392.125		3750
392.25		3750
392.375		3750
392.5		3750
392.625		3750
392.75		3750
392.875		3750
393		3750
393.125		3750
393.25		3750
393.375		3750
393.5		3750
393.625		3750
393.75		3750
393.875		3750
394		3750
394.125		3750
394.25		3750
394.375		3750
394.5		3750
394.625		3750
394.75		3750
394.875		3750
395		3750
395.125		3750
395.25		3750
395.375		3750
395.5		3750
395.625		3750
395.75		3750
395.875		3750
396		3750
396.125		3750
396.25		3750
396.375		3750
396.5		3750
396.625		3750
396.75		3750
396.875		3750
397		3750
397.125		3750
397.25		3750
397.375		3750
397.5		3750
397.625		3750
397.75		3750
397.875		3750
398		3750
398.125		3750
398.25		3750
398.375		3750
398.5		3750
398.625		3750
398.75		3750
398.875		3750
399		3750
399.125		3750
399.25		3750
399.375		3750
399.5		3750
399.625		3750
399.75		3750
399.875		3750
400		3750
400.125		3750
400.25		3750
400.375		3750
400.5		3750
400.625		3750
400.75		3750
400.875		3750
401		3750
401.125		3750
401.25		3750
401.375		3750
401.5		3750
401.625		3750
401.75		3750
401.875		3750
402		3750
402.125		3750
402.25		3750
402.375		3750
402.5		3750
402.625		3750
402.75		3750
402.875		3750
403		3750
403.125		3750
403.25		3750
403.375		3750
403.5		3750
403.625		3750
403.75		3750
403.875		3750
404		3750
404.125		3750
404.25		3750
404.375		3750
404.5		3750
404.625		3750
404.75		3750
404.875		3750
405		3750
405.125		3750
405.25		3750
405.375		3750
405.5		3750
405.625		3750
405.75		3750
405.875		3750
406		3750
406.125		3750
406.25		3750
406.375		3750
406.5		3750
406.625		3750
406.75		3750
406.875		3750
407		3750
407.125		3750
407.25		3750
407.375		3750
407.5		3750
407.625		3750
407.75		3750
407.875		3750
408		3750
408.125		3750
408.25		3750
408.375		3750
408.5		3750
408.625		3750
408.75		3750
408.875		3750
409		3750
409.125		3750
409.25		3750
409.375		3750
409.5		3750
409.625		3750
409.75		3750
409.875		3750
410		3750
410.125		3750
410.25		3750
410.375		3750
410.5		3750
410.625		3750
410.75		3750
410.875		3750
411		3750
411.125		3750
411.25		3750
411.375		3750
411.5		3750
411.625		3750
411.75		3750
411.875		3750
412		3750
412.125		3750
412.25		3750
412.375		3750
412.5		3750
412.625		3750
412.75		3750
412.875		3750
413		3750
413.125		3750
413.25		3750
413.375		3750
413.5		3750
413.625		3750
413.75		3750
413.875		3750
414		3750
414.125		3750
414.25		3750
414.375		3750
414.5		3750
414.625		3750
414.75		3750
414.875		3750
415		3750
415.125		3750
415.25		3750
415.375		3750
415.5		3750
415.625		3750
415.75		3750
415.875		3750
416		3750
416.125		3750
416.25		3750
416.375		3750
416.5		3750
416.625		3750
416.75		3750
416.875		3750
417		3750
417.125		3750
417.25		3750
417.375		3750
417.5		3750
417.625		3750
417.75		3750
417.875		3750
418		3750
418.125		3750
418.25		3750
418.375		3750
418.5		3750
418.625		3750
418.75		3750
418.875		3750
419		3750
419.125		0
419.25		0
419.375		0
419.5		0
419.625		0
419.75		0
419.875		0
420		0
420.125		0
420.25		0
420.375		0
420.5		0
420.625		0
420.75		0
420.875		0
421		0
421.125		0
421.25		0
421.375		0
421.5		0
421.625		0
421.75		0
421.875		0
422		0
422.125		0
422.25		0
422.375		0
422.5		0
422.625		0
422.75		0
422.875		0
423		0
423.125		0
423.25		0
423.375		0
423.5		0
423.625		0
423.75		0
423.875		0
424		0
424.125		0
424.25		0
424.375		0
424.5		0
424.625		0
424.75		0
424.875		0
425		0
425.125		0
425.25		0
425.375		0
425.5		0
425.625		0
425.75		0
425.875		0
426		0
426.125		0
426.25		0
426.375		0
426.5		0
426.625		0
426.75		0
426.875		0
427		0
427.125		0
427.25		0
427.375		0
427.5		0
427.625		0
427.75		0
427.875		0
428		0
428.125		0
428.25		0
428.375		0
428.5		0
428.625		0
428.75		0
428.875		0
429		0
429.125		0
429.25		0
429.375		0
429.5		0
429.625		0
429.75		0
429.875		0
430		0
430.125		0
430.25		0
430.375		0
430.5		0
430.625		0
430.75		0
430.875		0
431		0
431.125		0
431.25		0
431.375		0
431.5		0
431.625		0
431.75		0
431.875		0
432		0
432.125		0
432.25		0
432.375		0
432.5		0
432.625		0
432.75		0
432.875		0
433		0
433.125		0
433.25		0
433.375		0
433.5		0
433.625		0
433.75		0
433.875		0
434		0
434.125		0
434.25		0
434.375		0
434.5		0
434.625		0
434.75		0
434.875		0
435		0
435.125		0
435.25		0
435.375		0
435.5		0
435.625		0
435.75		0
435.875		0
436		0
436.125		0
436.25		0
436.375		0
436.5		0
436.625		0
436.75		0
436.875		0
437		0
437.125		0
437.25		0
437.375		0
437.5		0
437.625		0
437.75		0
437.875		0
438		0
438.125		0
438.25		0
438.375		0
438.5		0
438.625		0
438.75		0
438.875		0
439		0
439.125		0
439.25		0
439.375		0
439.5		0
439.625		0
439.75		0
439.875		0
440		0
440.125		0
440.25		0
440.375		0
440.5		0
440.625		0
440.75		0
440.875		0
441		0
441.125		0
441.25		0
441.375		0
441.5		0
441.625		0
441.75		0
441.875		0
442		0
442.125		0
442.25		0
442.375		0
442.5		0
442.625		0
442.75		0
442.875		0
443		0
443.125		0
443.25		0
443.375		0
443.5		0
443.625		0
443.75		0
443.875		0
444		0
444.125		0
444.25		0
444.375		0
444.5		0
444.625		0
444.75		0
444.875		0
445		0
445.125		0
445.25		0
445.375		0
445.5		0
445.625		0
445.75		0
445.875		0
446		0
446.125		0
446.25		0
446.375		0
446.5		0
446.625		0
446.75		0
446.875		0
447		0
447.125		0
447.25		0
447.375		0
447.5		0
447.625		0
447.75		0
447.875		0
448		0
448.125		0
448.25		0
448.375		0
448.5		0
448.625		0
448.75		0
448.875		0
449		0
449.125		0
449.25		0
449.375		0
449.5		0
449.625		0
449.75		0
449.875		0
450		0
450.125		0
450.25		0
450.375		0
450.5		0
450.625		0
450.75		0
450.875		0
451		0
451.125		0
451.25		0
451.375		0
451.5		0
451.625		0
451.75		0
451.875		0
452		0
452.125		0
452.25		0
452.375		0
452.5		0
452.625		0
452.75		0
452.875		0
453		0
453.125		0
453.25		0
453.375		0
453.5		0
453.625		0
453.75		0
453.875		0
454		0
454.125		0
454.25		0
454.375		0
454.5		0
454.625		0
454.75		0
454.875		0
455		0
455.125		0
455.25		0
455.375		0
455.5		0
455.625		0
455.75		0
455.875		0
456		0
456.125		0
456.25		0
456.375		0
456.5		0
456.625		0
456.75		0
456.875		0
457		0
457.125		0
457.25		0
457.375		0
457.5		0
457.625		0
457.75		0
457.875		0
458		0
458.125		0
458.25		0
458.375		0
458.5		0
458.625		0
458.75		0
458.875		0
459		0
459.125		0
459.25		0
459.375		0
459.5		0
459.625		0
459.75		0
459.875		0
460		0
460.125		0
460.25		0
460.375		0
460.5		0
460.625		0
460.75		0
460.875		0
461		0
461.125		0
461.25		0
461.375		0
461.5		0
461.625		0
461.75		0
461.875		0
462		0
462.125		0
462.25		0
462.375		0
462.5		0
462.625		0
462.75		0
462.875		0
463		0
463.125		0
463.25		0
463.375		0
463.5		0
463.625		0
463.75		0
463.875		0
464		0
464.125		0
464.25		0
464.375		0
464.5		0
464.625		0
464.75		0
464.875		0
465		0
465.125		0
465.25		0
465.375		0
465.5		0
465.625		0
465.75		0
465.875		0
466		0
466.125		0
466.25		0
466.375		0
466.5		0
466.625		0
466.75		0
466.875		0
467		0
467.125		0
467.25		0
467.375		0
467.5		0
467.625		0
467.75		0
467.875		0
468		0
468.125		0
468.25		0
468.375		0
468.5		0
468.625		0
468.75		0
468.875		0
469		0
469.125		0
469.25		0
469.375		0
469.5		0
469.625		0
469.75		0
469.875		0
470		0
470.125		0
470.25		0
470.375		0
470.5		0
470.625		0
470.75		0
470.875		0
471		0
471.125		0
471.25		0
471.375		0
471.5		0
471.625		0
471.75		0
471.875		0
472		0
472.125		0
472.25		0
472.375		0
472.5		0
472.625		0
472.75		0
472.875		0
473		0
473.125		0
473.25		0
473.375		0
473.5		0
473.625		0
473.75		0
473.875		0
474		0
474.125		0
474.25		0
474.375		0
474.5		0
474.625		0
474.75		0
474.875		0
475		0
475.125		0
475.25		0
475.375		0
475.5		0
475.625		0
475.75		0
475.875		0
476		0
476.125		0
476.25		0
476.375		0
476.5		0
476.625		0
476.75		0
476.875		0
477		0
477.125		0
477.25		0
477.375		0
477.5		0
477.625		0
477.75		0
477.875		0
478		0
478.125		0
478.25		0
478.375		0
478.5		0
478.625		0
478.75		0
478.875		0
479		0
479.125		0
479.25		0
479.375		0
479.5		0
479.625		0
479.75		0
479.875		0
480		0
480.125		0
480.25		0
480.375		0
480.5		0
480.625		0
480.75		0
480.875		0
481		0
481.125		0
481.25		0
481.375		0
481.5		0
481.625		0
481.75		0
481.875		0
482		0
482.125		0
482.25		0
482.375		0
482.5		0
482.625		0
482.75		0
482.875		0
483		0
483.125		0
483.25		0
483.375		0
483.5		0
483.625		0
483.75		0
483.875		0
484		0
484.125		0
484.25		0
484.375		0
484.5		0
484.625		0
484.75		0
484.875		0
485		0
485.125		0
485.25		0
485.375		0
485.5		0
485.625		0
485.75		0
485.875		0
486		0
486.125		0
486.25		0
486.375		0
486.5		0
486.625		0
486.75		0
486.875		0
487		0
487.125		0
487.25		0
487.375		0
487.5		0
487.625		0
487.75		0
487.875		0
488		0
488.125		0
488.25		0
488.375		0
488.5		0
488.625		0
488.75		0
488.875		0
489		0
489.125		0
489.25		0
489.375		0
489.5		0
489.625		0
489.75		0
489.875		0
490		0
490.125		0
490.25		0
490.375		0
490.5		0
490.625		0
490.75		0
490.875		0
491		0
491.125		0
491.25		0
491.375		0
491.5		0
491.625		0
491.75		0
491.875		0
492		0
492.125		0
492.25		0
492.375		0
492.5		0
492.625		0
492.75		0
492.875		0
493		0
493.125		0
493.25		0
493.375		0
493.5		0
493.625		0
493.75		0
493.875		0
494		0
494.125		0
494.25		0
494.375		0
494.5		0
494.625		0
494.75		0
494.875		0
495		0
495.125		0
495.25		0
495.375		0
495.5		0
495.625		0
495.75		0
495.875		0
496		0
496.125		0
496.25		0
496.375		0
496.5		0
496.625		0
496.75		0
496.875		0
497		0
497.125		0
497.25		0
497.375		0
497.5		0
497.625		0
497.75		0
497.875		0
498		0
498.125		0
498.25		0
498.375		0
498.5		0
498.625		0
498.75		0
498.875		0
499		0
499.125		0
499.25		0
499.375		0
499.5		0
499.625		0
499.75		0
499.875		0
500		0
