# Calibration file of tamex_id 0 @ channel 11
# fine_T bin		 Calibration value
0.125		0
0.25		0
0.375		0
0.5		0
0.625		0
0.75		0
0.875		0
1		0
1.125		0
1.25		0
1.375		0
1.5		0
1.625		0
1.75		0
1.875		0
2		0
2.125		0
2.25		0
2.375		0
2.5		0
2.625		0
2.75		0
2.875		0
3		0
3.125		0
3.25		0
3.375		0
3.5		0
3.625		0
3.75		0
3.875		0
4		0
4.125		0
4.25		0
4.375		0
4.5		0
4.625		0
4.75		0
4.875		0
5		0
5.125		0
5.25		0
5.375		0
5.5		0
5.625		0
5.75		0
5.875		0
6		0
6.125		0
6.25		0
6.375		0
6.5		0
6.625		0
6.75		0
6.875		0
7		0
7.125		0
7.25		0
7.375		0
7.5		0
7.625		0
7.75		0
7.875		0
8		0
8.125		0
8.25		0
8.375		0
8.5		0
8.625		0
8.75		0
8.875		0
9		0
9.125		0
9.25		0
9.375		0
9.5		0
9.625		0
9.75		0
9.875		0
10		0
10.125		0
10.25		0
10.375		0
10.5		0
10.625		0
10.75		0
10.875		0
11		0
11.125		0
11.25		0
11.375		0
11.5		0
11.625		0
11.75		0
11.875		0
12		0
12.125		0
12.25		0
12.375		0
12.5		0
12.625		0
12.75		0
12.875		0
13		0
13.125		0
13.25		0
13.375		0
13.5		0
13.625		0
13.75		0
13.875		0
14		0
14.125		0
14.25		0
14.375		0
14.5		0
14.625		0
14.75		0
14.875		0
15		0
15.125		0
15.25		0
15.375		0
15.5		0
15.625		0
15.75		0
15.875		0
16		0
16.125		0
16.25		0
16.375		0
16.5		0
16.625		0
16.75		0
16.875		0
17		0
17.125		0
17.25		0
17.375		0
17.5		0
17.625		0
17.75		0
17.875		0
18		0
18.125		0
18.25		0
18.375		0
18.5		0
18.625		0
18.75		0
18.875		0
19		0
19.125		0
19.25		0
19.375		0
19.5		0
19.625		0
19.75		0
19.875		0
20		0
20.125		0
20.25		0
20.375		0
20.5		0
20.625		0
20.75		0
20.875		0
21		0
21.125		0
21.25		0
21.375		0
21.5		0
21.625		0
21.75		0
21.875		0
22		0
22.125		0
22.25		0
22.375		0
22.5		0
22.625		0
22.75		0
22.875		0
23		0
23.125		0
23.25		0
23.375		0
23.5		0
23.625		0
23.75		0
23.875		0
24		0
24.125		0
24.25		0
24.375		0
24.5		0
24.625		0
24.75		0
24.875		0
25		0
25.125		0
25.25		0
25.375		0
25.5		0
25.625		0
25.75		0
25.875		0
26		0
26.125		312.5
26.25		312.5
26.375		312.5
26.5		312.5
26.625		312.5
26.75		312.5
26.875		312.5
27		312.5
27.125		312.5
27.25		312.5
27.375		312.5
27.5		312.5
27.625		312.5
27.75		312.5
27.875		312.5
28		312.5
28.125		312.5
28.25		312.5
28.375		312.5
28.5		312.5
28.625		312.5
28.75		312.5
28.875		312.5
29		312.5
29.125		312.5
29.25		312.5
29.375		312.5
29.5		312.5
29.625		312.5
29.75		312.5
29.875		312.5
30		312.5
30.125		312.5
30.25		312.5
30.375		312.5
30.5		312.5
30.625		312.5
30.75		312.5
30.875		312.5
31		312.5
31.125		312.5
31.25		312.5
31.375		312.5
31.5		312.5
31.625		312.5
31.75		312.5
31.875		312.5
32		312.5
32.125		312.5
32.25		312.5
32.375		312.5
32.5		312.5
32.625		312.5
32.75		312.5
32.875		312.5
33		312.5
33.125		312.5
33.25		312.5
33.375		312.5
33.5		312.5
33.625		312.5
33.75		312.5
33.875		312.5
34		312.5
34.125		312.5
34.25		312.5
34.375		312.5
34.5		312.5
34.625		312.5
34.75		312.5
34.875		312.5
35		312.5
35.125		312.5
35.25		312.5
35.375		312.5
35.5		312.5
35.625		312.5
35.75		312.5
35.875		312.5
36		312.5
36.125		312.5
36.25		312.5
36.375		312.5
36.5		312.5
36.625		312.5
36.75		312.5
36.875		312.5
37		312.5
37.125		312.5
37.25		312.5
37.375		312.5
37.5		312.5
37.625		312.5
37.75		312.5
37.875		312.5
38		312.5
38.125		312.5
38.25		312.5
38.375		312.5
38.5		312.5
38.625		312.5
38.75		312.5
38.875		312.5
39		312.5
39.125		312.5
39.25		312.5
39.375		312.5
39.5		312.5
39.625		312.5
39.75		312.5
39.875		312.5
40		312.5
40.125		312.5
40.25		312.5
40.375		312.5
40.5		312.5
40.625		312.5
40.75		312.5
40.875		312.5
41		312.5
41.125		312.5
41.25		312.5
41.375		312.5
41.5		312.5
41.625		312.5
41.75		312.5
41.875		312.5
42		312.5
42.125		312.5
42.25		312.5
42.375		312.5
42.5		312.5
42.625		312.5
42.75		312.5
42.875		312.5
43		312.5
43.125		312.5
43.25		312.5
43.375		312.5
43.5		312.5
43.625		312.5
43.75		312.5
43.875		312.5
44		312.5
44.125		312.5
44.25		312.5
44.375		312.5
44.5		312.5
44.625		312.5
44.75		312.5
44.875		312.5
45		312.5
45.125		312.5
45.25		312.5
45.375		312.5
45.5		312.5
45.625		312.5
45.75		312.5
45.875		312.5
46		312.5
46.125		312.5
46.25		312.5
46.375		312.5
46.5		312.5
46.625		312.5
46.75		312.5
46.875		312.5
47		312.5
47.125		312.5
47.25		312.5
47.375		312.5
47.5		312.5
47.625		312.5
47.75		312.5
47.875		312.5
48		312.5
48.125		312.5
48.25		312.5
48.375		312.5
48.5		312.5
48.625		312.5
48.75		312.5
48.875		312.5
49		312.5
49.125		312.5
49.25		312.5
49.375		312.5
49.5		312.5
49.625		312.5
49.75		312.5
49.875		312.5
50		312.5
50.125		312.5
50.25		312.5
50.375		312.5
50.5		312.5
50.625		312.5
50.75		312.5
50.875		312.5
51		312.5
51.125		312.5
51.25		312.5
51.375		312.5
51.5		312.5
51.625		312.5
51.75		312.5
51.875		312.5
52		312.5
52.125		312.5
52.25		312.5
52.375		312.5
52.5		312.5
52.625		312.5
52.75		312.5
52.875		312.5
53		312.5
53.125		312.5
53.25		312.5
53.375		312.5
53.5		312.5
53.625		312.5
53.75		312.5
53.875		312.5
54		312.5
54.125		312.5
54.25		312.5
54.375		312.5
54.5		312.5
54.625		312.5
54.75		312.5
54.875		312.5
55		312.5
55.125		312.5
55.25		312.5
55.375		312.5
55.5		312.5
55.625		312.5
55.75		312.5
55.875		312.5
56		312.5
56.125		312.5
56.25		312.5
56.375		312.5
56.5		312.5
56.625		312.5
56.75		312.5
56.875		312.5
57		312.5
57.125		312.5
57.25		312.5
57.375		312.5
57.5		312.5
57.625		312.5
57.75		312.5
57.875		312.5
58		312.5
58.125		312.5
58.25		312.5
58.375		312.5
58.5		312.5
58.625		312.5
58.75		312.5
58.875		312.5
59		312.5
59.125		312.5
59.25		312.5
59.375		312.5
59.5		312.5
59.625		312.5
59.75		312.5
59.875		312.5
60		312.5
60.125		312.5
60.25		312.5
60.375		312.5
60.5		312.5
60.625		312.5
60.75		312.5
60.875		312.5
61		312.5
61.125		312.5
61.25		312.5
61.375		312.5
61.5		312.5
61.625		312.5
61.75		312.5
61.875		312.5
62		312.5
62.125		312.5
62.25		312.5
62.375		312.5
62.5		312.5
62.625		312.5
62.75		312.5
62.875		312.5
63		312.5
63.125		312.5
63.25		312.5
63.375		312.5
63.5		312.5
63.625		312.5
63.75		312.5
63.875		312.5
64		312.5
64.125		312.5
64.25		312.5
64.375		312.5
64.5		312.5
64.625		312.5
64.75		312.5
64.875		312.5
65		312.5
65.125		312.5
65.25		312.5
65.375		312.5
65.5		312.5
65.625		312.5
65.75		312.5
65.875		312.5
66		312.5
66.125		312.5
66.25		312.5
66.375		312.5
66.5		312.5
66.625		312.5
66.75		312.5
66.875		312.5
67		312.5
67.125		312.5
67.25		312.5
67.375		312.5
67.5		312.5
67.625		312.5
67.75		312.5
67.875		312.5
68		312.5
68.125		312.5
68.25		312.5
68.375		312.5
68.5		312.5
68.625		312.5
68.75		312.5
68.875		312.5
69		312.5
69.125		312.5
69.25		312.5
69.375		312.5
69.5		312.5
69.625		312.5
69.75		312.5
69.875		312.5
70		312.5
70.125		312.5
70.25		312.5
70.375		312.5
70.5		312.5
70.625		312.5
70.75		312.5
70.875		312.5
71		312.5
71.125		312.5
71.25		312.5
71.375		312.5
71.5		312.5
71.625		312.5
71.75		312.5
71.875		312.5
72		312.5
72.125		312.5
72.25		312.5
72.375		312.5
72.5		312.5
72.625		312.5
72.75		312.5
72.875		312.5
73		312.5
73.125		312.5
73.25		312.5
73.375		312.5
73.5		312.5
73.625		312.5
73.75		312.5
73.875		312.5
74		312.5
74.125		312.5
74.25		312.5
74.375		312.5
74.5		312.5
74.625		312.5
74.75		312.5
74.875		312.5
75		312.5
75.125		312.5
75.25		312.5
75.375		312.5
75.5		312.5
75.625		312.5
75.75		312.5
75.875		312.5
76		312.5
76.125		312.5
76.25		312.5
76.375		312.5
76.5		312.5
76.625		312.5
76.75		312.5
76.875		312.5
77		312.5
77.125		625
77.25		625
77.375		625
77.5		625
77.625		625
77.75		625
77.875		625
78		625
78.125		625
78.25		625
78.375		625
78.5		625
78.625		625
78.75		625
78.875		625
79		625
79.125		625
79.25		625
79.375		625
79.5		625
79.625		625
79.75		625
79.875		625
80		625
80.125		625
80.25		625
80.375		625
80.5		625
80.625		625
80.75		625
80.875		625
81		625
81.125		625
81.25		625
81.375		625
81.5		625
81.625		625
81.75		625
81.875		625
82		625
82.125		625
82.25		625
82.375		625
82.5		625
82.625		625
82.75		625
82.875		625
83		625
83.125		625
83.25		625
83.375		625
83.5		625
83.625		625
83.75		625
83.875		625
84		625
84.125		625
84.25		625
84.375		625
84.5		625
84.625		625
84.75		625
84.875		625
85		625
85.125		625
85.25		625
85.375		625
85.5		625
85.625		625
85.75		625
85.875		625
86		625
86.125		625
86.25		625
86.375		625
86.5		625
86.625		625
86.75		625
86.875		625
87		625
87.125		625
87.25		625
87.375		625
87.5		625
87.625		625
87.75		625
87.875		625
88		625
88.125		625
88.25		625
88.375		625
88.5		625
88.625		625
88.75		625
88.875		625
89		625
89.125		625
89.25		625
89.375		625
89.5		625
89.625		625
89.75		625
89.875		625
90		625
90.125		625
90.25		625
90.375		625
90.5		625
90.625		625
90.75		625
90.875		625
91		625
91.125		625
91.25		625
91.375		625
91.5		625
91.625		625
91.75		625
91.875		625
92		625
92.125		625
92.25		625
92.375		625
92.5		625
92.625		625
92.75		625
92.875		625
93		625
93.125		625
93.25		625
93.375		625
93.5		625
93.625		625
93.75		625
93.875		625
94		625
94.125		625
94.25		625
94.375		625
94.5		625
94.625		625
94.75		625
94.875		625
95		625
95.125		625
95.25		625
95.375		625
95.5		625
95.625		625
95.75		625
95.875		625
96		625
96.125		625
96.25		625
96.375		625
96.5		625
96.625		625
96.75		625
96.875		625
97		625
97.125		625
97.25		625
97.375		625
97.5		625
97.625		625
97.75		625
97.875		625
98		625
98.125		625
98.25		625
98.375		625
98.5		625
98.625		625
98.75		625
98.875		625
99		625
99.125		625
99.25		625
99.375		625
99.5		625
99.625		625
99.75		625
99.875		625
100		625
100.125		625
100.25		625
100.375		625
100.5		625
100.625		625
100.75		625
100.875		625
101		625
101.125		625
101.25		625
101.375		625
101.5		625
101.625		625
101.75		625
101.875		625
102		625
102.125		625
102.25		625
102.375		625
102.5		625
102.625		625
102.75		625
102.875		625
103		625
103.125		625
103.25		625
103.375		625
103.5		625
103.625		625
103.75		625
103.875		625
104		625
104.125		625
104.25		625
104.375		625
104.5		625
104.625		625
104.75		625
104.875		625
105		625
105.125		625
105.25		625
105.375		625
105.5		625
105.625		625
105.75		625
105.875		625
106		625
106.125		625
106.25		625
106.375		625
106.5		625
106.625		625
106.75		625
106.875		625
107		625
107.125		625
107.25		625
107.375		625
107.5		625
107.625		625
107.75		625
107.875		625
108		625
108.125		625
108.25		625
108.375		625
108.5		625
108.625		625
108.75		625
108.875		625
109		625
109.125		625
109.25		625
109.375		625
109.5		625
109.625		625
109.75		625
109.875		625
110		625
110.125		625
110.25		625
110.375		625
110.5		625
110.625		625
110.75		625
110.875		625
111		625
111.125		625
111.25		625
111.375		625
111.5		625
111.625		625
111.75		625
111.875		625
112		625
112.125		625
112.25		625
112.375		625
112.5		625
112.625		625
112.75		625
112.875		625
113		625
113.125		625
113.25		625
113.375		625
113.5		625
113.625		625
113.75		625
113.875		625
114		625
114.125		625
114.25		625
114.375		625
114.5		625
114.625		625
114.75		625
114.875		625
115		625
115.125		625
115.25		625
115.375		625
115.5		625
115.625		625
115.75		625
115.875		625
116		625
116.125		937.5
116.25		937.5
116.375		937.5
116.5		937.5
116.625		937.5
116.75		937.5
116.875		937.5
117		937.5
117.125		937.5
117.25		937.5
117.375		937.5
117.5		937.5
117.625		937.5
117.75		937.5
117.875		937.5
118		937.5
118.125		937.5
118.25		937.5
118.375		937.5
118.5		937.5
118.625		937.5
118.75		937.5
118.875		937.5
119		937.5
119.125		937.5
119.25		937.5
119.375		937.5
119.5		937.5
119.625		937.5
119.75		937.5
119.875		937.5
120		937.5
120.125		1250
120.25		1250
120.375		1250
120.5		1250
120.625		1250
120.75		1250
120.875		1250
121		1250
121.125		1250
121.25		1250
121.375		1250
121.5		1250
121.625		1250
121.75		1250
121.875		1250
122		1250
122.125		1250
122.25		1250
122.375		1250
122.5		1250
122.625		1250
122.75		1250
122.875		1250
123		1250
123.125		1250
123.25		1250
123.375		1250
123.5		1250
123.625		1250
123.75		1250
123.875		1250
124		1250
124.125		1250
124.25		1250
124.375		1250
124.5		1250
124.625		1250
124.75		1250
124.875		1250
125		1250
125.125		1250
125.25		1250
125.375		1250
125.5		1250
125.625		1250
125.75		1250
125.875		1250
126		1250
126.125		1250
126.25		1250
126.375		1250
126.5		1250
126.625		1250
126.75		1250
126.875		1250
127		1250
127.125		1250
127.25		1250
127.375		1250
127.5		1250
127.625		1250
127.75		1250
127.875		1250
128		1250
128.125		1250
128.25		1250
128.375		1250
128.5		1250
128.625		1250
128.75		1250
128.875		1250
129		1250
129.125		1250
129.25		1250
129.375		1250
129.5		1250
129.625		1250
129.75		1250
129.875		1250
130		1250
130.125		1250
130.25		1250
130.375		1250
130.5		1250
130.625		1250
130.75		1250
130.875		1250
131		1250
131.125		1250
131.25		1250
131.375		1250
131.5		1250
131.625		1250
131.75		1250
131.875		1250
132		1250
132.125		1562.5
132.25		1562.5
132.375		1562.5
132.5		1562.5
132.625		1562.5
132.75		1562.5
132.875		1562.5
133		1562.5
133.125		1562.5
133.25		1562.5
133.375		1562.5
133.5		1562.5
133.625		1562.5
133.75		1562.5
133.875		1562.5
134		1562.5
134.125		1562.5
134.25		1562.5
134.375		1562.5
134.5		1562.5
134.625		1562.5
134.75		1562.5
134.875		1562.5
135		1562.5
135.125		1562.5
135.25		1562.5
135.375		1562.5
135.5		1562.5
135.625		1562.5
135.75		1562.5
135.875		1562.5
136		1562.5
136.125		1562.5
136.25		1562.5
136.375		1562.5
136.5		1562.5
136.625		1562.5
136.75		1562.5
136.875		1562.5
137		1562.5
137.125		1562.5
137.25		1562.5
137.375		1562.5
137.5		1562.5
137.625		1562.5
137.75		1562.5
137.875		1562.5
138		1562.5
138.125		1562.5
138.25		1562.5
138.375		1562.5
138.5		1562.5
138.625		1562.5
138.75		1562.5
138.875		1562.5
139		1562.5
139.125		1562.5
139.25		1562.5
139.375		1562.5
139.5		1562.5
139.625		1562.5
139.75		1562.5
139.875		1562.5
140		1562.5
140.125		1562.5
140.25		1562.5
140.375		1562.5
140.5		1562.5
140.625		1562.5
140.75		1562.5
140.875		1562.5
141		1562.5
141.125		1562.5
141.25		1562.5
141.375		1562.5
141.5		1562.5
141.625		1562.5
141.75		1562.5
141.875		1562.5
142		1562.5
142.125		1562.5
142.25		1562.5
142.375		1562.5
142.5		1562.5
142.625		1562.5
142.75		1562.5
142.875		1562.5
143		1562.5
143.125		1562.5
143.25		1562.5
143.375		1562.5
143.5		1562.5
143.625		1562.5
143.75		1562.5
143.875		1562.5
144		1562.5
144.125		1562.5
144.25		1562.5
144.375		1562.5
144.5		1562.5
144.625		1562.5
144.75		1562.5
144.875		1562.5
145		1562.5
145.125		1562.5
145.25		1562.5
145.375		1562.5
145.5		1562.5
145.625		1562.5
145.75		1562.5
145.875		1562.5
146		1562.5
146.125		1562.5
146.25		1562.5
146.375		1562.5
146.5		1562.5
146.625		1562.5
146.75		1562.5
146.875		1562.5
147		1562.5
147.125		1562.5
147.25		1562.5
147.375		1562.5
147.5		1562.5
147.625		1562.5
147.75		1562.5
147.875		1562.5
148		1562.5
148.125		1562.5
148.25		1562.5
148.375		1562.5
148.5		1562.5
148.625		1562.5
148.75		1562.5
148.875		1562.5
149		1562.5
149.125		1562.5
149.25		1562.5
149.375		1562.5
149.5		1562.5
149.625		1562.5
149.75		1562.5
149.875		1562.5
150		1562.5
150.125		1562.5
150.25		1562.5
150.375		1562.5
150.5		1562.5
150.625		1562.5
150.75		1562.5
150.875		1562.5
151		1562.5
151.125		1562.5
151.25		1562.5
151.375		1562.5
151.5		1562.5
151.625		1562.5
151.75		1562.5
151.875		1562.5
152		1562.5
152.125		1562.5
152.25		1562.5
152.375		1562.5
152.5		1562.5
152.625		1562.5
152.75		1562.5
152.875		1562.5
153		1562.5
153.125		1562.5
153.25		1562.5
153.375		1562.5
153.5		1562.5
153.625		1562.5
153.75		1562.5
153.875		1562.5
154		1562.5
154.125		1562.5
154.25		1562.5
154.375		1562.5
154.5		1562.5
154.625		1562.5
154.75		1562.5
154.875		1562.5
155		1562.5
155.125		1562.5
155.25		1562.5
155.375		1562.5
155.5		1562.5
155.625		1562.5
155.75		1562.5
155.875		1562.5
156		1562.5
156.125		1562.5
156.25		1562.5
156.375		1562.5
156.5		1562.5
156.625		1562.5
156.75		1562.5
156.875		1562.5
157		1562.5
157.125		1562.5
157.25		1562.5
157.375		1562.5
157.5		1562.5
157.625		1562.5
157.75		1562.5
157.875		1562.5
158		1562.5
158.125		1562.5
158.25		1562.5
158.375		1562.5
158.5		1562.5
158.625		1562.5
158.75		1562.5
158.875		1562.5
159		1562.5
159.125		1562.5
159.25		1562.5
159.375		1562.5
159.5		1562.5
159.625		1562.5
159.75		1562.5
159.875		1562.5
160		1562.5
160.125		1562.5
160.25		1562.5
160.375		1562.5
160.5		1562.5
160.625		1562.5
160.75		1562.5
160.875		1562.5
161		1562.5
161.125		1562.5
161.25		1562.5
161.375		1562.5
161.5		1562.5
161.625		1562.5
161.75		1562.5
161.875		1562.5
162		1562.5
162.125		1562.5
162.25		1562.5
162.375		1562.5
162.5		1562.5
162.625		1562.5
162.75		1562.5
162.875		1562.5
163		1562.5
163.125		1562.5
163.25		1562.5
163.375		1562.5
163.5		1562.5
163.625		1562.5
163.75		1562.5
163.875		1562.5
164		1562.5
164.125		1562.5
164.25		1562.5
164.375		1562.5
164.5		1562.5
164.625		1562.5
164.75		1562.5
164.875		1562.5
165		1562.5
165.125		1562.5
165.25		1562.5
165.375		1562.5
165.5		1562.5
165.625		1562.5
165.75		1562.5
165.875		1562.5
166		1562.5
166.125		1562.5
166.25		1562.5
166.375		1562.5
166.5		1562.5
166.625		1562.5
166.75		1562.5
166.875		1562.5
167		1562.5
167.125		1562.5
167.25		1562.5
167.375		1562.5
167.5		1562.5
167.625		1562.5
167.75		1562.5
167.875		1562.5
168		1562.5
168.125		1875
168.25		1875
168.375		1875
168.5		1875
168.625		1875
168.75		1875
168.875		1875
169		1875
169.125		1875
169.25		1875
169.375		1875
169.5		1875
169.625		1875
169.75		1875
169.875		1875
170		1875
170.125		1875
170.25		1875
170.375		1875
170.5		1875
170.625		1875
170.75		1875
170.875		1875
171		1875
171.125		1875
171.25		1875
171.375		1875
171.5		1875
171.625		1875
171.75		1875
171.875		1875
172		1875
172.125		1875
172.25		1875
172.375		1875
172.5		1875
172.625		1875
172.75		1875
172.875		1875
173		1875
173.125		1875
173.25		1875
173.375		1875
173.5		1875
173.625		1875
173.75		1875
173.875		1875
174		1875
174.125		1875
174.25		1875
174.375		1875
174.5		1875
174.625		1875
174.75		1875
174.875		1875
175		1875
175.125		1875
175.25		1875
175.375		1875
175.5		1875
175.625		1875
175.75		1875
175.875		1875
176		1875
176.125		1875
176.25		1875
176.375		1875
176.5		1875
176.625		1875
176.75		1875
176.875		1875
177		1875
177.125		1875
177.25		1875
177.375		1875
177.5		1875
177.625		1875
177.75		1875
177.875		1875
178		1875
178.125		1875
178.25		1875
178.375		1875
178.5		1875
178.625		1875
178.75		1875
178.875		1875
179		1875
179.125		1875
179.25		1875
179.375		1875
179.5		1875
179.625		1875
179.75		1875
179.875		1875
180		1875
180.125		1875
180.25		1875
180.375		1875
180.5		1875
180.625		1875
180.75		1875
180.875		1875
181		1875
181.125		1875
181.25		1875
181.375		1875
181.5		1875
181.625		1875
181.75		1875
181.875		1875
182		1875
182.125		1875
182.25		1875
182.375		1875
182.5		1875
182.625		1875
182.75		1875
182.875		1875
183		1875
183.125		1875
183.25		1875
183.375		1875
183.5		1875
183.625		1875
183.75		1875
183.875		1875
184		1875
184.125		1875
184.25		1875
184.375		1875
184.5		1875
184.625		1875
184.75		1875
184.875		1875
185		1875
185.125		1875
185.25		1875
185.375		1875
185.5		1875
185.625		1875
185.75		1875
185.875		1875
186		1875
186.125		1875
186.25		1875
186.375		1875
186.5		1875
186.625		1875
186.75		1875
186.875		1875
187		1875
187.125		1875
187.25		1875
187.375		1875
187.5		1875
187.625		1875
187.75		1875
187.875		1875
188		1875
188.125		1875
188.25		1875
188.375		1875
188.5		1875
188.625		1875
188.75		1875
188.875		1875
189		1875
189.125		1875
189.25		1875
189.375		1875
189.5		1875
189.625		1875
189.75		1875
189.875		1875
190		1875
190.125		1875
190.25		1875
190.375		1875
190.5		1875
190.625		1875
190.75		1875
190.875		1875
191		1875
191.125		1875
191.25		1875
191.375		1875
191.5		1875
191.625		1875
191.75		1875
191.875		1875
192		1875
192.125		1875
192.25		1875
192.375		1875
192.5		1875
192.625		1875
192.75		1875
192.875		1875
193		1875
193.125		1875
193.25		1875
193.375		1875
193.5		1875
193.625		1875
193.75		1875
193.875		1875
194		1875
194.125		1875
194.25		1875
194.375		1875
194.5		1875
194.625		1875
194.75		1875
194.875		1875
195		1875
195.125		1875
195.25		1875
195.375		1875
195.5		1875
195.625		1875
195.75		1875
195.875		1875
196		1875
196.125		1875
196.25		1875
196.375		1875
196.5		1875
196.625		1875
196.75		1875
196.875		1875
197		1875
197.125		1875
197.25		1875
197.375		1875
197.5		1875
197.625		1875
197.75		1875
197.875		1875
198		1875
198.125		1875
198.25		1875
198.375		1875
198.5		1875
198.625		1875
198.75		1875
198.875		1875
199		1875
199.125		1875
199.25		1875
199.375		1875
199.5		1875
199.625		1875
199.75		1875
199.875		1875
200		1875
200.125		1875
200.25		1875
200.375		1875
200.5		1875
200.625		1875
200.75		1875
200.875		1875
201		1875
201.125		1875
201.25		1875
201.375		1875
201.5		1875
201.625		1875
201.75		1875
201.875		1875
202		1875
202.125		1875
202.25		1875
202.375		1875
202.5		1875
202.625		1875
202.75		1875
202.875		1875
203		1875
203.125		1875
203.25		1875
203.375		1875
203.5		1875
203.625		1875
203.75		1875
203.875		1875
204		1875
204.125		1875
204.25		1875
204.375		1875
204.5		1875
204.625		1875
204.75		1875
204.875		1875
205		1875
205.125		1875
205.25		1875
205.375		1875
205.5		1875
205.625		1875
205.75		1875
205.875		1875
206		1875
206.125		1875
206.25		1875
206.375		1875
206.5		1875
206.625		1875
206.75		1875
206.875		1875
207		1875
207.125		1875
207.25		1875
207.375		1875
207.5		1875
207.625		1875
207.75		1875
207.875		1875
208		1875
208.125		1875
208.25		1875
208.375		1875
208.5		1875
208.625		1875
208.75		1875
208.875		1875
209		1875
209.125		1875
209.25		1875
209.375		1875
209.5		1875
209.625		1875
209.75		1875
209.875		1875
210		1875
210.125		1875
210.25		1875
210.375		1875
210.5		1875
210.625		1875
210.75		1875
210.875		1875
211		1875
211.125		1875
211.25		1875
211.375		1875
211.5		1875
211.625		1875
211.75		1875
211.875		1875
212		1875
212.125		1875
212.25		1875
212.375		1875
212.5		1875
212.625		1875
212.75		1875
212.875		1875
213		1875
213.125		1875
213.25		1875
213.375		1875
213.5		1875
213.625		1875
213.75		1875
213.875		1875
214		1875
214.125		1875
214.25		1875
214.375		1875
214.5		1875
214.625		1875
214.75		1875
214.875		1875
215		1875
215.125		1875
215.25		1875
215.375		1875
215.5		1875
215.625		1875
215.75		1875
215.875		1875
216		1875
216.125		1875
216.25		1875
216.375		1875
216.5		1875
216.625		1875
216.75		1875
216.875		1875
217		1875
217.125		1875
217.25		1875
217.375		1875
217.5		1875
217.625		1875
217.75		1875
217.875		1875
218		1875
218.125		1875
218.25		1875
218.375		1875
218.5		1875
218.625		1875
218.75		1875
218.875		1875
219		1875
219.125		1875
219.25		1875
219.375		1875
219.5		1875
219.625		1875
219.75		1875
219.875		1875
220		1875
220.125		1875
220.25		1875
220.375		1875
220.5		1875
220.625		1875
220.75		1875
220.875		1875
221		1875
221.125		1875
221.25		1875
221.375		1875
221.5		1875
221.625		1875
221.75		1875
221.875		1875
222		1875
222.125		1875
222.25		1875
222.375		1875
222.5		1875
222.625		1875
222.75		1875
222.875		1875
223		1875
223.125		1875
223.25		1875
223.375		1875
223.5		1875
223.625		1875
223.75		1875
223.875		1875
224		1875
224.125		1875
224.25		1875
224.375		1875
224.5		1875
224.625		1875
224.75		1875
224.875		1875
225		1875
225.125		1875
225.25		1875
225.375		1875
225.5		1875
225.625		1875
225.75		1875
225.875		1875
226		1875
226.125		1875
226.25		1875
226.375		1875
226.5		1875
226.625		1875
226.75		1875
226.875		1875
227		1875
227.125		1875
227.25		1875
227.375		1875
227.5		1875
227.625		1875
227.75		1875
227.875		1875
228		1875
228.125		1875
228.25		1875
228.375		1875
228.5		1875
228.625		1875
228.75		1875
228.875		1875
229		1875
229.125		1875
229.25		1875
229.375		1875
229.5		1875
229.625		1875
229.75		1875
229.875		1875
230		1875
230.125		1875
230.25		1875
230.375		1875
230.5		1875
230.625		1875
230.75		1875
230.875		1875
231		1875
231.125		1875
231.25		1875
231.375		1875
231.5		1875
231.625		1875
231.75		1875
231.875		1875
232		1875
232.125		1875
232.25		1875
232.375		1875
232.5		1875
232.625		1875
232.75		1875
232.875		1875
233		1875
233.125		1875
233.25		1875
233.375		1875
233.5		1875
233.625		1875
233.75		1875
233.875		1875
234		1875
234.125		1875
234.25		1875
234.375		1875
234.5		1875
234.625		1875
234.75		1875
234.875		1875
235		1875
235.125		1875
235.25		1875
235.375		1875
235.5		1875
235.625		1875
235.75		1875
235.875		1875
236		1875
236.125		1875
236.25		1875
236.375		1875
236.5		1875
236.625		1875
236.75		1875
236.875		1875
237		1875
237.125		2187.5
237.25		2187.5
237.375		2187.5
237.5		2187.5
237.625		2187.5
237.75		2187.5
237.875		2187.5
238		2187.5
238.125		2187.5
238.25		2187.5
238.375		2187.5
238.5		2187.5
238.625		2187.5
238.75		2187.5
238.875		2187.5
239		2187.5
239.125		2187.5
239.25		2187.5
239.375		2187.5
239.5		2187.5
239.625		2187.5
239.75		2187.5
239.875		2187.5
240		2187.5
240.125		2187.5
240.25		2187.5
240.375		2187.5
240.5		2187.5
240.625		2187.5
240.75		2187.5
240.875		2187.5
241		2187.5
241.125		2187.5
241.25		2187.5
241.375		2187.5
241.5		2187.5
241.625		2187.5
241.75		2187.5
241.875		2187.5
242		2187.5
242.125		2187.5
242.25		2187.5
242.375		2187.5
242.5		2187.5
242.625		2187.5
242.75		2187.5
242.875		2187.5
243		2187.5
243.125		2187.5
243.25		2187.5
243.375		2187.5
243.5		2187.5
243.625		2187.5
243.75		2187.5
243.875		2187.5
244		2187.5
244.125		2187.5
244.25		2187.5
244.375		2187.5
244.5		2187.5
244.625		2187.5
244.75		2187.5
244.875		2187.5
245		2187.5
245.125		2187.5
245.25		2187.5
245.375		2187.5
245.5		2187.5
245.625		2187.5
245.75		2187.5
245.875		2187.5
246		2187.5
246.125		2187.5
246.25		2187.5
246.375		2187.5
246.5		2187.5
246.625		2187.5
246.75		2187.5
246.875		2187.5
247		2187.5
247.125		2187.5
247.25		2187.5
247.375		2187.5
247.5		2187.5
247.625		2187.5
247.75		2187.5
247.875		2187.5
248		2187.5
248.125		2187.5
248.25		2187.5
248.375		2187.5
248.5		2187.5
248.625		2187.5
248.75		2187.5
248.875		2187.5
249		2187.5
249.125		2187.5
249.25		2187.5
249.375		2187.5
249.5		2187.5
249.625		2187.5
249.75		2187.5
249.875		2187.5
250		2187.5
250.125		2187.5
250.25		2187.5
250.375		2187.5
250.5		2187.5
250.625		2187.5
250.75		2187.5
250.875		2187.5
251		2187.5
251.125		2187.5
251.25		2187.5
251.375		2187.5
251.5		2187.5
251.625		2187.5
251.75		2187.5
251.875		2187.5
252		2187.5
252.125		2187.5
252.25		2187.5
252.375		2187.5
252.5		2187.5
252.625		2187.5
252.75		2187.5
252.875		2187.5
253		2187.5
253.125		2187.5
253.25		2187.5
253.375		2187.5
253.5		2187.5
253.625		2187.5
253.75		2187.5
253.875		2187.5
254		2187.5
254.125		2187.5
254.25		2187.5
254.375		2187.5
254.5		2187.5
254.625		2187.5
254.75		2187.5
254.875		2187.5
255		2187.5
255.125		2187.5
255.25		2187.5
255.375		2187.5
255.5		2187.5
255.625		2187.5
255.75		2187.5
255.875		2187.5
256		2187.5
256.125		2187.5
256.25		2187.5
256.375		2187.5
256.5		2187.5
256.625		2187.5
256.75		2187.5
256.875		2187.5
257		2187.5
257.125		2187.5
257.25		2187.5
257.375		2187.5
257.5		2187.5
257.625		2187.5
257.75		2187.5
257.875		2187.5
258		2187.5
258.125		2187.5
258.25		2187.5
258.375		2187.5
258.5		2187.5
258.625		2187.5
258.75		2187.5
258.875		2187.5
259		2187.5
259.125		2187.5
259.25		2187.5
259.375		2187.5
259.5		2187.5
259.625		2187.5
259.75		2187.5
259.875		2187.5
260		2187.5
260.125		2187.5
260.25		2187.5
260.375		2187.5
260.5		2187.5
260.625		2187.5
260.75		2187.5
260.875		2187.5
261		2187.5
261.125		2187.5
261.25		2187.5
261.375		2187.5
261.5		2187.5
261.625		2187.5
261.75		2187.5
261.875		2187.5
262		2187.5
262.125		2187.5
262.25		2187.5
262.375		2187.5
262.5		2187.5
262.625		2187.5
262.75		2187.5
262.875		2187.5
263		2187.5
263.125		2187.5
263.25		2187.5
263.375		2187.5
263.5		2187.5
263.625		2187.5
263.75		2187.5
263.875		2187.5
264		2187.5
264.125		2187.5
264.25		2187.5
264.375		2187.5
264.5		2187.5
264.625		2187.5
264.75		2187.5
264.875		2187.5
265		2187.5
265.125		2187.5
265.25		2187.5
265.375		2187.5
265.5		2187.5
265.625		2187.5
265.75		2187.5
265.875		2187.5
266		2187.5
266.125		2187.5
266.25		2187.5
266.375		2187.5
266.5		2187.5
266.625		2187.5
266.75		2187.5
266.875		2187.5
267		2187.5
267.125		2187.5
267.25		2187.5
267.375		2187.5
267.5		2187.5
267.625		2187.5
267.75		2187.5
267.875		2187.5
268		2187.5
268.125		2187.5
268.25		2187.5
268.375		2187.5
268.5		2187.5
268.625		2187.5
268.75		2187.5
268.875		2187.5
269		2187.5
269.125		2187.5
269.25		2187.5
269.375		2187.5
269.5		2187.5
269.625		2187.5
269.75		2187.5
269.875		2187.5
270		2187.5
270.125		2187.5
270.25		2187.5
270.375		2187.5
270.5		2187.5
270.625		2187.5
270.75		2187.5
270.875		2187.5
271		2187.5
271.125		2187.5
271.25		2187.5
271.375		2187.5
271.5		2187.5
271.625		2187.5
271.75		2187.5
271.875		2187.5
272		2187.5
272.125		2187.5
272.25		2187.5
272.375		2187.5
272.5		2187.5
272.625		2187.5
272.75		2187.5
272.875		2187.5
273		2187.5
273.125		2187.5
273.25		2187.5
273.375		2187.5
273.5		2187.5
273.625		2187.5
273.75		2187.5
273.875		2187.5
274		2187.5
274.125		2187.5
274.25		2187.5
274.375		2187.5
274.5		2187.5
274.625		2187.5
274.75		2187.5
274.875		2187.5
275		2187.5
275.125		2187.5
275.25		2187.5
275.375		2187.5
275.5		2187.5
275.625		2187.5
275.75		2187.5
275.875		2187.5
276		2187.5
276.125		2187.5
276.25		2187.5
276.375		2187.5
276.5		2187.5
276.625		2187.5
276.75		2187.5
276.875		2187.5
277		2187.5
277.125		2187.5
277.25		2187.5
277.375		2187.5
277.5		2187.5
277.625		2187.5
277.75		2187.5
277.875		2187.5
278		2187.5
278.125		2187.5
278.25		2187.5
278.375		2187.5
278.5		2187.5
278.625		2187.5
278.75		2187.5
278.875		2187.5
279		2187.5
279.125		2187.5
279.25		2187.5
279.375		2187.5
279.5		2187.5
279.625		2187.5
279.75		2187.5
279.875		2187.5
280		2187.5
280.125		2187.5
280.25		2187.5
280.375		2187.5
280.5		2187.5
280.625		2187.5
280.75		2187.5
280.875		2187.5
281		2187.5
281.125		2187.5
281.25		2187.5
281.375		2187.5
281.5		2187.5
281.625		2187.5
281.75		2187.5
281.875		2187.5
282		2187.5
282.125		2187.5
282.25		2187.5
282.375		2187.5
282.5		2187.5
282.625		2187.5
282.75		2187.5
282.875		2187.5
283		2187.5
283.125		2187.5
283.25		2187.5
283.375		2187.5
283.5		2187.5
283.625		2187.5
283.75		2187.5
283.875		2187.5
284		2187.5
284.125		2187.5
284.25		2187.5
284.375		2187.5
284.5		2187.5
284.625		2187.5
284.75		2187.5
284.875		2187.5
285		2187.5
285.125		2187.5
285.25		2187.5
285.375		2187.5
285.5		2187.5
285.625		2187.5
285.75		2187.5
285.875		2187.5
286		2187.5
286.125		2187.5
286.25		2187.5
286.375		2187.5
286.5		2187.5
286.625		2187.5
286.75		2187.5
286.875		2187.5
287		2187.5
287.125		2187.5
287.25		2187.5
287.375		2187.5
287.5		2187.5
287.625		2187.5
287.75		2187.5
287.875		2187.5
288		2187.5
288.125		2187.5
288.25		2187.5
288.375		2187.5
288.5		2187.5
288.625		2187.5
288.75		2187.5
288.875		2187.5
289		2187.5
289.125		2187.5
289.25		2187.5
289.375		2187.5
289.5		2187.5
289.625		2187.5
289.75		2187.5
289.875		2187.5
290		2187.5
290.125		2187.5
290.25		2187.5
290.375		2187.5
290.5		2187.5
290.625		2187.5
290.75		2187.5
290.875		2187.5
291		2187.5
291.125		2187.5
291.25		2187.5
291.375		2187.5
291.5		2187.5
291.625		2187.5
291.75		2187.5
291.875		2187.5
292		2187.5
292.125		2187.5
292.25		2187.5
292.375		2187.5
292.5		2187.5
292.625		2187.5
292.75		2187.5
292.875		2187.5
293		2187.5
293.125		2187.5
293.25		2187.5
293.375		2187.5
293.5		2187.5
293.625		2187.5
293.75		2187.5
293.875		2187.5
294		2187.5
294.125		2187.5
294.25		2187.5
294.375		2187.5
294.5		2187.5
294.625		2187.5
294.75		2187.5
294.875		2187.5
295		2187.5
295.125		2187.5
295.25		2187.5
295.375		2187.5
295.5		2187.5
295.625		2187.5
295.75		2187.5
295.875		2187.5
296		2187.5
296.125		2187.5
296.25		2187.5
296.375		2187.5
296.5		2187.5
296.625		2187.5
296.75		2187.5
296.875		2187.5
297		2187.5
297.125		2187.5
297.25		2187.5
297.375		2187.5
297.5		2187.5
297.625		2187.5
297.75		2187.5
297.875		2187.5
298		2187.5
298.125		2187.5
298.25		2187.5
298.375		2187.5
298.5		2187.5
298.625		2187.5
298.75		2187.5
298.875		2187.5
299		2187.5
299.125		2187.5
299.25		2187.5
299.375		2187.5
299.5		2187.5
299.625		2187.5
299.75		2187.5
299.875		2187.5
300		2187.5
300.125		2187.5
300.25		2187.5
300.375		2187.5
300.5		2187.5
300.625		2187.5
300.75		2187.5
300.875		2187.5
301		2187.5
301.125		2187.5
301.25		2187.5
301.375		2187.5
301.5		2187.5
301.625		2187.5
301.75		2187.5
301.875		2187.5
302		2187.5
302.125		2187.5
302.25		2187.5
302.375		2187.5
302.5		2187.5
302.625		2187.5
302.75		2187.5
302.875		2187.5
303		2187.5
303.125		2187.5
303.25		2187.5
303.375		2187.5
303.5		2187.5
303.625		2187.5
303.75		2187.5
303.875		2187.5
304		2187.5
304.125		2187.5
304.25		2187.5
304.375		2187.5
304.5		2187.5
304.625		2187.5
304.75		2187.5
304.875		2187.5
305		2187.5
305.125		2187.5
305.25		2187.5
305.375		2187.5
305.5		2187.5
305.625		2187.5
305.75		2187.5
305.875		2187.5
306		2187.5
306.125		2187.5
306.25		2187.5
306.375		2187.5
306.5		2187.5
306.625		2187.5
306.75		2187.5
306.875		2187.5
307		2187.5
307.125		2187.5
307.25		2187.5
307.375		2187.5
307.5		2187.5
307.625		2187.5
307.75		2187.5
307.875		2187.5
308		2187.5
308.125		2187.5
308.25		2187.5
308.375		2187.5
308.5		2187.5
308.625		2187.5
308.75		2187.5
308.875		2187.5
309		2187.5
309.125		2187.5
309.25		2187.5
309.375		2187.5
309.5		2187.5
309.625		2187.5
309.75		2187.5
309.875		2187.5
310		2187.5
310.125		2187.5
310.25		2187.5
310.375		2187.5
310.5		2187.5
310.625		2187.5
310.75		2187.5
310.875		2187.5
311		2187.5
311.125		2187.5
311.25		2187.5
311.375		2187.5
311.5		2187.5
311.625		2187.5
311.75		2187.5
311.875		2187.5
312		2187.5
312.125		2187.5
312.25		2187.5
312.375		2187.5
312.5		2187.5
312.625		2187.5
312.75		2187.5
312.875		2187.5
313		2187.5
313.125		2187.5
313.25		2187.5
313.375		2187.5
313.5		2187.5
313.625		2187.5
313.75		2187.5
313.875		2187.5
314		2187.5
314.125		2187.5
314.25		2187.5
314.375		2187.5
314.5		2187.5
314.625		2187.5
314.75		2187.5
314.875		2187.5
315		2187.5
315.125		2187.5
315.25		2187.5
315.375		2187.5
315.5		2187.5
315.625		2187.5
315.75		2187.5
315.875		2187.5
316		2187.5
316.125		2187.5
316.25		2187.5
316.375		2187.5
316.5		2187.5
316.625		2187.5
316.75		2187.5
316.875		2187.5
317		2187.5
317.125		2187.5
317.25		2187.5
317.375		2187.5
317.5		2187.5
317.625		2187.5
317.75		2187.5
317.875		2187.5
318		2187.5
318.125		2187.5
318.25		2187.5
318.375		2187.5
318.5		2187.5
318.625		2187.5
318.75		2187.5
318.875		2187.5
319		2187.5
319.125		2187.5
319.25		2187.5
319.375		2187.5
319.5		2187.5
319.625		2187.5
319.75		2187.5
319.875		2187.5
320		2187.5
320.125		2187.5
320.25		2187.5
320.375		2187.5
320.5		2187.5
320.625		2187.5
320.75		2187.5
320.875		2187.5
321		2187.5
321.125		2187.5
321.25		2187.5
321.375		2187.5
321.5		2187.5
321.625		2187.5
321.75		2187.5
321.875		2187.5
322		2187.5
322.125		2187.5
322.25		2187.5
322.375		2187.5
322.5		2187.5
322.625		2187.5
322.75		2187.5
322.875		2187.5
323		2187.5
323.125		2187.5
323.25		2187.5
323.375		2187.5
323.5		2187.5
323.625		2187.5
323.75		2187.5
323.875		2187.5
324		2187.5
324.125		2187.5
324.25		2187.5
324.375		2187.5
324.5		2187.5
324.625		2187.5
324.75		2187.5
324.875		2187.5
325		2187.5
325.125		2187.5
325.25		2187.5
325.375		2187.5
325.5		2187.5
325.625		2187.5
325.75		2187.5
325.875		2187.5
326		2187.5
326.125		2187.5
326.25		2187.5
326.375		2187.5
326.5		2187.5
326.625		2187.5
326.75		2187.5
326.875		2187.5
327		2187.5
327.125		2187.5
327.25		2187.5
327.375		2187.5
327.5		2187.5
327.625		2187.5
327.75		2187.5
327.875		2187.5
328		2187.5
328.125		2187.5
328.25		2187.5
328.375		2187.5
328.5		2187.5
328.625		2187.5
328.75		2187.5
328.875		2187.5
329		2187.5
329.125		2187.5
329.25		2187.5
329.375		2187.5
329.5		2187.5
329.625		2187.5
329.75		2187.5
329.875		2187.5
330		2187.5
330.125		2187.5
330.25		2187.5
330.375		2187.5
330.5		2187.5
330.625		2187.5
330.75		2187.5
330.875		2187.5
331		2187.5
331.125		2187.5
331.25		2187.5
331.375		2187.5
331.5		2187.5
331.625		2187.5
331.75		2187.5
331.875		2187.5
332		2187.5
332.125		2500
332.25		2500
332.375		2500
332.5		2500
332.625		2500
332.75		2500
332.875		2500
333		2500
333.125		2500
333.25		2500
333.375		2500
333.5		2500
333.625		2500
333.75		2500
333.875		2500
334		2500
334.125		2500
334.25		2500
334.375		2500
334.5		2500
334.625		2500
334.75		2500
334.875		2500
335		2500
335.125		2500
335.25		2500
335.375		2500
335.5		2500
335.625		2500
335.75		2500
335.875		2500
336		2500
336.125		2500
336.25		2500
336.375		2500
336.5		2500
336.625		2500
336.75		2500
336.875		2500
337		2500
337.125		2500
337.25		2500
337.375		2500
337.5		2500
337.625		2500
337.75		2500
337.875		2500
338		2500
338.125		2500
338.25		2500
338.375		2500
338.5		2500
338.625		2500
338.75		2500
338.875		2500
339		2500
339.125		2500
339.25		2500
339.375		2500
339.5		2500
339.625		2500
339.75		2500
339.875		2500
340		2500
340.125		2500
340.25		2500
340.375		2500
340.5		2500
340.625		2500
340.75		2500
340.875		2500
341		2500
341.125		2500
341.25		2500
341.375		2500
341.5		2500
341.625		2500
341.75		2500
341.875		2500
342		2500
342.125		2500
342.25		2500
342.375		2500
342.5		2500
342.625		2500
342.75		2500
342.875		2500
343		2500
343.125		2500
343.25		2500
343.375		2500
343.5		2500
343.625		2500
343.75		2500
343.875		2500
344		2500
344.125		2500
344.25		2500
344.375		2500
344.5		2500
344.625		2500
344.75		2500
344.875		2500
345		2500
345.125		2500
345.25		2500
345.375		2500
345.5		2500
345.625		2500
345.75		2500
345.875		2500
346		2500
346.125		2500
346.25		2500
346.375		2500
346.5		2500
346.625		2500
346.75		2500
346.875		2500
347		2500
347.125		2500
347.25		2500
347.375		2500
347.5		2500
347.625		2500
347.75		2500
347.875		2500
348		2500
348.125		2500
348.25		2500
348.375		2500
348.5		2500
348.625		2500
348.75		2500
348.875		2500
349		2500
349.125		2500
349.25		2500
349.375		2500
349.5		2500
349.625		2500
349.75		2500
349.875		2500
350		2500
350.125		2500
350.25		2500
350.375		2500
350.5		2500
350.625		2500
350.75		2500
350.875		2500
351		2500
351.125		2500
351.25		2500
351.375		2500
351.5		2500
351.625		2500
351.75		2500
351.875		2500
352		2500
352.125		2500
352.25		2500
352.375		2500
352.5		2500
352.625		2500
352.75		2500
352.875		2500
353		2500
353.125		2500
353.25		2500
353.375		2500
353.5		2500
353.625		2500
353.75		2500
353.875		2500
354		2500
354.125		2500
354.25		2500
354.375		2500
354.5		2500
354.625		2500
354.75		2500
354.875		2500
355		2500
355.125		2500
355.25		2500
355.375		2500
355.5		2500
355.625		2500
355.75		2500
355.875		2500
356		2500
356.125		2500
356.25		2500
356.375		2500
356.5		2500
356.625		2500
356.75		2500
356.875		2500
357		2500
357.125		2500
357.25		2500
357.375		2500
357.5		2500
357.625		2500
357.75		2500
357.875		2500
358		2500
358.125		2500
358.25		2500
358.375		2500
358.5		2500
358.625		2500
358.75		2500
358.875		2500
359		2500
359.125		2500
359.25		2500
359.375		2500
359.5		2500
359.625		2500
359.75		2500
359.875		2500
360		2500
360.125		2500
360.25		2500
360.375		2500
360.5		2500
360.625		2500
360.75		2500
360.875		2500
361		2500
361.125		2500
361.25		2500
361.375		2500
361.5		2500
361.625		2500
361.75		2500
361.875		2500
362		2500
362.125		2812.5
362.25		2812.5
362.375		2812.5
362.5		2812.5
362.625		2812.5
362.75		2812.5
362.875		2812.5
363		2812.5
363.125		2812.5
363.25		2812.5
363.375		2812.5
363.5		2812.5
363.625		2812.5
363.75		2812.5
363.875		2812.5
364		2812.5
364.125		3125
364.25		3125
364.375		3125
364.5		3125
364.625		3125
364.75		3125
364.875		3125
365		3125
365.125		3125
365.25		3125
365.375		3125
365.5		3125
365.625		3125
365.75		3125
365.875		3125
366		3125
366.125		3125
366.25		3125
366.375		3125
366.5		3125
366.625		3125
366.75		3125
366.875		3125
367		3125
367.125		3125
367.25		3125
367.375		3125
367.5		3125
367.625		3125
367.75		3125
367.875		3125
368		3125
368.125		3125
368.25		3125
368.375		3125
368.5		3125
368.625		3125
368.75		3125
368.875		3125
369		3125
369.125		3125
369.25		3125
369.375		3125
369.5		3125
369.625		3125
369.75		3125
369.875		3125
370		3125
370.125		3125
370.25		3125
370.375		3125
370.5		3125
370.625		3125
370.75		3125
370.875		3125
371		3125
371.125		3125
371.25		3125
371.375		3125
371.5		3125
371.625		3125
371.75		3125
371.875		3125
372		3125
372.125		3125
372.25		3125
372.375		3125
372.5		3125
372.625		3125
372.75		3125
372.875		3125
373		3125
373.125		3125
373.25		3125
373.375		3125
373.5		3125
373.625		3125
373.75		3125
373.875		3125
374		3125
374.125		3125
374.25		3125
374.375		3125
374.5		3125
374.625		3125
374.75		3125
374.875		3125
375		3125
375.125		3125
375.25		3125
375.375		3125
375.5		3125
375.625		3125
375.75		3125
375.875		3125
376		3125
376.125		3125
376.25		3125
376.375		3125
376.5		3125
376.625		3125
376.75		3125
376.875		3125
377		3125
377.125		3125
377.25		3125
377.375		3125
377.5		3125
377.625		3125
377.75		3125
377.875		3125
378		3125
378.125		3125
378.25		3125
378.375		3125
378.5		3125
378.625		3125
378.75		3125
378.875		3125
379		3125
379.125		3125
379.25		3125
379.375		3125
379.5		3125
379.625		3125
379.75		3125
379.875		3125
380		3125
380.125		3125
380.25		3125
380.375		3125
380.5		3125
380.625		3125
380.75		3125
380.875		3125
381		3125
381.125		3125
381.25		3125
381.375		3125
381.5		3125
381.625		3125
381.75		3125
381.875		3125
382		3125
382.125		3125
382.25		3125
382.375		3125
382.5		3125
382.625		3125
382.75		3125
382.875		3125
383		3125
383.125		3125
383.25		3125
383.375		3125
383.5		3125
383.625		3125
383.75		3125
383.875		3125
384		3125
384.125		3125
384.25		3125
384.375		3125
384.5		3125
384.625		3125
384.75		3125
384.875		3125
385		3125
385.125		3125
385.25		3125
385.375		3125
385.5		3125
385.625		3125
385.75		3125
385.875		3125
386		3125
386.125		3125
386.25		3125
386.375		3125
386.5		3125
386.625		3125
386.75		3125
386.875		3125
387		3125
387.125		3125
387.25		3125
387.375		3125
387.5		3125
387.625		3125
387.75		3125
387.875		3125
388		3125
388.125		3125
388.25		3125
388.375		3125
388.5		3125
388.625		3125
388.75		3125
388.875		3125
389		3125
389.125		3125
389.25		3125
389.375		3125
389.5		3125
389.625		3125
389.75		3125
389.875		3125
390		3125
390.125		3125
390.25		3125
390.375		3125
390.5		3125
390.625		3125
390.75		3125
390.875		3125
391		3125
391.125		3125
391.25		3125
391.375		3125
391.5		3125
391.625		3125
391.75		3125
391.875		3125
392		3125
392.125		3125
392.25		3125
392.375		3125
392.5		3125
392.625		3125
392.75		3125
392.875		3125
393		3125
393.125		3125
393.25		3125
393.375		3125
393.5		3125
393.625		3125
393.75		3125
393.875		3125
394		3125
394.125		3125
394.25		3125
394.375		3125
394.5		3125
394.625		3125
394.75		3125
394.875		3125
395		3125
395.125		3125
395.25		3125
395.375		3125
395.5		3125
395.625		3125
395.75		3125
395.875		3125
396		3125
396.125		3125
396.25		3125
396.375		3125
396.5		3125
396.625		3125
396.75		3125
396.875		3125
397		3125
397.125		3125
397.25		3125
397.375		3125
397.5		3125
397.625		3125
397.75		3125
397.875		3125
398		3125
398.125		3125
398.25		3125
398.375		3125
398.5		3125
398.625		3125
398.75		3125
398.875		3125
399		3125
399.125		3125
399.25		3125
399.375		3125
399.5		3125
399.625		3125
399.75		3125
399.875		3125
400		3125
400.125		3125
400.25		3125
400.375		3125
400.5		3125
400.625		3125
400.75		3125
400.875		3125
401		3125
401.125		3125
401.25		3125
401.375		3125
401.5		3125
401.625		3125
401.75		3125
401.875		3125
402		3125
402.125		3125
402.25		3125
402.375		3125
402.5		3125
402.625		3125
402.75		3125
402.875		3125
403		3125
403.125		3125
403.25		3125
403.375		3125
403.5		3125
403.625		3125
403.75		3125
403.875		3125
404		3125
404.125		3125
404.25		3125
404.375		3125
404.5		3125
404.625		3125
404.75		3125
404.875		3125
405		3125
405.125		3125
405.25		3125
405.375		3125
405.5		3125
405.625		3125
405.75		3125
405.875		3125
406		3125
406.125		3125
406.25		3125
406.375		3125
406.5		3125
406.625		3125
406.75		3125
406.875		3125
407		3125
407.125		3125
407.25		3125
407.375		3125
407.5		3125
407.625		3125
407.75		3125
407.875		3125
408		3125
408.125		3125
408.25		3125
408.375		3125
408.5		3125
408.625		3125
408.75		3125
408.875		3125
409		3125
409.125		3125
409.25		3125
409.375		3125
409.5		3125
409.625		3125
409.75		3125
409.875		3125
410		3125
410.125		3125
410.25		3125
410.375		3125
410.5		3125
410.625		3125
410.75		3125
410.875		3125
411		3125
411.125		3125
411.25		3125
411.375		3125
411.5		3125
411.625		3125
411.75		3125
411.875		3125
412		3125
412.125		3125
412.25		3125
412.375		3125
412.5		3125
412.625		3125
412.75		3125
412.875		3125
413		3125
413.125		3750
413.25		3750
413.375		3750
413.5		3750
413.625		3750
413.75		3750
413.875		3750
414		3750
414.125		3750
414.25		3750
414.375		3750
414.5		3750
414.625		3750
414.75		3750
414.875		3750
415		3750
415.125		3750
415.25		3750
415.375		3750
415.5		3750
415.625		3750
415.75		3750
415.875		3750
416		3750
416.125		4062.5
416.25		4062.5
416.375		4062.5
416.5		4062.5
416.625		4062.5
416.75		4062.5
416.875		4062.5
417		4062.5
417.125		4062.5
417.25		4062.5
417.375		4062.5
417.5		4062.5
417.625		4062.5
417.75		4062.5
417.875		4062.5
418		4062.5
418.125		4062.5
418.25		4062.5
418.375		4062.5
418.5		4062.5
418.625		4062.5
418.75		4062.5
418.875		4062.5
419		4062.5
419.125		4062.5
419.25		4062.5
419.375		4062.5
419.5		4062.5
419.625		4062.5
419.75		4062.5
419.875		4062.5
420		4062.5
420.125		4062.5
420.25		4062.5
420.375		4062.5
420.5		4062.5
420.625		4062.5
420.75		4062.5
420.875		4062.5
421		4062.5
421.125		4062.5
421.25		4062.5
421.375		4062.5
421.5		4062.5
421.625		4062.5
421.75		4062.5
421.875		4062.5
422		4062.5
422.125		4375
422.25		4375
422.375		4375
422.5		4375
422.625		4375
422.75		4375
422.875		4375
423		4375
423.125		4375
423.25		4375
423.375		4375
423.5		4375
423.625		4375
423.75		4375
423.875		4375
424		4375
424.125		4375
424.25		4375
424.375		4375
424.5		4375
424.625		4375
424.75		4375
424.875		4375
425		4375
425.125		4375
425.25		4375
425.375		4375
425.5		4375
425.625		4375
425.75		4375
425.875		4375
426		4375
426.125		4375
426.25		4375
426.375		4375
426.5		4375
426.625		4375
426.75		4375
426.875		4375
427		4375
427.125		4375
427.25		4375
427.375		4375
427.5		4375
427.625		4375
427.75		4375
427.875		4375
428		4375
428.125		4375
428.25		4375
428.375		4375
428.5		4375
428.625		4375
428.75		4375
428.875		4375
429		4375
429.125		4375
429.25		4375
429.375		4375
429.5		4375
429.625		4375
429.75		4375
429.875		4375
430		4375
430.125		4375
430.25		4375
430.375		4375
430.5		4375
430.625		4375
430.75		4375
430.875		4375
431		4375
431.125		4375
431.25		4375
431.375		4375
431.5		4375
431.625		4375
431.75		4375
431.875		4375
432		4375
432.125		4375
432.25		4375
432.375		4375
432.5		4375
432.625		4375
432.75		4375
432.875		4375
433		4375
433.125		4375
433.25		4375
433.375		4375
433.5		4375
433.625		4375
433.75		4375
433.875		4375
434		4375
434.125		4375
434.25		4375
434.375		4375
434.5		4375
434.625		4375
434.75		4375
434.875		4375
435		4375
435.125		4375
435.25		4375
435.375		4375
435.5		4375
435.625		4375
435.75		4375
435.875		4375
436		4375
436.125		4375
436.25		4375
436.375		4375
436.5		4375
436.625		4375
436.75		4375
436.875		4375
437		4375
437.125		4375
437.25		4375
437.375		4375
437.5		4375
437.625		4375
437.75		4375
437.875		4375
438		4375
438.125		4375
438.25		4375
438.375		4375
438.5		4375
438.625		4375
438.75		4375
438.875		4375
439		4375
439.125		4375
439.25		4375
439.375		4375
439.5		4375
439.625		4375
439.75		4375
439.875		4375
440		4375
440.125		4375
440.25		4375
440.375		4375
440.5		4375
440.625		4375
440.75		4375
440.875		4375
441		4375
441.125		4375
441.25		4375
441.375		4375
441.5		4375
441.625		4375
441.75		4375
441.875		4375
442		4375
442.125		4375
442.25		4375
442.375		4375
442.5		4375
442.625		4375
442.75		4375
442.875		4375
443		4375
443.125		4375
443.25		4375
443.375		4375
443.5		4375
443.625		4375
443.75		4375
443.875		4375
444		4375
444.125		4375
444.25		4375
444.375		4375
444.5		4375
444.625		4375
444.75		4375
444.875		4375
445		4375
445.125		4375
445.25		4375
445.375		4375
445.5		4375
445.625		4375
445.75		4375
445.875		4375
446		4375
446.125		4375
446.25		4375
446.375		4375
446.5		4375
446.625		4375
446.75		4375
446.875		4375
447		4375
447.125		4375
447.25		4375
447.375		4375
447.5		4375
447.625		4375
447.75		4375
447.875		4375
448		4375
448.125		4375
448.25		4375
448.375		4375
448.5		4375
448.625		4375
448.75		4375
448.875		4375
449		4375
449.125		4375
449.25		4375
449.375		4375
449.5		4375
449.625		4375
449.75		4375
449.875		4375
450		4375
450.125		4375
450.25		4375
450.375		4375
450.5		4375
450.625		4375
450.75		4375
450.875		4375
451		4375
451.125		4375
451.25		4375
451.375		4375
451.5		4375
451.625		4375
451.75		4375
451.875		4375
452		4375
452.125		4375
452.25		4375
452.375		4375
452.5		4375
452.625		4375
452.75		4375
452.875		4375
453		4375
453.125		4375
453.25		4375
453.375		4375
453.5		4375
453.625		4375
453.75		4375
453.875		4375
454		4375
454.125		4375
454.25		4375
454.375		4375
454.5		4375
454.625		4375
454.75		4375
454.875		4375
455		4375
455.125		4375
455.25		4375
455.375		4375
455.5		4375
455.625		4375
455.75		4375
455.875		4375
456		4375
456.125		4375
456.25		4375
456.375		4375
456.5		4375
456.625		4375
456.75		4375
456.875		4375
457		4375
457.125		4687.5
457.25		4687.5
457.375		4687.5
457.5		4687.5
457.625		4687.5
457.75		4687.5
457.875		4687.5
458		4687.5
458.125		4687.5
458.25		4687.5
458.375		4687.5
458.5		4687.5
458.625		4687.5
458.75		4687.5
458.875		4687.5
459		4687.5
459.125		0
459.25		0
459.375		0
459.5		0
459.625		0
459.75		0
459.875		0
460		0
460.125		0
460.25		0
460.375		0
460.5		0
460.625		0
460.75		0
460.875		0
461		0
461.125		0
461.25		0
461.375		0
461.5		0
461.625		0
461.75		0
461.875		0
462		0
462.125		0
462.25		0
462.375		0
462.5		0
462.625		0
462.75		0
462.875		0
463		0
463.125		0
463.25		0
463.375		0
463.5		0
463.625		0
463.75		0
463.875		0
464		0
464.125		0
464.25		0
464.375		0
464.5		0
464.625		0
464.75		0
464.875		0
465		0
465.125		0
465.25		0
465.375		0
465.5		0
465.625		0
465.75		0
465.875		0
466		0
466.125		0
466.25		0
466.375		0
466.5		0
466.625		0
466.75		0
466.875		0
467		0
467.125		0
467.25		0
467.375		0
467.5		0
467.625		0
467.75		0
467.875		0
468		0
468.125		0
468.25		0
468.375		0
468.5		0
468.625		0
468.75		0
468.875		0
469		0
469.125		0
469.25		0
469.375		0
469.5		0
469.625		0
469.75		0
469.875		0
470		0
470.125		0
470.25		0
470.375		0
470.5		0
470.625		0
470.75		0
470.875		0
471		0
471.125		0
471.25		0
471.375		0
471.5		0
471.625		0
471.75		0
471.875		0
472		0
472.125		0
472.25		0
472.375		0
472.5		0
472.625		0
472.75		0
472.875		0
473		0
473.125		0
473.25		0
473.375		0
473.5		0
473.625		0
473.75		0
473.875		0
474		0
474.125		0
474.25		0
474.375		0
474.5		0
474.625		0
474.75		0
474.875		0
475		0
475.125		0
475.25		0
475.375		0
475.5		0
475.625		0
475.75		0
475.875		0
476		0
476.125		0
476.25		0
476.375		0
476.5		0
476.625		0
476.75		0
476.875		0
477		0
477.125		0
477.25		0
477.375		0
477.5		0
477.625		0
477.75		0
477.875		0
478		0
478.125		0
478.25		0
478.375		0
478.5		0
478.625		0
478.75		0
478.875		0
479		0
479.125		0
479.25		0
479.375		0
479.5		0
479.625		0
479.75		0
479.875		0
480		0
480.125		0
480.25		0
480.375		0
480.5		0
480.625		0
480.75		0
480.875		0
481		0
481.125		0
481.25		0
481.375		0
481.5		0
481.625		0
481.75		0
481.875		0
482		0
482.125		0
482.25		0
482.375		0
482.5		0
482.625		0
482.75		0
482.875		0
483		0
483.125		0
483.25		0
483.375		0
483.5		0
483.625		0
483.75		0
483.875		0
484		0
484.125		0
484.25		0
484.375		0
484.5		0
484.625		0
484.75		0
484.875		0
485		0
485.125		0
485.25		0
485.375		0
485.5		0
485.625		0
485.75		0
485.875		0
486		0
486.125		0
486.25		0
486.375		0
486.5		0
486.625		0
486.75		0
486.875		0
487		0
487.125		0
487.25		0
487.375		0
487.5		0
487.625		0
487.75		0
487.875		0
488		0
488.125		0
488.25		0
488.375		0
488.5		0
488.625		0
488.75		0
488.875		0
489		0
489.125		0
489.25		0
489.375		0
489.5		0
489.625		0
489.75		0
489.875		0
490		0
490.125		0
490.25		0
490.375		0
490.5		0
490.625		0
490.75		0
490.875		0
491		0
491.125		0
491.25		0
491.375		0
491.5		0
491.625		0
491.75		0
491.875		0
492		0
492.125		0
492.25		0
492.375		0
492.5		0
492.625		0
492.75		0
492.875		0
493		0
493.125		0
493.25		0
493.375		0
493.5		0
493.625		0
493.75		0
493.875		0
494		0
494.125		0
494.25		0
494.375		0
494.5		0
494.625		0
494.75		0
494.875		0
495		0
495.125		0
495.25		0
495.375		0
495.5		0
495.625		0
495.75		0
495.875		0
496		0
496.125		0
496.25		0
496.375		0
496.5		0
496.625		0
496.75		0
496.875		0
497		0
497.125		0
497.25		0
497.375		0
497.5		0
497.625		0
497.75		0
497.875		0
498		0
498.125		0
498.25		0
498.375		0
498.5		0
498.625		0
498.75		0
498.875		0
499		0
499.125		0
499.25		0
499.375		0
499.5		0
499.625		0
499.75		0
499.875		0
500		0
