# Calibration file of tamex_id 0 @ channel 5
# fine_T bin		 Calibration value
0.125		0
0.25		0
0.375		0
0.5		0
0.625		0
0.75		0
0.875		0
1		0
1.125		0
1.25		0
1.375		0
1.5		0
1.625		0
1.75		0
1.875		0
2		0
2.125		0
2.25		0
2.375		0
2.5		0
2.625		0
2.75		0
2.875		0
3		0
3.125		0
3.25		0
3.375		0
3.5		0
3.625		0
3.75		0
3.875		0
4		0
4.125		0
4.25		0
4.375		0
4.5		0
4.625		0
4.75		0
4.875		0
5		0
5.125		0
5.25		0
5.375		0
5.5		0
5.625		0
5.75		0
5.875		0
6		0
6.125		0
6.25		0
6.375		0
6.5		0
6.625		0
6.75		0
6.875		0
7		0
7.125		0
7.25		0
7.375		0
7.5		0
7.625		0
7.75		0
7.875		0
8		0
8.125		0
8.25		0
8.375		0
8.5		0
8.625		0
8.75		0
8.875		0
9		0
9.125		0
9.25		0
9.375		0
9.5		0
9.625		0
9.75		0
9.875		0
10		0
10.125		0
10.25		0
10.375		0
10.5		0
10.625		0
10.75		0
10.875		0
11		0
11.125		0
11.25		0
11.375		0
11.5		0
11.625		0
11.75		0
11.875		0
12		0
12.125		0
12.25		0
12.375		0
12.5		0
12.625		0
12.75		0
12.875		0
13		0
13.125		0
13.25		0
13.375		0
13.5		0
13.625		0
13.75		0
13.875		0
14		0
14.125		0
14.25		0
14.375		0
14.5		0
14.625		0
14.75		0
14.875		0
15		0
15.125		0
15.25		0
15.375		0
15.5		0
15.625		0
15.75		0
15.875		0
16		0
16.125		0
16.25		0
16.375		0
16.5		0
16.625		0
16.75		0
16.875		0
17		0
17.125		0
17.25		0
17.375		0
17.5		0
17.625		0
17.75		0
17.875		0
18		0
18.125		0
18.25		0
18.375		0
18.5		0
18.625		0
18.75		0
18.875		0
19		0
19.125		0
19.25		0
19.375		0
19.5		0
19.625		0
19.75		0
19.875		0
20		0
20.125		0
20.25		0
20.375		0
20.5		0
20.625		0
20.75		0
20.875		0
21		0
21.125		0
21.25		0
21.375		0
21.5		0
21.625		0
21.75		0
21.875		0
22		0
22.125		0
22.25		0
22.375		0
22.5		0
22.625		0
22.75		0
22.875		0
23		0
23.125		0
23.25		0
23.375		0
23.5		0
23.625		0
23.75		0
23.875		0
24		0
24.125		0
24.25		0
24.375		0
24.5		0
24.625		0
24.75		0
24.875		0
25		0
25.125		0
25.25		0
25.375		0
25.5		0
25.625		0
25.75		0
25.875		0
26		0
26.125		0
26.25		0
26.375		0
26.5		0
26.625		0
26.75		0
26.875		0
27		0
27.125		0
27.25		0
27.375		0
27.5		0
27.625		0
27.75		0
27.875		0
28		0
28.125		0
28.25		0
28.375		0
28.5		0
28.625		0
28.75		0
28.875		0
29		0
29.125		0
29.25		0
29.375		0
29.5		0
29.625		0
29.75		0
29.875		0
30		0
30.125		0
30.25		0
30.375		0
30.5		0
30.625		0
30.75		0
30.875		0
31		0
31.125		0
31.25		0
31.375		0
31.5		0
31.625		0
31.75		0
31.875		0
32		0
32.125		0
32.25		0
32.375		0
32.5		0
32.625		0
32.75		0
32.875		0
33		0
33.125		0
33.25		0
33.375		0
33.5		0
33.625		0
33.75		0
33.875		0
34		0
34.125		0
34.25		0
34.375		0
34.5		0
34.625		0
34.75		0
34.875		0
35		0
35.125		0
35.25		0
35.375		0
35.5		0
35.625		0
35.75		0
35.875		0
36		0
36.125		0
36.25		0
36.375		0
36.5		0
36.625		0
36.75		0
36.875		0
37		0
37.125		0
37.25		0
37.375		0
37.5		0
37.625		0
37.75		0
37.875		0
38		0
38.125		0
38.25		0
38.375		0
38.5		0
38.625		0
38.75		0
38.875		0
39		0
39.125		0.0138889
39.25		0.0138889
39.375		0.0138889
39.5		0.0138889
39.625		0.0138889
39.75		0.0138889
39.875		0.0138889
40		0.0138889
40.125		0.0277778
40.25		0.0277778
40.375		0.0277778
40.5		0.0277778
40.625		0.0277778
40.75		0.0277778
40.875		0.0277778
41		0.0277778
41.125		0.0277778
41.25		0.0277778
41.375		0.0277778
41.5		0.0277778
41.625		0.0277778
41.75		0.0277778
41.875		0.0277778
42		0.0277778
42.125		0.0277778
42.25		0.0277778
42.375		0.0277778
42.5		0.0277778
42.625		0.0277778
42.75		0.0277778
42.875		0.0277778
43		0.0277778
43.125		0.0277778
43.25		0.0277778
43.375		0.0277778
43.5		0.0277778
43.625		0.0277778
43.75		0.0277778
43.875		0.0277778
44		0.0277778
44.125		0.0277778
44.25		0.0277778
44.375		0.0277778
44.5		0.0277778
44.625		0.0277778
44.75		0.0277778
44.875		0.0277778
45		0.0277778
45.125		0.0277778
45.25		0.0277778
45.375		0.0277778
45.5		0.0277778
45.625		0.0277778
45.75		0.0277778
45.875		0.0277778
46		0.0277778
46.125		0.0277778
46.25		0.0277778
46.375		0.0277778
46.5		0.0277778
46.625		0.0277778
46.75		0.0277778
46.875		0.0277778
47		0.0277778
47.125		0.0277778
47.25		0.0277778
47.375		0.0277778
47.5		0.0277778
47.625		0.0277778
47.75		0.0277778
47.875		0.0277778
48		0.0277778
48.125		0.0277778
48.25		0.0277778
48.375		0.0277778
48.5		0.0277778
48.625		0.0277778
48.75		0.0277778
48.875		0.0277778
49		0.0277778
49.125		0.0277778
49.25		0.0277778
49.375		0.0277778
49.5		0.0277778
49.625		0.0277778
49.75		0.0277778
49.875		0.0277778
50		0.0277778
50.125		0.0277778
50.25		0.0277778
50.375		0.0277778
50.5		0.0277778
50.625		0.0277778
50.75		0.0277778
50.875		0.0277778
51		0.0277778
51.125		0.0277778
51.25		0.0277778
51.375		0.0277778
51.5		0.0277778
51.625		0.0277778
51.75		0.0277778
51.875		0.0277778
52		0.0277778
52.125		0.0277778
52.25		0.0277778
52.375		0.0277778
52.5		0.0277778
52.625		0.0277778
52.75		0.0277778
52.875		0.0277778
53		0.0277778
53.125		0.0277778
53.25		0.0277778
53.375		0.0277778
53.5		0.0277778
53.625		0.0277778
53.75		0.0277778
53.875		0.0277778
54		0.0277778
54.125		0.0277778
54.25		0.0277778
54.375		0.0277778
54.5		0.0277778
54.625		0.0277778
54.75		0.0277778
54.875		0.0277778
55		0.0277778
55.125		0.0277778
55.25		0.0277778
55.375		0.0277778
55.5		0.0277778
55.625		0.0277778
55.75		0.0277778
55.875		0.0277778
56		0.0277778
56.125		0.0416667
56.25		0.0416667
56.375		0.0416667
56.5		0.0416667
56.625		0.0416667
56.75		0.0416667
56.875		0.0416667
57		0.0416667
57.125		0.0416667
57.25		0.0416667
57.375		0.0416667
57.5		0.0416667
57.625		0.0416667
57.75		0.0416667
57.875		0.0416667
58		0.0416667
58.125		0.0555556
58.25		0.0555556
58.375		0.0555556
58.5		0.0555556
58.625		0.0555556
58.75		0.0555556
58.875		0.0555556
59		0.0555556
59.125		0.0555556
59.25		0.0555556
59.375		0.0555556
59.5		0.0555556
59.625		0.0555556
59.75		0.0555556
59.875		0.0555556
60		0.0555556
60.125		0.0555556
60.25		0.0555556
60.375		0.0555556
60.5		0.0555556
60.625		0.0555556
60.75		0.0555556
60.875		0.0555556
61		0.0555556
61.125		0.0555556
61.25		0.0555556
61.375		0.0555556
61.5		0.0555556
61.625		0.0555556
61.75		0.0555556
61.875		0.0555556
62		0.0555556
62.125		0.0694444
62.25		0.0694444
62.375		0.0694444
62.5		0.0694444
62.625		0.0694444
62.75		0.0694444
62.875		0.0694444
63		0.0694444
63.125		0.0694444
63.25		0.0694444
63.375		0.0694444
63.5		0.0694444
63.625		0.0694444
63.75		0.0694444
63.875		0.0694444
64		0.0694444
64.125		0.0694444
64.25		0.0694444
64.375		0.0694444
64.5		0.0694444
64.625		0.0694444
64.75		0.0694444
64.875		0.0694444
65		0.0694444
65.125		0.0694444
65.25		0.0694444
65.375		0.0694444
65.5		0.0694444
65.625		0.0694444
65.75		0.0694444
65.875		0.0694444
66		0.0694444
66.125		0.0694444
66.25		0.0694444
66.375		0.0694444
66.5		0.0694444
66.625		0.0694444
66.75		0.0694444
66.875		0.0694444
67		0.0694444
67.125		0.0833333
67.25		0.0833333
67.375		0.0833333
67.5		0.0833333
67.625		0.0833333
67.75		0.0833333
67.875		0.0833333
68		0.0833333
68.125		0.0972222
68.25		0.0972222
68.375		0.0972222
68.5		0.0972222
68.625		0.0972222
68.75		0.0972222
68.875		0.0972222
69		0.0972222
69.125		0.0972222
69.25		0.0972222
69.375		0.0972222
69.5		0.0972222
69.625		0.0972222
69.75		0.0972222
69.875		0.0972222
70		0.0972222
70.125		0.0972222
70.25		0.0972222
70.375		0.0972222
70.5		0.0972222
70.625		0.0972222
70.75		0.0972222
70.875		0.0972222
71		0.0972222
71.125		0.0972222
71.25		0.0972222
71.375		0.0972222
71.5		0.0972222
71.625		0.0972222
71.75		0.0972222
71.875		0.0972222
72		0.0972222
72.125		0.125
72.25		0.125
72.375		0.125
72.5		0.125
72.625		0.125
72.75		0.125
72.875		0.125
73		0.125
73.125		0.125
73.25		0.125
73.375		0.125
73.5		0.125
73.625		0.125
73.75		0.125
73.875		0.125
74		0.125
74.125		0.125
74.25		0.125
74.375		0.125
74.5		0.125
74.625		0.125
74.75		0.125
74.875		0.125
75		0.125
75.125		0.125
75.25		0.125
75.375		0.125
75.5		0.125
75.625		0.125
75.75		0.125
75.875		0.125
76		0.125
76.125		0.125
76.25		0.125
76.375		0.125
76.5		0.125
76.625		0.125
76.75		0.125
76.875		0.125
77		0.125
77.125		0.125
77.25		0.125
77.375		0.125
77.5		0.125
77.625		0.125
77.75		0.125
77.875		0.125
78		0.125
78.125		0.125
78.25		0.125
78.375		0.125
78.5		0.125
78.625		0.125
78.75		0.125
78.875		0.125
79		0.125
79.125		0.125
79.25		0.125
79.375		0.125
79.5		0.125
79.625		0.125
79.75		0.125
79.875		0.125
80		0.125
80.125		0.125
80.25		0.125
80.375		0.125
80.5		0.125
80.625		0.125
80.75		0.125
80.875		0.125
81		0.125
81.125		0.138889
81.25		0.138889
81.375		0.138889
81.5		0.138889
81.625		0.138889
81.75		0.138889
81.875		0.138889
82		0.138889
82.125		0.138889
82.25		0.138889
82.375		0.138889
82.5		0.138889
82.625		0.138889
82.75		0.138889
82.875		0.138889
83		0.138889
83.125		0.152778
83.25		0.152778
83.375		0.152778
83.5		0.152778
83.625		0.152778
83.75		0.152778
83.875		0.152778
84		0.152778
84.125		0.152778
84.25		0.152778
84.375		0.152778
84.5		0.152778
84.625		0.152778
84.75		0.152778
84.875		0.152778
85		0.152778
85.125		0.152778
85.25		0.152778
85.375		0.152778
85.5		0.152778
85.625		0.152778
85.75		0.152778
85.875		0.152778
86		0.152778
86.125		0.152778
86.25		0.152778
86.375		0.152778
86.5		0.152778
86.625		0.152778
86.75		0.152778
86.875		0.152778
87		0.152778
87.125		0.152778
87.25		0.152778
87.375		0.152778
87.5		0.152778
87.625		0.152778
87.75		0.152778
87.875		0.152778
88		0.152778
88.125		0.152778
88.25		0.152778
88.375		0.152778
88.5		0.152778
88.625		0.152778
88.75		0.152778
88.875		0.152778
89		0.152778
89.125		0.152778
89.25		0.152778
89.375		0.152778
89.5		0.152778
89.625		0.152778
89.75		0.152778
89.875		0.152778
90		0.152778
90.125		0.166667
90.25		0.166667
90.375		0.166667
90.5		0.166667
90.625		0.166667
90.75		0.166667
90.875		0.166667
91		0.166667
91.125		0.166667
91.25		0.166667
91.375		0.166667
91.5		0.166667
91.625		0.166667
91.75		0.166667
91.875		0.166667
92		0.166667
92.125		0.166667
92.25		0.166667
92.375		0.166667
92.5		0.166667
92.625		0.166667
92.75		0.166667
92.875		0.166667
93		0.166667
93.125		0.166667
93.25		0.166667
93.375		0.166667
93.5		0.166667
93.625		0.166667
93.75		0.166667
93.875		0.166667
94		0.166667
94.125		0.180556
94.25		0.180556
94.375		0.180556
94.5		0.180556
94.625		0.180556
94.75		0.180556
94.875		0.180556
95		0.180556
95.125		0.180556
95.25		0.180556
95.375		0.180556
95.5		0.180556
95.625		0.180556
95.75		0.180556
95.875		0.180556
96		0.180556
96.125		0.180556
96.25		0.180556
96.375		0.180556
96.5		0.180556
96.625		0.180556
96.75		0.180556
96.875		0.180556
97		0.180556
97.125		0.180556
97.25		0.180556
97.375		0.180556
97.5		0.180556
97.625		0.180556
97.75		0.180556
97.875		0.180556
98		0.180556
98.125		0.180556
98.25		0.180556
98.375		0.180556
98.5		0.180556
98.625		0.180556
98.75		0.180556
98.875		0.180556
99		0.180556
99.125		0.180556
99.25		0.180556
99.375		0.180556
99.5		0.180556
99.625		0.180556
99.75		0.180556
99.875		0.180556
100		0.180556
100.125		0.180556
100.25		0.180556
100.375		0.180556
100.5		0.180556
100.625		0.180556
100.75		0.180556
100.875		0.180556
101		0.180556
101.125		0.180556
101.25		0.180556
101.375		0.180556
101.5		0.180556
101.625		0.180556
101.75		0.180556
101.875		0.180556
102		0.180556
102.125		0.180556
102.25		0.180556
102.375		0.180556
102.5		0.180556
102.625		0.180556
102.75		0.180556
102.875		0.180556
103		0.180556
103.125		0.194444
103.25		0.194444
103.375		0.194444
103.5		0.194444
103.625		0.194444
103.75		0.194444
103.875		0.194444
104		0.194444
104.125		0.194444
104.25		0.194444
104.375		0.194444
104.5		0.194444
104.625		0.194444
104.75		0.194444
104.875		0.194444
105		0.194444
105.125		0.208333
105.25		0.208333
105.375		0.208333
105.5		0.208333
105.625		0.208333
105.75		0.208333
105.875		0.208333
106		0.208333
106.125		0.208333
106.25		0.208333
106.375		0.208333
106.5		0.208333
106.625		0.208333
106.75		0.208333
106.875		0.208333
107		0.208333
107.125		0.208333
107.25		0.208333
107.375		0.208333
107.5		0.208333
107.625		0.208333
107.75		0.208333
107.875		0.208333
108		0.208333
108.125		0.208333
108.25		0.208333
108.375		0.208333
108.5		0.208333
108.625		0.208333
108.75		0.208333
108.875		0.208333
109		0.208333
109.125		0.208333
109.25		0.208333
109.375		0.208333
109.5		0.208333
109.625		0.208333
109.75		0.208333
109.875		0.208333
110		0.208333
110.125		0.208333
110.25		0.208333
110.375		0.208333
110.5		0.208333
110.625		0.208333
110.75		0.208333
110.875		0.208333
111		0.208333
111.125		0.208333
111.25		0.208333
111.375		0.208333
111.5		0.208333
111.625		0.208333
111.75		0.208333
111.875		0.208333
112		0.208333
112.125		0.208333
112.25		0.208333
112.375		0.208333
112.5		0.208333
112.625		0.208333
112.75		0.208333
112.875		0.208333
113		0.208333
113.125		0.208333
113.25		0.208333
113.375		0.208333
113.5		0.208333
113.625		0.208333
113.75		0.208333
113.875		0.208333
114		0.208333
114.125		0.208333
114.25		0.208333
114.375		0.208333
114.5		0.208333
114.625		0.208333
114.75		0.208333
114.875		0.208333
115		0.208333
115.125		0.222222
115.25		0.222222
115.375		0.222222
115.5		0.222222
115.625		0.222222
115.75		0.222222
115.875		0.222222
116		0.222222
116.125		0.222222
116.25		0.222222
116.375		0.222222
116.5		0.222222
116.625		0.222222
116.75		0.222222
116.875		0.222222
117		0.222222
117.125		0.222222
117.25		0.222222
117.375		0.222222
117.5		0.222222
117.625		0.222222
117.75		0.222222
117.875		0.222222
118		0.222222
118.125		0.222222
118.25		0.222222
118.375		0.222222
118.5		0.222222
118.625		0.222222
118.75		0.222222
118.875		0.222222
119		0.222222
119.125		0.222222
119.25		0.222222
119.375		0.222222
119.5		0.222222
119.625		0.222222
119.75		0.222222
119.875		0.222222
120		0.222222
120.125		0.222222
120.25		0.222222
120.375		0.222222
120.5		0.222222
120.625		0.222222
120.75		0.222222
120.875		0.222222
121		0.222222
121.125		0.222222
121.25		0.222222
121.375		0.222222
121.5		0.222222
121.625		0.222222
121.75		0.222222
121.875		0.222222
122		0.222222
122.125		0.222222
122.25		0.222222
122.375		0.222222
122.5		0.222222
122.625		0.222222
122.75		0.222222
122.875		0.222222
123		0.222222
123.125		0.236111
123.25		0.236111
123.375		0.236111
123.5		0.236111
123.625		0.236111
123.75		0.236111
123.875		0.236111
124		0.236111
124.125		0.236111
124.25		0.236111
124.375		0.236111
124.5		0.236111
124.625		0.236111
124.75		0.236111
124.875		0.236111
125		0.236111
125.125		0.236111
125.25		0.236111
125.375		0.236111
125.5		0.236111
125.625		0.236111
125.75		0.236111
125.875		0.236111
126		0.236111
126.125		0.236111
126.25		0.236111
126.375		0.236111
126.5		0.236111
126.625		0.236111
126.75		0.236111
126.875		0.236111
127		0.236111
127.125		0.236111
127.25		0.236111
127.375		0.236111
127.5		0.236111
127.625		0.236111
127.75		0.236111
127.875		0.236111
128		0.236111
128.125		0.236111
128.25		0.236111
128.375		0.236111
128.5		0.236111
128.625		0.236111
128.75		0.236111
128.875		0.236111
129		0.236111
129.125		0.236111
129.25		0.236111
129.375		0.236111
129.5		0.236111
129.625		0.236111
129.75		0.236111
129.875		0.236111
130		0.236111
130.125		0.236111
130.25		0.236111
130.375		0.236111
130.5		0.236111
130.625		0.236111
130.75		0.236111
130.875		0.236111
131		0.236111
131.125		0.236111
131.25		0.236111
131.375		0.236111
131.5		0.236111
131.625		0.236111
131.75		0.236111
131.875		0.236111
132		0.236111
132.125		0.236111
132.25		0.236111
132.375		0.236111
132.5		0.236111
132.625		0.236111
132.75		0.236111
132.875		0.236111
133		0.236111
133.125		0.236111
133.25		0.236111
133.375		0.236111
133.5		0.236111
133.625		0.236111
133.75		0.236111
133.875		0.236111
134		0.236111
134.125		0.236111
134.25		0.236111
134.375		0.236111
134.5		0.236111
134.625		0.236111
134.75		0.236111
134.875		0.236111
135		0.236111
135.125		0.236111
135.25		0.236111
135.375		0.236111
135.5		0.236111
135.625		0.236111
135.75		0.236111
135.875		0.236111
136		0.236111
136.125		0.236111
136.25		0.236111
136.375		0.236111
136.5		0.236111
136.625		0.236111
136.75		0.236111
136.875		0.236111
137		0.236111
137.125		0.236111
137.25		0.236111
137.375		0.236111
137.5		0.236111
137.625		0.236111
137.75		0.236111
137.875		0.236111
138		0.236111
138.125		0.25
138.25		0.25
138.375		0.25
138.5		0.25
138.625		0.25
138.75		0.25
138.875		0.25
139		0.25
139.125		0.25
139.25		0.25
139.375		0.25
139.5		0.25
139.625		0.25
139.75		0.25
139.875		0.25
140		0.25
140.125		0.25
140.25		0.25
140.375		0.25
140.5		0.25
140.625		0.25
140.75		0.25
140.875		0.25
141		0.25
141.125		0.263889
141.25		0.263889
141.375		0.263889
141.5		0.263889
141.625		0.263889
141.75		0.263889
141.875		0.263889
142		0.263889
142.125		0.263889
142.25		0.263889
142.375		0.263889
142.5		0.263889
142.625		0.263889
142.75		0.263889
142.875		0.263889
143		0.263889
143.125		0.263889
143.25		0.263889
143.375		0.263889
143.5		0.263889
143.625		0.263889
143.75		0.263889
143.875		0.263889
144		0.263889
144.125		0.263889
144.25		0.263889
144.375		0.263889
144.5		0.263889
144.625		0.263889
144.75		0.263889
144.875		0.263889
145		0.263889
145.125		0.263889
145.25		0.263889
145.375		0.263889
145.5		0.263889
145.625		0.263889
145.75		0.263889
145.875		0.263889
146		0.263889
146.125		0.263889
146.25		0.263889
146.375		0.263889
146.5		0.263889
146.625		0.263889
146.75		0.263889
146.875		0.263889
147		0.263889
147.125		0.263889
147.25		0.263889
147.375		0.263889
147.5		0.263889
147.625		0.263889
147.75		0.263889
147.875		0.263889
148		0.263889
148.125		0.263889
148.25		0.263889
148.375		0.263889
148.5		0.263889
148.625		0.263889
148.75		0.263889
148.875		0.263889
149		0.263889
149.125		0.263889
149.25		0.263889
149.375		0.263889
149.5		0.263889
149.625		0.263889
149.75		0.263889
149.875		0.263889
150		0.263889
150.125		0.263889
150.25		0.263889
150.375		0.263889
150.5		0.263889
150.625		0.263889
150.75		0.263889
150.875		0.263889
151		0.263889
151.125		0.277778
151.25		0.277778
151.375		0.277778
151.5		0.277778
151.625		0.277778
151.75		0.277778
151.875		0.277778
152		0.277778
152.125		0.277778
152.25		0.277778
152.375		0.277778
152.5		0.277778
152.625		0.277778
152.75		0.277778
152.875		0.277778
153		0.277778
153.125		0.277778
153.25		0.277778
153.375		0.277778
153.5		0.277778
153.625		0.277778
153.75		0.277778
153.875		0.277778
154		0.277778
154.125		0.277778
154.25		0.277778
154.375		0.277778
154.5		0.277778
154.625		0.277778
154.75		0.277778
154.875		0.277778
155		0.277778
155.125		0.277778
155.25		0.277778
155.375		0.277778
155.5		0.277778
155.625		0.277778
155.75		0.277778
155.875		0.277778
156		0.277778
156.125		0.277778
156.25		0.277778
156.375		0.277778
156.5		0.277778
156.625		0.277778
156.75		0.277778
156.875		0.277778
157		0.277778
157.125		0.291667
157.25		0.291667
157.375		0.291667
157.5		0.291667
157.625		0.291667
157.75		0.291667
157.875		0.291667
158		0.291667
158.125		0.291667
158.25		0.291667
158.375		0.291667
158.5		0.291667
158.625		0.291667
158.75		0.291667
158.875		0.291667
159		0.291667
159.125		0.291667
159.25		0.291667
159.375		0.291667
159.5		0.291667
159.625		0.291667
159.75		0.291667
159.875		0.291667
160		0.291667
160.125		0.291667
160.25		0.291667
160.375		0.291667
160.5		0.291667
160.625		0.291667
160.75		0.291667
160.875		0.291667
161		0.291667
161.125		0.291667
161.25		0.291667
161.375		0.291667
161.5		0.291667
161.625		0.291667
161.75		0.291667
161.875		0.291667
162		0.291667
162.125		0.291667
162.25		0.291667
162.375		0.291667
162.5		0.291667
162.625		0.291667
162.75		0.291667
162.875		0.291667
163		0.291667
163.125		0.305556
163.25		0.305556
163.375		0.305556
163.5		0.305556
163.625		0.305556
163.75		0.305556
163.875		0.305556
164		0.305556
164.125		0.305556
164.25		0.305556
164.375		0.305556
164.5		0.305556
164.625		0.305556
164.75		0.305556
164.875		0.305556
165		0.305556
165.125		0.305556
165.25		0.305556
165.375		0.305556
165.5		0.305556
165.625		0.305556
165.75		0.305556
165.875		0.305556
166		0.305556
166.125		0.305556
166.25		0.305556
166.375		0.305556
166.5		0.305556
166.625		0.305556
166.75		0.305556
166.875		0.305556
167		0.305556
167.125		0.305556
167.25		0.305556
167.375		0.305556
167.5		0.305556
167.625		0.305556
167.75		0.305556
167.875		0.305556
168		0.305556
168.125		0.319444
168.25		0.319444
168.375		0.319444
168.5		0.319444
168.625		0.319444
168.75		0.319444
168.875		0.319444
169		0.319444
169.125		0.319444
169.25		0.319444
169.375		0.319444
169.5		0.319444
169.625		0.319444
169.75		0.319444
169.875		0.319444
170		0.319444
170.125		0.319444
170.25		0.319444
170.375		0.319444
170.5		0.319444
170.625		0.319444
170.75		0.319444
170.875		0.319444
171		0.319444
171.125		0.319444
171.25		0.319444
171.375		0.319444
171.5		0.319444
171.625		0.319444
171.75		0.319444
171.875		0.319444
172		0.319444
172.125		0.319444
172.25		0.319444
172.375		0.319444
172.5		0.319444
172.625		0.319444
172.75		0.319444
172.875		0.319444
173		0.319444
173.125		0.319444
173.25		0.319444
173.375		0.319444
173.5		0.319444
173.625		0.319444
173.75		0.319444
173.875		0.319444
174		0.319444
174.125		0.333333
174.25		0.333333
174.375		0.333333
174.5		0.333333
174.625		0.333333
174.75		0.333333
174.875		0.333333
175		0.333333
175.125		0.333333
175.25		0.333333
175.375		0.333333
175.5		0.333333
175.625		0.333333
175.75		0.333333
175.875		0.333333
176		0.333333
176.125		0.333333
176.25		0.333333
176.375		0.333333
176.5		0.333333
176.625		0.333333
176.75		0.333333
176.875		0.333333
177		0.333333
177.125		0.333333
177.25		0.333333
177.375		0.333333
177.5		0.333333
177.625		0.333333
177.75		0.333333
177.875		0.333333
178		0.333333
178.125		0.333333
178.25		0.333333
178.375		0.333333
178.5		0.333333
178.625		0.333333
178.75		0.333333
178.875		0.333333
179		0.333333
179.125		0.333333
179.25		0.333333
179.375		0.333333
179.5		0.333333
179.625		0.333333
179.75		0.333333
179.875		0.333333
180		0.333333
180.125		0.333333
180.25		0.333333
180.375		0.333333
180.5		0.333333
180.625		0.333333
180.75		0.333333
180.875		0.333333
181		0.333333
181.125		0.333333
181.25		0.333333
181.375		0.333333
181.5		0.333333
181.625		0.333333
181.75		0.333333
181.875		0.333333
182		0.333333
182.125		0.333333
182.25		0.333333
182.375		0.333333
182.5		0.333333
182.625		0.333333
182.75		0.333333
182.875		0.333333
183		0.333333
183.125		0.361111
183.25		0.361111
183.375		0.361111
183.5		0.361111
183.625		0.361111
183.75		0.361111
183.875		0.361111
184		0.361111
184.125		0.361111
184.25		0.361111
184.375		0.361111
184.5		0.361111
184.625		0.361111
184.75		0.361111
184.875		0.361111
185		0.361111
185.125		0.375
185.25		0.375
185.375		0.375
185.5		0.375
185.625		0.375
185.75		0.375
185.875		0.375
186		0.375
186.125		0.375
186.25		0.375
186.375		0.375
186.5		0.375
186.625		0.375
186.75		0.375
186.875		0.375
187		0.375
187.125		0.375
187.25		0.375
187.375		0.375
187.5		0.375
187.625		0.375
187.75		0.375
187.875		0.375
188		0.375
188.125		0.375
188.25		0.375
188.375		0.375
188.5		0.375
188.625		0.375
188.75		0.375
188.875		0.375
189		0.375
189.125		0.388889
189.25		0.388889
189.375		0.388889
189.5		0.388889
189.625		0.388889
189.75		0.388889
189.875		0.388889
190		0.388889
190.125		0.388889
190.25		0.388889
190.375		0.388889
190.5		0.388889
190.625		0.388889
190.75		0.388889
190.875		0.388889
191		0.388889
191.125		0.388889
191.25		0.388889
191.375		0.388889
191.5		0.388889
191.625		0.388889
191.75		0.388889
191.875		0.388889
192		0.388889
192.125		0.388889
192.25		0.388889
192.375		0.388889
192.5		0.388889
192.625		0.388889
192.75		0.388889
192.875		0.388889
193		0.388889
193.125		0.388889
193.25		0.388889
193.375		0.388889
193.5		0.388889
193.625		0.388889
193.75		0.388889
193.875		0.388889
194		0.388889
194.125		0.388889
194.25		0.388889
194.375		0.388889
194.5		0.388889
194.625		0.388889
194.75		0.388889
194.875		0.388889
195		0.388889
195.125		0.388889
195.25		0.388889
195.375		0.388889
195.5		0.388889
195.625		0.388889
195.75		0.388889
195.875		0.388889
196		0.388889
196.125		0.402778
196.25		0.402778
196.375		0.402778
196.5		0.402778
196.625		0.402778
196.75		0.402778
196.875		0.402778
197		0.402778
197.125		0.402778
197.25		0.402778
197.375		0.402778
197.5		0.402778
197.625		0.402778
197.75		0.402778
197.875		0.402778
198		0.402778
198.125		0.402778
198.25		0.402778
198.375		0.402778
198.5		0.402778
198.625		0.402778
198.75		0.402778
198.875		0.402778
199		0.402778
199.125		0.402778
199.25		0.402778
199.375		0.402778
199.5		0.402778
199.625		0.402778
199.75		0.402778
199.875		0.402778
200		0.402778
200.125		0.416667
200.25		0.416667
200.375		0.416667
200.5		0.416667
200.625		0.416667
200.75		0.416667
200.875		0.416667
201		0.416667
201.125		0.416667
201.25		0.416667
201.375		0.416667
201.5		0.416667
201.625		0.416667
201.75		0.416667
201.875		0.416667
202		0.416667
202.125		0.416667
202.25		0.416667
202.375		0.416667
202.5		0.416667
202.625		0.416667
202.75		0.416667
202.875		0.416667
203		0.416667
203.125		0.416667
203.25		0.416667
203.375		0.416667
203.5		0.416667
203.625		0.416667
203.75		0.416667
203.875		0.416667
204		0.416667
204.125		0.416667
204.25		0.416667
204.375		0.416667
204.5		0.416667
204.625		0.416667
204.75		0.416667
204.875		0.416667
205		0.416667
205.125		0.416667
205.25		0.416667
205.375		0.416667
205.5		0.416667
205.625		0.416667
205.75		0.416667
205.875		0.416667
206		0.416667
206.125		0.416667
206.25		0.416667
206.375		0.416667
206.5		0.416667
206.625		0.416667
206.75		0.416667
206.875		0.416667
207		0.416667
207.125		0.416667
207.25		0.416667
207.375		0.416667
207.5		0.416667
207.625		0.416667
207.75		0.416667
207.875		0.416667
208		0.416667
208.125		0.416667
208.25		0.416667
208.375		0.416667
208.5		0.416667
208.625		0.416667
208.75		0.416667
208.875		0.416667
209		0.416667
209.125		0.416667
209.25		0.416667
209.375		0.416667
209.5		0.416667
209.625		0.416667
209.75		0.416667
209.875		0.416667
210		0.416667
210.125		0.416667
210.25		0.416667
210.375		0.416667
210.5		0.416667
210.625		0.416667
210.75		0.416667
210.875		0.416667
211		0.416667
211.125		0.430556
211.25		0.430556
211.375		0.430556
211.5		0.430556
211.625		0.430556
211.75		0.430556
211.875		0.430556
212		0.430556
212.125		0.430556
212.25		0.430556
212.375		0.430556
212.5		0.430556
212.625		0.430556
212.75		0.430556
212.875		0.430556
213		0.430556
213.125		0.430556
213.25		0.430556
213.375		0.430556
213.5		0.430556
213.625		0.430556
213.75		0.430556
213.875		0.430556
214		0.430556
214.125		0.430556
214.25		0.430556
214.375		0.430556
214.5		0.430556
214.625		0.430556
214.75		0.430556
214.875		0.430556
215		0.430556
215.125		0.430556
215.25		0.430556
215.375		0.430556
215.5		0.430556
215.625		0.430556
215.75		0.430556
215.875		0.430556
216		0.430556
216.125		0.444444
216.25		0.444444
216.375		0.444444
216.5		0.444444
216.625		0.444444
216.75		0.444444
216.875		0.444444
217		0.444444
217.125		0.444444
217.25		0.444444
217.375		0.444444
217.5		0.444444
217.625		0.444444
217.75		0.444444
217.875		0.444444
218		0.444444
218.125		0.444444
218.25		0.444444
218.375		0.444444
218.5		0.444444
218.625		0.444444
218.75		0.444444
218.875		0.444444
219		0.444444
219.125		0.444444
219.25		0.444444
219.375		0.444444
219.5		0.444444
219.625		0.444444
219.75		0.444444
219.875		0.444444
220		0.444444
220.125		0.444444
220.25		0.444444
220.375		0.444444
220.5		0.444444
220.625		0.444444
220.75		0.444444
220.875		0.444444
221		0.444444
221.125		0.444444
221.25		0.444444
221.375		0.444444
221.5		0.444444
221.625		0.444444
221.75		0.444444
221.875		0.444444
222		0.444444
222.125		0.458333
222.25		0.458333
222.375		0.458333
222.5		0.458333
222.625		0.458333
222.75		0.458333
222.875		0.458333
223		0.458333
223.125		0.458333
223.25		0.458333
223.375		0.458333
223.5		0.458333
223.625		0.458333
223.75		0.458333
223.875		0.458333
224		0.458333
224.125		0.472222
224.25		0.472222
224.375		0.472222
224.5		0.472222
224.625		0.472222
224.75		0.472222
224.875		0.472222
225		0.472222
225.125		0.472222
225.25		0.472222
225.375		0.472222
225.5		0.472222
225.625		0.472222
225.75		0.472222
225.875		0.472222
226		0.472222
226.125		0.472222
226.25		0.472222
226.375		0.472222
226.5		0.472222
226.625		0.472222
226.75		0.472222
226.875		0.472222
227		0.472222
227.125		0.472222
227.25		0.472222
227.375		0.472222
227.5		0.472222
227.625		0.472222
227.75		0.472222
227.875		0.472222
228		0.472222
228.125		0.472222
228.25		0.472222
228.375		0.472222
228.5		0.472222
228.625		0.472222
228.75		0.472222
228.875		0.472222
229		0.472222
229.125		0.472222
229.25		0.472222
229.375		0.472222
229.5		0.472222
229.625		0.472222
229.75		0.472222
229.875		0.472222
230		0.472222
230.125		0.472222
230.25		0.472222
230.375		0.472222
230.5		0.472222
230.625		0.472222
230.75		0.472222
230.875		0.472222
231		0.472222
231.125		0.472222
231.25		0.472222
231.375		0.472222
231.5		0.472222
231.625		0.472222
231.75		0.472222
231.875		0.472222
232		0.472222
232.125		0.486111
232.25		0.486111
232.375		0.486111
232.5		0.486111
232.625		0.486111
232.75		0.486111
232.875		0.486111
233		0.486111
233.125		0.486111
233.25		0.486111
233.375		0.486111
233.5		0.486111
233.625		0.486111
233.75		0.486111
233.875		0.486111
234		0.486111
234.125		0.486111
234.25		0.486111
234.375		0.486111
234.5		0.486111
234.625		0.486111
234.75		0.486111
234.875		0.486111
235		0.486111
235.125		0.486111
235.25		0.486111
235.375		0.486111
235.5		0.486111
235.625		0.486111
235.75		0.486111
235.875		0.486111
236		0.486111
236.125		0.486111
236.25		0.486111
236.375		0.486111
236.5		0.486111
236.625		0.486111
236.75		0.486111
236.875		0.486111
237		0.486111
237.125		0.486111
237.25		0.486111
237.375		0.486111
237.5		0.486111
237.625		0.486111
237.75		0.486111
237.875		0.486111
238		0.486111
238.125		0.486111
238.25		0.486111
238.375		0.486111
238.5		0.486111
238.625		0.486111
238.75		0.486111
238.875		0.486111
239		0.486111
239.125		0.486111
239.25		0.486111
239.375		0.486111
239.5		0.486111
239.625		0.486111
239.75		0.486111
239.875		0.486111
240		0.486111
240.125		0.486111
240.25		0.486111
240.375		0.486111
240.5		0.486111
240.625		0.486111
240.75		0.486111
240.875		0.486111
241		0.486111
241.125		0.486111
241.25		0.486111
241.375		0.486111
241.5		0.486111
241.625		0.486111
241.75		0.486111
241.875		0.486111
242		0.486111
242.125		0.486111
242.25		0.486111
242.375		0.486111
242.5		0.486111
242.625		0.486111
242.75		0.486111
242.875		0.486111
243		0.486111
243.125		0.486111
243.25		0.486111
243.375		0.486111
243.5		0.486111
243.625		0.486111
243.75		0.486111
243.875		0.486111
244		0.486111
244.125		0.486111
244.25		0.486111
244.375		0.486111
244.5		0.486111
244.625		0.486111
244.75		0.486111
244.875		0.486111
245		0.486111
245.125		0.486111
245.25		0.486111
245.375		0.486111
245.5		0.486111
245.625		0.486111
245.75		0.486111
245.875		0.486111
246		0.486111
246.125		0.486111
246.25		0.486111
246.375		0.486111
246.5		0.486111
246.625		0.486111
246.75		0.486111
246.875		0.486111
247		0.486111
247.125		0.486111
247.25		0.486111
247.375		0.486111
247.5		0.486111
247.625		0.486111
247.75		0.486111
247.875		0.486111
248		0.486111
248.125		0.513889
248.25		0.513889
248.375		0.513889
248.5		0.513889
248.625		0.513889
248.75		0.513889
248.875		0.513889
249		0.513889
249.125		0.513889
249.25		0.513889
249.375		0.513889
249.5		0.513889
249.625		0.513889
249.75		0.513889
249.875		0.513889
250		0.513889
250.125		0.513889
250.25		0.513889
250.375		0.513889
250.5		0.513889
250.625		0.513889
250.75		0.513889
250.875		0.513889
251		0.513889
251.125		0.513889
251.25		0.513889
251.375		0.513889
251.5		0.513889
251.625		0.513889
251.75		0.513889
251.875		0.513889
252		0.513889
252.125		0.513889
252.25		0.513889
252.375		0.513889
252.5		0.513889
252.625		0.513889
252.75		0.513889
252.875		0.513889
253		0.513889
253.125		0.513889
253.25		0.513889
253.375		0.513889
253.5		0.513889
253.625		0.513889
253.75		0.513889
253.875		0.513889
254		0.513889
254.125		0.513889
254.25		0.513889
254.375		0.513889
254.5		0.513889
254.625		0.513889
254.75		0.513889
254.875		0.513889
255		0.513889
255.125		0.513889
255.25		0.513889
255.375		0.513889
255.5		0.513889
255.625		0.513889
255.75		0.513889
255.875		0.513889
256		0.513889
256.125		0.513889
256.25		0.513889
256.375		0.513889
256.5		0.513889
256.625		0.513889
256.75		0.513889
256.875		0.513889
257		0.513889
257.125		0.513889
257.25		0.513889
257.375		0.513889
257.5		0.513889
257.625		0.513889
257.75		0.513889
257.875		0.513889
258		0.513889
258.125		0.513889
258.25		0.513889
258.375		0.513889
258.5		0.513889
258.625		0.513889
258.75		0.513889
258.875		0.513889
259		0.513889
259.125		0.527778
259.25		0.527778
259.375		0.527778
259.5		0.527778
259.625		0.527778
259.75		0.527778
259.875		0.527778
260		0.527778
260.125		0.527778
260.25		0.527778
260.375		0.527778
260.5		0.527778
260.625		0.527778
260.75		0.527778
260.875		0.527778
261		0.527778
261.125		0.527778
261.25		0.527778
261.375		0.527778
261.5		0.527778
261.625		0.527778
261.75		0.527778
261.875		0.527778
262		0.527778
262.125		0.527778
262.25		0.527778
262.375		0.527778
262.5		0.527778
262.625		0.527778
262.75		0.527778
262.875		0.527778
263		0.527778
263.125		0.541667
263.25		0.541667
263.375		0.541667
263.5		0.541667
263.625		0.541667
263.75		0.541667
263.875		0.541667
264		0.541667
264.125		0.541667
264.25		0.541667
264.375		0.541667
264.5		0.541667
264.625		0.541667
264.75		0.541667
264.875		0.541667
265		0.541667
265.125		0.541667
265.25		0.541667
265.375		0.541667
265.5		0.541667
265.625		0.541667
265.75		0.541667
265.875		0.541667
266		0.541667
266.125		0.541667
266.25		0.541667
266.375		0.541667
266.5		0.541667
266.625		0.541667
266.75		0.541667
266.875		0.541667
267		0.541667
267.125		0.541667
267.25		0.541667
267.375		0.541667
267.5		0.541667
267.625		0.541667
267.75		0.541667
267.875		0.541667
268		0.541667
268.125		0.541667
268.25		0.541667
268.375		0.541667
268.5		0.541667
268.625		0.541667
268.75		0.541667
268.875		0.541667
269		0.541667
269.125		0.541667
269.25		0.541667
269.375		0.541667
269.5		0.541667
269.625		0.541667
269.75		0.541667
269.875		0.541667
270		0.541667
270.125		0.541667
270.25		0.541667
270.375		0.541667
270.5		0.541667
270.625		0.541667
270.75		0.541667
270.875		0.541667
271		0.541667
271.125		0.541667
271.25		0.541667
271.375		0.541667
271.5		0.541667
271.625		0.541667
271.75		0.541667
271.875		0.541667
272		0.541667
272.125		0.541667
272.25		0.541667
272.375		0.541667
272.5		0.541667
272.625		0.541667
272.75		0.541667
272.875		0.541667
273		0.541667
273.125		0.541667
273.25		0.541667
273.375		0.541667
273.5		0.541667
273.625		0.541667
273.75		0.541667
273.875		0.541667
274		0.541667
274.125		0.541667
274.25		0.541667
274.375		0.541667
274.5		0.541667
274.625		0.541667
274.75		0.541667
274.875		0.541667
275		0.541667
275.125		0.541667
275.25		0.541667
275.375		0.541667
275.5		0.541667
275.625		0.541667
275.75		0.541667
275.875		0.541667
276		0.541667
276.125		0.541667
276.25		0.541667
276.375		0.541667
276.5		0.541667
276.625		0.541667
276.75		0.541667
276.875		0.541667
277		0.541667
277.125		0.541667
277.25		0.541667
277.375		0.541667
277.5		0.541667
277.625		0.541667
277.75		0.541667
277.875		0.541667
278		0.541667
278.125		0.541667
278.25		0.541667
278.375		0.541667
278.5		0.541667
278.625		0.541667
278.75		0.541667
278.875		0.541667
279		0.541667
279.125		0.541667
279.25		0.541667
279.375		0.541667
279.5		0.541667
279.625		0.541667
279.75		0.541667
279.875		0.541667
280		0.541667
280.125		0.569444
280.25		0.569444
280.375		0.569444
280.5		0.569444
280.625		0.569444
280.75		0.569444
280.875		0.569444
281		0.569444
281.125		0.583333
281.25		0.583333
281.375		0.583333
281.5		0.583333
281.625		0.583333
281.75		0.583333
281.875		0.583333
282		0.583333
282.125		0.597222
282.25		0.597222
282.375		0.597222
282.5		0.597222
282.625		0.597222
282.75		0.597222
282.875		0.597222
283		0.597222
283.125		0.597222
283.25		0.597222
283.375		0.597222
283.5		0.597222
283.625		0.597222
283.75		0.597222
283.875		0.597222
284		0.597222
284.125		0.597222
284.25		0.597222
284.375		0.597222
284.5		0.597222
284.625		0.597222
284.75		0.597222
284.875		0.597222
285		0.597222
285.125		0.597222
285.25		0.597222
285.375		0.597222
285.5		0.597222
285.625		0.597222
285.75		0.597222
285.875		0.597222
286		0.597222
286.125		0.611111
286.25		0.611111
286.375		0.611111
286.5		0.611111
286.625		0.611111
286.75		0.611111
286.875		0.611111
287		0.611111
287.125		0.611111
287.25		0.611111
287.375		0.611111
287.5		0.611111
287.625		0.611111
287.75		0.611111
287.875		0.611111
288		0.611111
288.125		0.611111
288.25		0.611111
288.375		0.611111
288.5		0.611111
288.625		0.611111
288.75		0.611111
288.875		0.611111
289		0.611111
289.125		0.611111
289.25		0.611111
289.375		0.611111
289.5		0.611111
289.625		0.611111
289.75		0.611111
289.875		0.611111
290		0.611111
290.125		0.611111
290.25		0.611111
290.375		0.611111
290.5		0.611111
290.625		0.611111
290.75		0.611111
290.875		0.611111
291		0.611111
291.125		0.611111
291.25		0.611111
291.375		0.611111
291.5		0.611111
291.625		0.611111
291.75		0.611111
291.875		0.611111
292		0.611111
292.125		0.611111
292.25		0.611111
292.375		0.611111
292.5		0.611111
292.625		0.611111
292.75		0.611111
292.875		0.611111
293		0.611111
293.125		0.611111
293.25		0.611111
293.375		0.611111
293.5		0.611111
293.625		0.611111
293.75		0.611111
293.875		0.611111
294		0.611111
294.125		0.611111
294.25		0.611111
294.375		0.611111
294.5		0.611111
294.625		0.611111
294.75		0.611111
294.875		0.611111
295		0.611111
295.125		0.611111
295.25		0.611111
295.375		0.611111
295.5		0.611111
295.625		0.611111
295.75		0.611111
295.875		0.611111
296		0.611111
296.125		0.611111
296.25		0.611111
296.375		0.611111
296.5		0.611111
296.625		0.611111
296.75		0.611111
296.875		0.611111
297		0.611111
297.125		0.611111
297.25		0.611111
297.375		0.611111
297.5		0.611111
297.625		0.611111
297.75		0.611111
297.875		0.611111
298		0.611111
298.125		0.611111
298.25		0.611111
298.375		0.611111
298.5		0.611111
298.625		0.611111
298.75		0.611111
298.875		0.611111
299		0.611111
299.125		0.611111
299.25		0.611111
299.375		0.611111
299.5		0.611111
299.625		0.611111
299.75		0.611111
299.875		0.611111
300		0.611111
300.125		0.625
300.25		0.625
300.375		0.625
300.5		0.625
300.625		0.625
300.75		0.625
300.875		0.625
301		0.625
301.125		0.625
301.25		0.625
301.375		0.625
301.5		0.625
301.625		0.625
301.75		0.625
301.875		0.625
302		0.625
302.125		0.625
302.25		0.625
302.375		0.625
302.5		0.625
302.625		0.625
302.75		0.625
302.875		0.625
303		0.625
303.125		0.625
303.25		0.625
303.375		0.625
303.5		0.625
303.625		0.625
303.75		0.625
303.875		0.625
304		0.625
304.125		0.638889
304.25		0.638889
304.375		0.638889
304.5		0.638889
304.625		0.638889
304.75		0.638889
304.875		0.638889
305		0.638889
305.125		0.638889
305.25		0.638889
305.375		0.638889
305.5		0.638889
305.625		0.638889
305.75		0.638889
305.875		0.638889
306		0.638889
306.125		0.638889
306.25		0.638889
306.375		0.638889
306.5		0.638889
306.625		0.638889
306.75		0.638889
306.875		0.638889
307		0.638889
307.125		0.652778
307.25		0.652778
307.375		0.652778
307.5		0.652778
307.625		0.652778
307.75		0.652778
307.875		0.652778
308		0.652778
308.125		0.652778
308.25		0.652778
308.375		0.652778
308.5		0.652778
308.625		0.652778
308.75		0.652778
308.875		0.652778
309		0.652778
309.125		0.652778
309.25		0.652778
309.375		0.652778
309.5		0.652778
309.625		0.652778
309.75		0.652778
309.875		0.652778
310		0.652778
310.125		0.652778
310.25		0.652778
310.375		0.652778
310.5		0.652778
310.625		0.652778
310.75		0.652778
310.875		0.652778
311		0.652778
311.125		0.652778
311.25		0.652778
311.375		0.652778
311.5		0.652778
311.625		0.652778
311.75		0.652778
311.875		0.652778
312		0.652778
312.125		0.666667
312.25		0.666667
312.375		0.666667
312.5		0.666667
312.625		0.666667
312.75		0.666667
312.875		0.666667
313		0.666667
313.125		0.666667
313.25		0.666667
313.375		0.666667
313.5		0.666667
313.625		0.666667
313.75		0.666667
313.875		0.666667
314		0.666667
314.125		0.666667
314.25		0.666667
314.375		0.666667
314.5		0.666667
314.625		0.666667
314.75		0.666667
314.875		0.666667
315		0.666667
315.125		0.666667
315.25		0.666667
315.375		0.666667
315.5		0.666667
315.625		0.666667
315.75		0.666667
315.875		0.666667
316		0.666667
316.125		0.666667
316.25		0.666667
316.375		0.666667
316.5		0.666667
316.625		0.666667
316.75		0.666667
316.875		0.666667
317		0.666667
317.125		0.666667
317.25		0.666667
317.375		0.666667
317.5		0.666667
317.625		0.666667
317.75		0.666667
317.875		0.666667
318		0.666667
318.125		0.666667
318.25		0.666667
318.375		0.666667
318.5		0.666667
318.625		0.666667
318.75		0.666667
318.875		0.666667
319		0.666667
319.125		0.666667
319.25		0.666667
319.375		0.666667
319.5		0.666667
319.625		0.666667
319.75		0.666667
319.875		0.666667
320		0.666667
320.125		0.666667
320.25		0.666667
320.375		0.666667
320.5		0.666667
320.625		0.666667
320.75		0.666667
320.875		0.666667
321		0.666667
321.125		0.666667
321.25		0.666667
321.375		0.666667
321.5		0.666667
321.625		0.666667
321.75		0.666667
321.875		0.666667
322		0.666667
322.125		0.666667
322.25		0.666667
322.375		0.666667
322.5		0.666667
322.625		0.666667
322.75		0.666667
322.875		0.666667
323		0.666667
323.125		0.666667
323.25		0.666667
323.375		0.666667
323.5		0.666667
323.625		0.666667
323.75		0.666667
323.875		0.666667
324		0.666667
324.125		0.666667
324.25		0.666667
324.375		0.666667
324.5		0.666667
324.625		0.666667
324.75		0.666667
324.875		0.666667
325		0.666667
325.125		0.666667
325.25		0.666667
325.375		0.666667
325.5		0.666667
325.625		0.666667
325.75		0.666667
325.875		0.666667
326		0.666667
326.125		0.666667
326.25		0.666667
326.375		0.666667
326.5		0.666667
326.625		0.666667
326.75		0.666667
326.875		0.666667
327		0.666667
327.125		0.666667
327.25		0.666667
327.375		0.666667
327.5		0.666667
327.625		0.666667
327.75		0.666667
327.875		0.666667
328		0.666667
328.125		0.680556
328.25		0.680556
328.375		0.680556
328.5		0.680556
328.625		0.680556
328.75		0.680556
328.875		0.680556
329		0.680556
329.125		0.680556
329.25		0.680556
329.375		0.680556
329.5		0.680556
329.625		0.680556
329.75		0.680556
329.875		0.680556
330		0.680556
330.125		0.680556
330.25		0.680556
330.375		0.680556
330.5		0.680556
330.625		0.680556
330.75		0.680556
330.875		0.680556
331		0.680556
331.125		0.680556
331.25		0.680556
331.375		0.680556
331.5		0.680556
331.625		0.680556
331.75		0.680556
331.875		0.680556
332		0.680556
332.125		0.694444
332.25		0.694444
332.375		0.694444
332.5		0.694444
332.625		0.694444
332.75		0.694444
332.875		0.694444
333		0.694444
333.125		0.694444
333.25		0.694444
333.375		0.694444
333.5		0.694444
333.625		0.694444
333.75		0.694444
333.875		0.694444
334		0.694444
334.125		0.694444
334.25		0.694444
334.375		0.694444
334.5		0.694444
334.625		0.694444
334.75		0.694444
334.875		0.694444
335		0.694444
335.125		0.694444
335.25		0.694444
335.375		0.694444
335.5		0.694444
335.625		0.694444
335.75		0.694444
335.875		0.694444
336		0.694444
336.125		0.694444
336.25		0.694444
336.375		0.694444
336.5		0.694444
336.625		0.694444
336.75		0.694444
336.875		0.694444
337		0.694444
337.125		0.694444
337.25		0.694444
337.375		0.694444
337.5		0.694444
337.625		0.694444
337.75		0.694444
337.875		0.694444
338		0.694444
338.125		0.694444
338.25		0.694444
338.375		0.694444
338.5		0.694444
338.625		0.694444
338.75		0.694444
338.875		0.694444
339		0.694444
339.125		0.694444
339.25		0.694444
339.375		0.694444
339.5		0.694444
339.625		0.694444
339.75		0.694444
339.875		0.694444
340		0.694444
340.125		0.708333
340.25		0.708333
340.375		0.708333
340.5		0.708333
340.625		0.708333
340.75		0.708333
340.875		0.708333
341		0.708333
341.125		0.708333
341.25		0.708333
341.375		0.708333
341.5		0.708333
341.625		0.708333
341.75		0.708333
341.875		0.708333
342		0.708333
342.125		0.708333
342.25		0.708333
342.375		0.708333
342.5		0.708333
342.625		0.708333
342.75		0.708333
342.875		0.708333
343		0.708333
343.125		0.708333
343.25		0.708333
343.375		0.708333
343.5		0.708333
343.625		0.708333
343.75		0.708333
343.875		0.708333
344		0.708333
344.125		0.708333
344.25		0.708333
344.375		0.708333
344.5		0.708333
344.625		0.708333
344.75		0.708333
344.875		0.708333
345		0.708333
345.125		0.708333
345.25		0.708333
345.375		0.708333
345.5		0.708333
345.625		0.708333
345.75		0.708333
345.875		0.708333
346		0.708333
346.125		0.708333
346.25		0.708333
346.375		0.708333
346.5		0.708333
346.625		0.708333
346.75		0.708333
346.875		0.708333
347		0.708333
347.125		0.708333
347.25		0.708333
347.375		0.708333
347.5		0.708333
347.625		0.708333
347.75		0.708333
347.875		0.708333
348		0.708333
348.125		0.708333
348.25		0.708333
348.375		0.708333
348.5		0.708333
348.625		0.708333
348.75		0.708333
348.875		0.708333
349		0.708333
349.125		0.708333
349.25		0.708333
349.375		0.708333
349.5		0.708333
349.625		0.708333
349.75		0.708333
349.875		0.708333
350		0.708333
350.125		0.722222
350.25		0.722222
350.375		0.722222
350.5		0.722222
350.625		0.722222
350.75		0.722222
350.875		0.722222
351		0.722222
351.125		0.722222
351.25		0.722222
351.375		0.722222
351.5		0.722222
351.625		0.722222
351.75		0.722222
351.875		0.722222
352		0.722222
352.125		0.722222
352.25		0.722222
352.375		0.722222
352.5		0.722222
352.625		0.722222
352.75		0.722222
352.875		0.722222
353		0.722222
353.125		0.722222
353.25		0.722222
353.375		0.722222
353.5		0.722222
353.625		0.722222
353.75		0.722222
353.875		0.722222
354		0.722222
354.125		0.722222
354.25		0.722222
354.375		0.722222
354.5		0.722222
354.625		0.722222
354.75		0.722222
354.875		0.722222
355		0.722222
355.125		0.722222
355.25		0.722222
355.375		0.722222
355.5		0.722222
355.625		0.722222
355.75		0.722222
355.875		0.722222
356		0.722222
356.125		0.722222
356.25		0.722222
356.375		0.722222
356.5		0.722222
356.625		0.722222
356.75		0.722222
356.875		0.722222
357		0.722222
357.125		0.722222
357.25		0.722222
357.375		0.722222
357.5		0.722222
357.625		0.722222
357.75		0.722222
357.875		0.722222
358		0.722222
358.125		0.722222
358.25		0.722222
358.375		0.722222
358.5		0.722222
358.625		0.722222
358.75		0.722222
358.875		0.722222
359		0.722222
359.125		0.722222
359.25		0.722222
359.375		0.722222
359.5		0.722222
359.625		0.722222
359.75		0.722222
359.875		0.722222
360		0.722222
360.125		0.722222
360.25		0.722222
360.375		0.722222
360.5		0.722222
360.625		0.722222
360.75		0.722222
360.875		0.722222
361		0.722222
361.125		0.736111
361.25		0.736111
361.375		0.736111
361.5		0.736111
361.625		0.736111
361.75		0.736111
361.875		0.736111
362		0.736111
362.125		0.736111
362.25		0.736111
362.375		0.736111
362.5		0.736111
362.625		0.736111
362.75		0.736111
362.875		0.736111
363		0.736111
363.125		0.75
363.25		0.75
363.375		0.75
363.5		0.75
363.625		0.75
363.75		0.75
363.875		0.75
364		0.75
364.125		0.75
364.25		0.75
364.375		0.75
364.5		0.75
364.625		0.75
364.75		0.75
364.875		0.75
365		0.75
365.125		0.75
365.25		0.75
365.375		0.75
365.5		0.75
365.625		0.75
365.75		0.75
365.875		0.75
366		0.75
366.125		0.75
366.25		0.75
366.375		0.75
366.5		0.75
366.625		0.75
366.75		0.75
366.875		0.75
367		0.75
367.125		0.763889
367.25		0.763889
367.375		0.763889
367.5		0.763889
367.625		0.763889
367.75		0.763889
367.875		0.763889
368		0.763889
368.125		0.763889
368.25		0.763889
368.375		0.763889
368.5		0.763889
368.625		0.763889
368.75		0.763889
368.875		0.763889
369		0.763889
369.125		0.763889
369.25		0.763889
369.375		0.763889
369.5		0.763889
369.625		0.763889
369.75		0.763889
369.875		0.763889
370		0.763889
370.125		0.763889
370.25		0.763889
370.375		0.763889
370.5		0.763889
370.625		0.763889
370.75		0.763889
370.875		0.763889
371		0.763889
371.125		0.763889
371.25		0.763889
371.375		0.763889
371.5		0.763889
371.625		0.763889
371.75		0.763889
371.875		0.763889
372		0.763889
372.125		0.763889
372.25		0.763889
372.375		0.763889
372.5		0.763889
372.625		0.763889
372.75		0.763889
372.875		0.763889
373		0.763889
373.125		0.777778
373.25		0.777778
373.375		0.777778
373.5		0.777778
373.625		0.777778
373.75		0.777778
373.875		0.777778
374		0.777778
374.125		0.805556
374.25		0.805556
374.375		0.805556
374.5		0.805556
374.625		0.805556
374.75		0.805556
374.875		0.805556
375		0.805556
375.125		0.805556
375.25		0.805556
375.375		0.805556
375.5		0.805556
375.625		0.805556
375.75		0.805556
375.875		0.805556
376		0.805556
376.125		0.805556
376.25		0.805556
376.375		0.805556
376.5		0.805556
376.625		0.805556
376.75		0.805556
376.875		0.805556
377		0.805556
377.125		0.805556
377.25		0.805556
377.375		0.805556
377.5		0.805556
377.625		0.805556
377.75		0.805556
377.875		0.805556
378		0.805556
378.125		0.805556
378.25		0.805556
378.375		0.805556
378.5		0.805556
378.625		0.805556
378.75		0.805556
378.875		0.805556
379		0.805556
379.125		0.805556
379.25		0.805556
379.375		0.805556
379.5		0.805556
379.625		0.805556
379.75		0.805556
379.875		0.805556
380		0.805556
380.125		0.805556
380.25		0.805556
380.375		0.805556
380.5		0.805556
380.625		0.805556
380.75		0.805556
380.875		0.805556
381		0.805556
381.125		0.805556
381.25		0.805556
381.375		0.805556
381.5		0.805556
381.625		0.805556
381.75		0.805556
381.875		0.805556
382		0.805556
382.125		0.805556
382.25		0.805556
382.375		0.805556
382.5		0.805556
382.625		0.805556
382.75		0.805556
382.875		0.805556
383		0.805556
383.125		0.805556
383.25		0.805556
383.375		0.805556
383.5		0.805556
383.625		0.805556
383.75		0.805556
383.875		0.805556
384		0.805556
384.125		0.805556
384.25		0.805556
384.375		0.805556
384.5		0.805556
384.625		0.805556
384.75		0.805556
384.875		0.805556
385		0.805556
385.125		0.819444
385.25		0.819444
385.375		0.819444
385.5		0.819444
385.625		0.819444
385.75		0.819444
385.875		0.819444
386		0.819444
386.125		0.819444
386.25		0.819444
386.375		0.819444
386.5		0.819444
386.625		0.819444
386.75		0.819444
386.875		0.819444
387		0.819444
387.125		0.819444
387.25		0.819444
387.375		0.819444
387.5		0.819444
387.625		0.819444
387.75		0.819444
387.875		0.819444
388		0.819444
388.125		0.819444
388.25		0.819444
388.375		0.819444
388.5		0.819444
388.625		0.819444
388.75		0.819444
388.875		0.819444
389		0.819444
389.125		0.819444
389.25		0.819444
389.375		0.819444
389.5		0.819444
389.625		0.819444
389.75		0.819444
389.875		0.819444
390		0.819444
390.125		0.819444
390.25		0.819444
390.375		0.819444
390.5		0.819444
390.625		0.819444
390.75		0.819444
390.875		0.819444
391		0.819444
391.125		0.819444
391.25		0.819444
391.375		0.819444
391.5		0.819444
391.625		0.819444
391.75		0.819444
391.875		0.819444
392		0.819444
392.125		0.819444
392.25		0.819444
392.375		0.819444
392.5		0.819444
392.625		0.819444
392.75		0.819444
392.875		0.819444
393		0.819444
393.125		0.833333
393.25		0.833333
393.375		0.833333
393.5		0.833333
393.625		0.833333
393.75		0.833333
393.875		0.833333
394		0.833333
394.125		0.833333
394.25		0.833333
394.375		0.833333
394.5		0.833333
394.625		0.833333
394.75		0.833333
394.875		0.833333
395		0.833333
395.125		0.847222
395.25		0.847222
395.375		0.847222
395.5		0.847222
395.625		0.847222
395.75		0.847222
395.875		0.847222
396		0.847222
396.125		0.847222
396.25		0.847222
396.375		0.847222
396.5		0.847222
396.625		0.847222
396.75		0.847222
396.875		0.847222
397		0.847222
397.125		0.847222
397.25		0.847222
397.375		0.847222
397.5		0.847222
397.625		0.847222
397.75		0.847222
397.875		0.847222
398		0.847222
398.125		0.847222
398.25		0.847222
398.375		0.847222
398.5		0.847222
398.625		0.847222
398.75		0.847222
398.875		0.847222
399		0.847222
399.125		0.861111
399.25		0.861111
399.375		0.861111
399.5		0.861111
399.625		0.861111
399.75		0.861111
399.875		0.861111
400		0.861111
400.125		0.861111
400.25		0.861111
400.375		0.861111
400.5		0.861111
400.625		0.861111
400.75		0.861111
400.875		0.861111
401		0.861111
401.125		0.861111
401.25		0.861111
401.375		0.861111
401.5		0.861111
401.625		0.861111
401.75		0.861111
401.875		0.861111
402		0.861111
402.125		0.861111
402.25		0.861111
402.375		0.861111
402.5		0.861111
402.625		0.861111
402.75		0.861111
402.875		0.861111
403		0.861111
403.125		0.861111
403.25		0.861111
403.375		0.861111
403.5		0.861111
403.625		0.861111
403.75		0.861111
403.875		0.861111
404		0.861111
404.125		0.861111
404.25		0.861111
404.375		0.861111
404.5		0.861111
404.625		0.861111
404.75		0.861111
404.875		0.861111
405		0.861111
405.125		0.875
405.25		0.875
405.375		0.875
405.5		0.875
405.625		0.875
405.75		0.875
405.875		0.875
406		0.875
406.125		0.875
406.25		0.875
406.375		0.875
406.5		0.875
406.625		0.875
406.75		0.875
406.875		0.875
407		0.875
407.125		0.875
407.25		0.875
407.375		0.875
407.5		0.875
407.625		0.875
407.75		0.875
407.875		0.875
408		0.875
408.125		0.875
408.25		0.875
408.375		0.875
408.5		0.875
408.625		0.875
408.75		0.875
408.875		0.875
409		0.875
409.125		0.875
409.25		0.875
409.375		0.875
409.5		0.875
409.625		0.875
409.75		0.875
409.875		0.875
410		0.875
410.125		0.875
410.25		0.875
410.375		0.875
410.5		0.875
410.625		0.875
410.75		0.875
410.875		0.875
411		0.875
411.125		0.875
411.25		0.875
411.375		0.875
411.5		0.875
411.625		0.875
411.75		0.875
411.875		0.875
412		0.875
412.125		0.875
412.25		0.875
412.375		0.875
412.5		0.875
412.625		0.875
412.75		0.875
412.875		0.875
413		0.875
413.125		0.888889
413.25		0.888889
413.375		0.888889
413.5		0.888889
413.625		0.888889
413.75		0.888889
413.875		0.888889
414		0.888889
414.125		0.888889
414.25		0.888889
414.375		0.888889
414.5		0.888889
414.625		0.888889
414.75		0.888889
414.875		0.888889
415		0.888889
415.125		0.888889
415.25		0.888889
415.375		0.888889
415.5		0.888889
415.625		0.888889
415.75		0.888889
415.875		0.888889
416		0.888889
416.125		0.888889
416.25		0.888889
416.375		0.888889
416.5		0.888889
416.625		0.888889
416.75		0.888889
416.875		0.888889
417		0.888889
417.125		0.902778
417.25		0.902778
417.375		0.902778
417.5		0.902778
417.625		0.902778
417.75		0.902778
417.875		0.902778
418		0.902778
418.125		0.916667
418.25		0.916667
418.375		0.916667
418.5		0.916667
418.625		0.916667
418.75		0.916667
418.875		0.916667
419		0.916667
419.125		0.930556
419.25		0.930556
419.375		0.930556
419.5		0.930556
419.625		0.930556
419.75		0.930556
419.875		0.930556
420		0.930556
420.125		0.930556
420.25		0.930556
420.375		0.930556
420.5		0.930556
420.625		0.930556
420.75		0.930556
420.875		0.930556
421		0.930556
421.125		0.930556
421.25		0.930556
421.375		0.930556
421.5		0.930556
421.625		0.930556
421.75		0.930556
421.875		0.930556
422		0.930556
422.125		0.930556
422.25		0.930556
422.375		0.930556
422.5		0.930556
422.625		0.930556
422.75		0.930556
422.875		0.930556
423		0.930556
423.125		0.930556
423.25		0.930556
423.375		0.930556
423.5		0.930556
423.625		0.930556
423.75		0.930556
423.875		0.930556
424		0.930556
424.125		0.930556
424.25		0.930556
424.375		0.930556
424.5		0.930556
424.625		0.930556
424.75		0.930556
424.875		0.930556
425		0.930556
425.125		0.930556
425.25		0.930556
425.375		0.930556
425.5		0.930556
425.625		0.930556
425.75		0.930556
425.875		0.930556
426		0.930556
426.125		0.930556
426.25		0.930556
426.375		0.930556
426.5		0.930556
426.625		0.930556
426.75		0.930556
426.875		0.930556
427		0.930556
427.125		0.930556
427.25		0.930556
427.375		0.930556
427.5		0.930556
427.625		0.930556
427.75		0.930556
427.875		0.930556
428		0.930556
428.125		0.930556
428.25		0.930556
428.375		0.930556
428.5		0.930556
428.625		0.930556
428.75		0.930556
428.875		0.930556
429		0.930556
429.125		0.930556
429.25		0.930556
429.375		0.930556
429.5		0.930556
429.625		0.930556
429.75		0.930556
429.875		0.930556
430		0.930556
430.125		0.930556
430.25		0.930556
430.375		0.930556
430.5		0.930556
430.625		0.930556
430.75		0.930556
430.875		0.930556
431		0.930556
431.125		0.930556
431.25		0.930556
431.375		0.930556
431.5		0.930556
431.625		0.930556
431.75		0.930556
431.875		0.930556
432		0.930556
432.125		0.930556
432.25		0.930556
432.375		0.930556
432.5		0.930556
432.625		0.930556
432.75		0.930556
432.875		0.930556
433		0.930556
433.125		0.930556
433.25		0.930556
433.375		0.930556
433.5		0.930556
433.625		0.930556
433.75		0.930556
433.875		0.930556
434		0.930556
434.125		0.930556
434.25		0.930556
434.375		0.930556
434.5		0.930556
434.625		0.930556
434.75		0.930556
434.875		0.930556
435		0.930556
435.125		0.930556
435.25		0.930556
435.375		0.930556
435.5		0.930556
435.625		0.930556
435.75		0.930556
435.875		0.930556
436		0.930556
436.125		0.930556
436.25		0.930556
436.375		0.930556
436.5		0.930556
436.625		0.930556
436.75		0.930556
436.875		0.930556
437		0.930556
437.125		0.930556
437.25		0.930556
437.375		0.930556
437.5		0.930556
437.625		0.930556
437.75		0.930556
437.875		0.930556
438		0.930556
438.125		0.930556
438.25		0.930556
438.375		0.930556
438.5		0.930556
438.625		0.930556
438.75		0.930556
438.875		0.930556
439		0.930556
439.125		0.930556
439.25		0.930556
439.375		0.930556
439.5		0.930556
439.625		0.930556
439.75		0.930556
439.875		0.930556
440		0.930556
440.125		0.930556
440.25		0.930556
440.375		0.930556
440.5		0.930556
440.625		0.930556
440.75		0.930556
440.875		0.930556
441		0.930556
441.125		0.930556
441.25		0.930556
441.375		0.930556
441.5		0.930556
441.625		0.930556
441.75		0.930556
441.875		0.930556
442		0.930556
442.125		0.944444
442.25		0.944444
442.375		0.944444
442.5		0.944444
442.625		0.944444
442.75		0.944444
442.875		0.944444
443		0.944444
443.125		0.958333
443.25		0.958333
443.375		0.958333
443.5		0.958333
443.625		0.958333
443.75		0.958333
443.875		0.958333
444		0.958333
444.125		0.972222
444.25		0.972222
444.375		0.972222
444.5		0.972222
444.625		0.972222
444.75		0.972222
444.875		0.972222
445		0.972222
445.125		0.972222
445.25		0.972222
445.375		0.972222
445.5		0.972222
445.625		0.972222
445.75		0.972222
445.875		0.972222
446		0.972222
446.125		0.972222
446.25		0.972222
446.375		0.972222
446.5		0.972222
446.625		0.972222
446.75		0.972222
446.875		0.972222
447		0.972222
447.125		0.972222
447.25		0.972222
447.375		0.972222
447.5		0.972222
447.625		0.972222
447.75		0.972222
447.875		0.972222
448		0.972222
448.125		0.972222
448.25		0.972222
448.375		0.972222
448.5		0.972222
448.625		0.972222
448.75		0.972222
448.875		0.972222
449		0.972222
449.125		0.972222
449.25		0.972222
449.375		0.972222
449.5		0.972222
449.625		0.972222
449.75		0.972222
449.875		0.972222
450		0.972222
450.125		0.972222
450.25		0.972222
450.375		0.972222
450.5		0.972222
450.625		0.972222
450.75		0.972222
450.875		0.972222
451		0.972222
451.125		0.972222
451.25		0.972222
451.375		0.972222
451.5		0.972222
451.625		0.972222
451.75		0.972222
451.875		0.972222
452		0.972222
452.125		0.972222
452.25		0.972222
452.375		0.972222
452.5		0.972222
452.625		0.972222
452.75		0.972222
452.875		0.972222
453		0.972222
453.125		0.972222
453.25		0.972222
453.375		0.972222
453.5		0.972222
453.625		0.972222
453.75		0.972222
453.875		0.972222
454		0.972222
454.125		0.972222
454.25		0.972222
454.375		0.972222
454.5		0.972222
454.625		0.972222
454.75		0.972222
454.875		0.972222
455		0.972222
455.125		0.972222
455.25		0.972222
455.375		0.972222
455.5		0.972222
455.625		0.972222
455.75		0.972222
455.875		0.972222
456		0.972222
456.125		0.972222
456.25		0.972222
456.375		0.972222
456.5		0.972222
456.625		0.972222
456.75		0.972222
456.875		0.972222
457		0.972222
457.125		0.972222
457.25		0.972222
457.375		0.972222
457.5		0.972222
457.625		0.972222
457.75		0.972222
457.875		0.972222
458		0.972222
458.125		0.972222
458.25		0.972222
458.375		0.972222
458.5		0.972222
458.625		0.972222
458.75		0.972222
458.875		0.972222
459		0.972222
459.125		0.972222
459.25		0.972222
459.375		0.972222
459.5		0.972222
459.625		0.972222
459.75		0.972222
459.875		0.972222
460		0.972222
460.125		0.972222
460.25		0.972222
460.375		0.972222
460.5		0.972222
460.625		0.972222
460.75		0.972222
460.875		0.972222
461		0.972222
461.125		0.972222
461.25		0.972222
461.375		0.972222
461.5		0.972222
461.625		0.972222
461.75		0.972222
461.875		0.972222
462		0.972222
462.125		0.986111
462.25		0.986111
462.375		0.986111
462.5		0.986111
462.625		0.986111
462.75		0.986111
462.875		0.986111
463		0.986111
463.125		1
463.25		1
463.375		1
463.5		1
463.625		1
463.75		1
463.875		1
464		1
464.125		1
464.25		1
464.375		1
464.5		1
464.625		1
464.75		1
464.875		1
465		1
465.125		1
465.25		1
465.375		1
465.5		1
465.625		1
465.75		1
465.875		1
466		1
466.125		1
466.25		1
466.375		1
466.5		1
466.625		1
466.75		1
466.875		1
467		1
467.125		1
467.25		1
467.375		1
467.5		1
467.625		1
467.75		1
467.875		1
468		1
468.125		1
468.25		1
468.375		1
468.5		1
468.625		1
468.75		1
468.875		1
469		1
469.125		1
469.25		1
469.375		1
469.5		1
469.625		1
469.75		1
469.875		1
470		1
470.125		1
470.25		1
470.375		1
470.5		1
470.625		1
470.75		1
470.875		1
471		1
471.125		1
471.25		1
471.375		1
471.5		1
471.625		1
471.75		1
471.875		1
472		1
472.125		1
472.25		1
472.375		1
472.5		1
472.625		1
472.75		1
472.875		1
473		1
473.125		1
473.25		1
473.375		1
473.5		1
473.625		1
473.75		1
473.875		1
474		1
474.125		1
474.25		1
474.375		1
474.5		1
474.625		1
474.75		1
474.875		1
475		1
475.125		1
475.25		1
475.375		1
475.5		1
475.625		1
475.75		1
475.875		1
476		1
476.125		1
476.25		1
476.375		1
476.5		1
476.625		1
476.75		1
476.875		1
477		1
477.125		1
477.25		1
477.375		1
477.5		1
477.625		1
477.75		1
477.875		1
478		1
478.125		1
478.25		1
478.375		1
478.5		1
478.625		1
478.75		1
478.875		1
479		1
479.125		1
479.25		1
479.375		1
479.5		1
479.625		1
479.75		1
479.875		1
480		1
480.125		1
480.25		1
480.375		1
480.5		1
480.625		1
480.75		1
480.875		1
481		1
481.125		1
481.25		1
481.375		1
481.5		1
481.625		1
481.75		1
481.875		1
482		1
482.125		1
482.25		1
482.375		1
482.5		1
482.625		1
482.75		1
482.875		1
483		1
483.125		1
483.25		1
483.375		1
483.5		1
483.625		1
483.75		1
483.875		1
484		1
484.125		1
484.25		1
484.375		1
484.5		1
484.625		1
484.75		1
484.875		1
485		1
485.125		1
485.25		1
485.375		1
485.5		1
485.625		1
485.75		1
485.875		1
486		1
486.125		1
486.25		1
486.375		1
486.5		1
486.625		1
486.75		1
486.875		1
487		1
487.125		1
487.25		1
487.375		1
487.5		1
487.625		1
487.75		1
487.875		1
488		1
488.125		1
488.25		1
488.375		1
488.5		1
488.625		1
488.75		1
488.875		1
489		1
489.125		1
489.25		1
489.375		1
489.5		1
489.625		1
489.75		1
489.875		1
490		1
490.125		1
490.25		1
490.375		1
490.5		1
490.625		1
490.75		1
490.875		1
491		1
491.125		1
491.25		1
491.375		1
491.5		1
491.625		1
491.75		1
491.875		1
492		1
492.125		1
492.25		1
492.375		1
492.5		1
492.625		1
492.75		1
492.875		1
493		1
493.125		1
493.25		1
493.375		1
493.5		1
493.625		1
493.75		1
493.875		1
494		1
494.125		1
494.25		1
494.375		1
494.5		1
494.625		1
494.75		1
494.875		1
495		1
495.125		1
495.25		1
495.375		1
495.5		1
495.625		1
495.75		1
495.875		1
496		1
496.125		1
496.25		1
496.375		1
496.5		1
496.625		1
496.75		1
496.875		1
497		1
497.125		1
497.25		1
497.375		1
497.5		1
497.625		1
497.75		1
497.875		1
498		1
498.125		1
498.25		1
498.375		1
498.5		1
498.625		1
498.75		1
498.875		1
499		1
499.125		1
499.25		1
499.375		1
499.5		1
499.625		1
499.75		1
499.875		1
500		1
