# Calibration file of tamex_id 0 @ channel 21
# fine_T bin		 Calibration value
0.125		0
0.25		0
0.375		0
0.5		0
0.625		0
0.75		0
0.875		0
1		0
1.125		0
1.25		0
1.375		0
1.5		0
1.625		0
1.75		0
1.875		0
2		0
2.125		0
2.25		0
2.375		0
2.5		0
2.625		0
2.75		0
2.875		0
3		0
3.125		0
3.25		0
3.375		0
3.5		0
3.625		0
3.75		0
3.875		0
4		0
4.125		0
4.25		0
4.375		0
4.5		0
4.625		0
4.75		0
4.875		0
5		0
5.125		0
5.25		0
5.375		0
5.5		0
5.625		0
5.75		0
5.875		0
6		0
6.125		0
6.25		0
6.375		0
6.5		0
6.625		0
6.75		0
6.875		0
7		0
7.125		0
7.25		0
7.375		0
7.5		0
7.625		0
7.75		0
7.875		0
8		0
8.125		0
8.25		0
8.375		0
8.5		0
8.625		0
8.75		0
8.875		0
9		0
9.125		0
9.25		0
9.375		0
9.5		0
9.625		0
9.75		0
9.875		0
10		0
10.125		0
10.25		0
10.375		0
10.5		0
10.625		0
10.75		0
10.875		0
11		0
11.125		0
11.25		0
11.375		0
11.5		0
11.625		0
11.75		0
11.875		0
12		0
12.125		0
12.25		0
12.375		0
12.5		0
12.625		0
12.75		0
12.875		0
13		0
13.125		0
13.25		0
13.375		0
13.5		0
13.625		0
13.75		0
13.875		0
14		0
14.125		0
14.25		0
14.375		0
14.5		0
14.625		0
14.75		0
14.875		0
15		0
15.125		0
15.25		0
15.375		0
15.5		0
15.625		0
15.75		0
15.875		0
16		0
16.125		0
16.25		0
16.375		0
16.5		0
16.625		0
16.75		0
16.875		0
17		0
17.125		0
17.25		0
17.375		0
17.5		0
17.625		0
17.75		0
17.875		0
18		0
18.125		0
18.25		0
18.375		0
18.5		0
18.625		0
18.75		0
18.875		0
19		0
19.125		0
19.25		0
19.375		0
19.5		0
19.625		0
19.75		0
19.875		0
20		0
20.125		0
20.25		0
20.375		0
20.5		0
20.625		0
20.75		0
20.875		0
21		0
21.125		0
21.25		0
21.375		0
21.5		0
21.625		0
21.75		0
21.875		0
22		0
22.125		0
22.25		0
22.375		0
22.5		0
22.625		0
22.75		0
22.875		0
23		0
23.125		0
23.25		0
23.375		0
23.5		0
23.625		0
23.75		0
23.875		0
24		0
24.125		0
24.25		0
24.375		0
24.5		0
24.625		0
24.75		0
24.875		0
25		0
25.125		0
25.25		0
25.375		0
25.5		0
25.625		0
25.75		0
25.875		0
26		0
26.125		0
26.25		0
26.375		0
26.5		0
26.625		0
26.75		0
26.875		0
27		0
27.125		0
27.25		0
27.375		0
27.5		0
27.625		0
27.75		0
27.875		0
28		0
28.125		0
28.25		0
28.375		0
28.5		0
28.625		0
28.75		0
28.875		0
29		0
29.125		0
29.25		0
29.375		0
29.5		0
29.625		0
29.75		0
29.875		0
30		0
30.125		0
30.25		0
30.375		0
30.5		0
30.625		0
30.75		0
30.875		0
31		0
31.125		0
31.25		0
31.375		0
31.5		0
31.625		0
31.75		0
31.875		0
32		0
32.125		0
32.25		0
32.375		0
32.5		0
32.625		0
32.75		0
32.875		0
33		0
33.125		0
33.25		0
33.375		0
33.5		0
33.625		0
33.75		0
33.875		0
34		0
34.125		0
34.25		0
34.375		0
34.5		0
34.625		0
34.75		0
34.875		0
35		0
35.125		0
35.25		0
35.375		0
35.5		0
35.625		0
35.75		0
35.875		0
36		0
36.125		0
36.25		0
36.375		0
36.5		0
36.625		0
36.75		0
36.875		0
37		0
37.125		0
37.25		0
37.375		0
37.5		0
37.625		0
37.75		0
37.875		0
38		0
38.125		0
38.25		0
38.375		0
38.5		0
38.625		0
38.75		0
38.875		0
39		0
39.125		0
39.25		0
39.375		0
39.5		0
39.625		0
39.75		0
39.875		0
40		0
40.125		0
40.25		0
40.375		0
40.5		0
40.625		0
40.75		0
40.875		0
41		0
41.125		0
41.25		0
41.375		0
41.5		0
41.625		0
41.75		0
41.875		0
42		0
42.125		0
42.25		0
42.375		0
42.5		0
42.625		0
42.75		0
42.875		0
43		0
43.125		0
43.25		0
43.375		0
43.5		0
43.625		0
43.75		0
43.875		0
44		0
44.125		0
44.25		0
44.375		0
44.5		0
44.625		0
44.75		0
44.875		0
45		0
45.125		0
45.25		0
45.375		0
45.5		0
45.625		0
45.75		0
45.875		0
46		0
46.125		0
46.25		0
46.375		0
46.5		0
46.625		0
46.75		0
46.875		0
47		0
47.125		0
47.25		0
47.375		0
47.5		0
47.625		0
47.75		0
47.875		0
48		0
48.125		0
48.25		0
48.375		0
48.5		0
48.625		0
48.75		0
48.875		0
49		0
49.125		0
49.25		0
49.375		0
49.5		0
49.625		0
49.75		0
49.875		0
50		0
50.125		0
50.25		0
50.375		0
50.5		0
50.625		0
50.75		0
50.875		0
51		0
51.125		0
51.25		0
51.375		0
51.5		0
51.625		0
51.75		0
51.875		0
52		0
52.125		0
52.25		0
52.375		0
52.5		0
52.625		0
52.75		0
52.875		0
53		0
53.125		147.059
53.25		147.059
53.375		147.059
53.5		147.059
53.625		147.059
53.75		147.059
53.875		147.059
54		147.059
54.125		147.059
54.25		147.059
54.375		147.059
54.5		147.059
54.625		147.059
54.75		147.059
54.875		147.059
55		147.059
55.125		147.059
55.25		147.059
55.375		147.059
55.5		147.059
55.625		147.059
55.75		147.059
55.875		147.059
56		147.059
56.125		147.059
56.25		147.059
56.375		147.059
56.5		147.059
56.625		147.059
56.75		147.059
56.875		147.059
57		147.059
57.125		147.059
57.25		147.059
57.375		147.059
57.5		147.059
57.625		147.059
57.75		147.059
57.875		147.059
58		147.059
58.125		147.059
58.25		147.059
58.375		147.059
58.5		147.059
58.625		147.059
58.75		147.059
58.875		147.059
59		147.059
59.125		147.059
59.25		147.059
59.375		147.059
59.5		147.059
59.625		147.059
59.75		147.059
59.875		147.059
60		147.059
60.125		147.059
60.25		147.059
60.375		147.059
60.5		147.059
60.625		147.059
60.75		147.059
60.875		147.059
61		147.059
61.125		147.059
61.25		147.059
61.375		147.059
61.5		147.059
61.625		147.059
61.75		147.059
61.875		147.059
62		147.059
62.125		294.118
62.25		294.118
62.375		294.118
62.5		294.118
62.625		294.118
62.75		294.118
62.875		294.118
63		294.118
63.125		294.118
63.25		294.118
63.375		294.118
63.5		294.118
63.625		294.118
63.75		294.118
63.875		294.118
64		294.118
64.125		294.118
64.25		294.118
64.375		294.118
64.5		294.118
64.625		294.118
64.75		294.118
64.875		294.118
65		294.118
65.125		294.118
65.25		294.118
65.375		294.118
65.5		294.118
65.625		294.118
65.75		294.118
65.875		294.118
66		294.118
66.125		441.176
66.25		441.176
66.375		441.176
66.5		441.176
66.625		441.176
66.75		441.176
66.875		441.176
67		441.176
67.125		441.176
67.25		441.176
67.375		441.176
67.5		441.176
67.625		441.176
67.75		441.176
67.875		441.176
68		441.176
68.125		441.176
68.25		441.176
68.375		441.176
68.5		441.176
68.625		441.176
68.75		441.176
68.875		441.176
69		441.176
69.125		441.176
69.25		441.176
69.375		441.176
69.5		441.176
69.625		441.176
69.75		441.176
69.875		441.176
70		441.176
70.125		735.294
70.25		735.294
70.375		735.294
70.5		735.294
70.625		735.294
70.75		735.294
70.875		735.294
71		735.294
71.125		735.294
71.25		735.294
71.375		735.294
71.5		735.294
71.625		735.294
71.75		735.294
71.875		735.294
72		735.294
72.125		735.294
72.25		735.294
72.375		735.294
72.5		735.294
72.625		735.294
72.75		735.294
72.875		735.294
73		735.294
73.125		735.294
73.25		735.294
73.375		735.294
73.5		735.294
73.625		735.294
73.75		735.294
73.875		735.294
74		735.294
74.125		735.294
74.25		735.294
74.375		735.294
74.5		735.294
74.625		735.294
74.75		735.294
74.875		735.294
75		735.294
75.125		735.294
75.25		735.294
75.375		735.294
75.5		735.294
75.625		735.294
75.75		735.294
75.875		735.294
76		735.294
76.125		735.294
76.25		735.294
76.375		735.294
76.5		735.294
76.625		735.294
76.75		735.294
76.875		735.294
77		735.294
77.125		735.294
77.25		735.294
77.375		735.294
77.5		735.294
77.625		735.294
77.75		735.294
77.875		735.294
78		735.294
78.125		735.294
78.25		735.294
78.375		735.294
78.5		735.294
78.625		735.294
78.75		735.294
78.875		735.294
79		735.294
79.125		735.294
79.25		735.294
79.375		735.294
79.5		735.294
79.625		735.294
79.75		735.294
79.875		735.294
80		735.294
80.125		882.353
80.25		882.353
80.375		882.353
80.5		882.353
80.625		882.353
80.75		882.353
80.875		882.353
81		882.353
81.125		1029.41
81.25		1029.41
81.375		1029.41
81.5		1029.41
81.625		1029.41
81.75		1029.41
81.875		1029.41
82		1029.41
82.125		1029.41
82.25		1029.41
82.375		1029.41
82.5		1029.41
82.625		1029.41
82.75		1029.41
82.875		1029.41
83		1029.41
83.125		1029.41
83.25		1029.41
83.375		1029.41
83.5		1029.41
83.625		1029.41
83.75		1029.41
83.875		1029.41
84		1029.41
84.125		1029.41
84.25		1029.41
84.375		1029.41
84.5		1029.41
84.625		1029.41
84.75		1029.41
84.875		1029.41
85		1029.41
85.125		1029.41
85.25		1029.41
85.375		1029.41
85.5		1029.41
85.625		1029.41
85.75		1029.41
85.875		1029.41
86		1029.41
86.125		1029.41
86.25		1029.41
86.375		1029.41
86.5		1029.41
86.625		1029.41
86.75		1029.41
86.875		1029.41
87		1029.41
87.125		1176.47
87.25		1176.47
87.375		1176.47
87.5		1176.47
87.625		1176.47
87.75		1176.47
87.875		1176.47
88		1176.47
88.125		1176.47
88.25		1176.47
88.375		1176.47
88.5		1176.47
88.625		1176.47
88.75		1176.47
88.875		1176.47
89		1176.47
89.125		1176.47
89.25		1176.47
89.375		1176.47
89.5		1176.47
89.625		1176.47
89.75		1176.47
89.875		1176.47
90		1176.47
90.125		1176.47
90.25		1176.47
90.375		1176.47
90.5		1176.47
90.625		1176.47
90.75		1176.47
90.875		1176.47
91		1176.47
91.125		1176.47
91.25		1176.47
91.375		1176.47
91.5		1176.47
91.625		1176.47
91.75		1176.47
91.875		1176.47
92		1176.47
92.125		1176.47
92.25		1176.47
92.375		1176.47
92.5		1176.47
92.625		1176.47
92.75		1176.47
92.875		1176.47
93		1176.47
93.125		1176.47
93.25		1176.47
93.375		1176.47
93.5		1176.47
93.625		1176.47
93.75		1176.47
93.875		1176.47
94		1176.47
94.125		1176.47
94.25		1176.47
94.375		1176.47
94.5		1176.47
94.625		1176.47
94.75		1176.47
94.875		1176.47
95		1176.47
95.125		1176.47
95.25		1176.47
95.375		1176.47
95.5		1176.47
95.625		1176.47
95.75		1176.47
95.875		1176.47
96		1176.47
96.125		1176.47
96.25		1176.47
96.375		1176.47
96.5		1176.47
96.625		1176.47
96.75		1176.47
96.875		1176.47
97		1176.47
97.125		1176.47
97.25		1176.47
97.375		1176.47
97.5		1176.47
97.625		1176.47
97.75		1176.47
97.875		1176.47
98		1176.47
98.125		1176.47
98.25		1176.47
98.375		1176.47
98.5		1176.47
98.625		1176.47
98.75		1176.47
98.875		1176.47
99		1176.47
99.125		1176.47
99.25		1176.47
99.375		1176.47
99.5		1176.47
99.625		1176.47
99.75		1176.47
99.875		1176.47
100		1176.47
100.125		1176.47
100.25		1176.47
100.375		1176.47
100.5		1176.47
100.625		1176.47
100.75		1176.47
100.875		1176.47
101		1176.47
101.125		1176.47
101.25		1176.47
101.375		1176.47
101.5		1176.47
101.625		1176.47
101.75		1176.47
101.875		1176.47
102		1176.47
102.125		1176.47
102.25		1176.47
102.375		1176.47
102.5		1176.47
102.625		1176.47
102.75		1176.47
102.875		1176.47
103		1176.47
103.125		1176.47
103.25		1176.47
103.375		1176.47
103.5		1176.47
103.625		1176.47
103.75		1176.47
103.875		1176.47
104		1176.47
104.125		1323.53
104.25		1323.53
104.375		1323.53
104.5		1323.53
104.625		1323.53
104.75		1323.53
104.875		1323.53
105		1323.53
105.125		1323.53
105.25		1323.53
105.375		1323.53
105.5		1323.53
105.625		1323.53
105.75		1323.53
105.875		1323.53
106		1323.53
106.125		1323.53
106.25		1323.53
106.375		1323.53
106.5		1323.53
106.625		1323.53
106.75		1323.53
106.875		1323.53
107		1323.53
107.125		1323.53
107.25		1323.53
107.375		1323.53
107.5		1323.53
107.625		1323.53
107.75		1323.53
107.875		1323.53
108		1323.53
108.125		1323.53
108.25		1323.53
108.375		1323.53
108.5		1323.53
108.625		1323.53
108.75		1323.53
108.875		1323.53
109		1323.53
109.125		1323.53
109.25		1323.53
109.375		1323.53
109.5		1323.53
109.625		1323.53
109.75		1323.53
109.875		1323.53
110		1323.53
110.125		1470.59
110.25		1470.59
110.375		1470.59
110.5		1470.59
110.625		1470.59
110.75		1470.59
110.875		1470.59
111		1470.59
111.125		1470.59
111.25		1470.59
111.375		1470.59
111.5		1470.59
111.625		1470.59
111.75		1470.59
111.875		1470.59
112		1470.59
112.125		1470.59
112.25		1470.59
112.375		1470.59
112.5		1470.59
112.625		1470.59
112.75		1470.59
112.875		1470.59
113		1470.59
113.125		1470.59
113.25		1470.59
113.375		1470.59
113.5		1470.59
113.625		1470.59
113.75		1470.59
113.875		1470.59
114		1470.59
114.125		1470.59
114.25		1470.59
114.375		1470.59
114.5		1470.59
114.625		1470.59
114.75		1470.59
114.875		1470.59
115		1470.59
115.125		1470.59
115.25		1470.59
115.375		1470.59
115.5		1470.59
115.625		1470.59
115.75		1470.59
115.875		1470.59
116		1470.59
116.125		1470.59
116.25		1470.59
116.375		1470.59
116.5		1470.59
116.625		1470.59
116.75		1470.59
116.875		1470.59
117		1470.59
117.125		1617.65
117.25		1617.65
117.375		1617.65
117.5		1617.65
117.625		1617.65
117.75		1617.65
117.875		1617.65
118		1617.65
118.125		1617.65
118.25		1617.65
118.375		1617.65
118.5		1617.65
118.625		1617.65
118.75		1617.65
118.875		1617.65
119		1617.65
119.125		1617.65
119.25		1617.65
119.375		1617.65
119.5		1617.65
119.625		1617.65
119.75		1617.65
119.875		1617.65
120		1617.65
120.125		1617.65
120.25		1617.65
120.375		1617.65
120.5		1617.65
120.625		1617.65
120.75		1617.65
120.875		1617.65
121		1617.65
121.125		1617.65
121.25		1617.65
121.375		1617.65
121.5		1617.65
121.625		1617.65
121.75		1617.65
121.875		1617.65
122		1617.65
122.125		1617.65
122.25		1617.65
122.375		1617.65
122.5		1617.65
122.625		1617.65
122.75		1617.65
122.875		1617.65
123		1617.65
123.125		1617.65
123.25		1617.65
123.375		1617.65
123.5		1617.65
123.625		1617.65
123.75		1617.65
123.875		1617.65
124		1617.65
124.125		1617.65
124.25		1617.65
124.375		1617.65
124.5		1617.65
124.625		1617.65
124.75		1617.65
124.875		1617.65
125		1617.65
125.125		1617.65
125.25		1617.65
125.375		1617.65
125.5		1617.65
125.625		1617.65
125.75		1617.65
125.875		1617.65
126		1617.65
126.125		1617.65
126.25		1617.65
126.375		1617.65
126.5		1617.65
126.625		1617.65
126.75		1617.65
126.875		1617.65
127		1617.65
127.125		1617.65
127.25		1617.65
127.375		1617.65
127.5		1617.65
127.625		1617.65
127.75		1617.65
127.875		1617.65
128		1617.65
128.125		1617.65
128.25		1617.65
128.375		1617.65
128.5		1617.65
128.625		1617.65
128.75		1617.65
128.875		1617.65
129		1617.65
129.125		1617.65
129.25		1617.65
129.375		1617.65
129.5		1617.65
129.625		1617.65
129.75		1617.65
129.875		1617.65
130		1617.65
130.125		1617.65
130.25		1617.65
130.375		1617.65
130.5		1617.65
130.625		1617.65
130.75		1617.65
130.875		1617.65
131		1617.65
131.125		1617.65
131.25		1617.65
131.375		1617.65
131.5		1617.65
131.625		1617.65
131.75		1617.65
131.875		1617.65
132		1617.65
132.125		1617.65
132.25		1617.65
132.375		1617.65
132.5		1617.65
132.625		1617.65
132.75		1617.65
132.875		1617.65
133		1617.65
133.125		1617.65
133.25		1617.65
133.375		1617.65
133.5		1617.65
133.625		1617.65
133.75		1617.65
133.875		1617.65
134		1617.65
134.125		1617.65
134.25		1617.65
134.375		1617.65
134.5		1617.65
134.625		1617.65
134.75		1617.65
134.875		1617.65
135		1617.65
135.125		1617.65
135.25		1617.65
135.375		1617.65
135.5		1617.65
135.625		1617.65
135.75		1617.65
135.875		1617.65
136		1617.65
136.125		1617.65
136.25		1617.65
136.375		1617.65
136.5		1617.65
136.625		1617.65
136.75		1617.65
136.875		1617.65
137		1617.65
137.125		1764.71
137.25		1764.71
137.375		1764.71
137.5		1764.71
137.625		1764.71
137.75		1764.71
137.875		1764.71
138		1764.71
138.125		1911.76
138.25		1911.76
138.375		1911.76
138.5		1911.76
138.625		1911.76
138.75		1911.76
138.875		1911.76
139		1911.76
139.125		1911.76
139.25		1911.76
139.375		1911.76
139.5		1911.76
139.625		1911.76
139.75		1911.76
139.875		1911.76
140		1911.76
140.125		1911.76
140.25		1911.76
140.375		1911.76
140.5		1911.76
140.625		1911.76
140.75		1911.76
140.875		1911.76
141		1911.76
141.125		1911.76
141.25		1911.76
141.375		1911.76
141.5		1911.76
141.625		1911.76
141.75		1911.76
141.875		1911.76
142		1911.76
142.125		1911.76
142.25		1911.76
142.375		1911.76
142.5		1911.76
142.625		1911.76
142.75		1911.76
142.875		1911.76
143		1911.76
143.125		1911.76
143.25		1911.76
143.375		1911.76
143.5		1911.76
143.625		1911.76
143.75		1911.76
143.875		1911.76
144		1911.76
144.125		1911.76
144.25		1911.76
144.375		1911.76
144.5		1911.76
144.625		1911.76
144.75		1911.76
144.875		1911.76
145		1911.76
145.125		1911.76
145.25		1911.76
145.375		1911.76
145.5		1911.76
145.625		1911.76
145.75		1911.76
145.875		1911.76
146		1911.76
146.125		1911.76
146.25		1911.76
146.375		1911.76
146.5		1911.76
146.625		1911.76
146.75		1911.76
146.875		1911.76
147		1911.76
147.125		1911.76
147.25		1911.76
147.375		1911.76
147.5		1911.76
147.625		1911.76
147.75		1911.76
147.875		1911.76
148		1911.76
148.125		2058.82
148.25		2058.82
148.375		2058.82
148.5		2058.82
148.625		2058.82
148.75		2058.82
148.875		2058.82
149		2058.82
149.125		2058.82
149.25		2058.82
149.375		2058.82
149.5		2058.82
149.625		2058.82
149.75		2058.82
149.875		2058.82
150		2058.82
150.125		2058.82
150.25		2058.82
150.375		2058.82
150.5		2058.82
150.625		2058.82
150.75		2058.82
150.875		2058.82
151		2058.82
151.125		2058.82
151.25		2058.82
151.375		2058.82
151.5		2058.82
151.625		2058.82
151.75		2058.82
151.875		2058.82
152		2058.82
152.125		2058.82
152.25		2058.82
152.375		2058.82
152.5		2058.82
152.625		2058.82
152.75		2058.82
152.875		2058.82
153		2058.82
153.125		2058.82
153.25		2058.82
153.375		2058.82
153.5		2058.82
153.625		2058.82
153.75		2058.82
153.875		2058.82
154		2058.82
154.125		2058.82
154.25		2058.82
154.375		2058.82
154.5		2058.82
154.625		2058.82
154.75		2058.82
154.875		2058.82
155		2058.82
155.125		2058.82
155.25		2058.82
155.375		2058.82
155.5		2058.82
155.625		2058.82
155.75		2058.82
155.875		2058.82
156		2058.82
156.125		2058.82
156.25		2058.82
156.375		2058.82
156.5		2058.82
156.625		2058.82
156.75		2058.82
156.875		2058.82
157		2058.82
157.125		2058.82
157.25		2058.82
157.375		2058.82
157.5		2058.82
157.625		2058.82
157.75		2058.82
157.875		2058.82
158		2058.82
158.125		2058.82
158.25		2058.82
158.375		2058.82
158.5		2058.82
158.625		2058.82
158.75		2058.82
158.875		2058.82
159		2058.82
159.125		2205.88
159.25		2205.88
159.375		2205.88
159.5		2205.88
159.625		2205.88
159.75		2205.88
159.875		2205.88
160		2205.88
160.125		2205.88
160.25		2205.88
160.375		2205.88
160.5		2205.88
160.625		2205.88
160.75		2205.88
160.875		2205.88
161		2205.88
161.125		2205.88
161.25		2205.88
161.375		2205.88
161.5		2205.88
161.625		2205.88
161.75		2205.88
161.875		2205.88
162		2205.88
162.125		2205.88
162.25		2205.88
162.375		2205.88
162.5		2205.88
162.625		2205.88
162.75		2205.88
162.875		2205.88
163		2205.88
163.125		2205.88
163.25		2205.88
163.375		2205.88
163.5		2205.88
163.625		2205.88
163.75		2205.88
163.875		2205.88
164		2205.88
164.125		2205.88
164.25		2205.88
164.375		2205.88
164.5		2205.88
164.625		2205.88
164.75		2205.88
164.875		2205.88
165		2205.88
165.125		2205.88
165.25		2205.88
165.375		2205.88
165.5		2205.88
165.625		2205.88
165.75		2205.88
165.875		2205.88
166		2205.88
166.125		2205.88
166.25		2205.88
166.375		2205.88
166.5		2205.88
166.625		2205.88
166.75		2205.88
166.875		2205.88
167		2205.88
167.125		2205.88
167.25		2205.88
167.375		2205.88
167.5		2205.88
167.625		2205.88
167.75		2205.88
167.875		2205.88
168		2205.88
168.125		2205.88
168.25		2205.88
168.375		2205.88
168.5		2205.88
168.625		2205.88
168.75		2205.88
168.875		2205.88
169		2205.88
169.125		2205.88
169.25		2205.88
169.375		2205.88
169.5		2205.88
169.625		2205.88
169.75		2205.88
169.875		2205.88
170		2205.88
170.125		2205.88
170.25		2205.88
170.375		2205.88
170.5		2205.88
170.625		2205.88
170.75		2205.88
170.875		2205.88
171		2205.88
171.125		2205.88
171.25		2205.88
171.375		2205.88
171.5		2205.88
171.625		2205.88
171.75		2205.88
171.875		2205.88
172		2205.88
172.125		2205.88
172.25		2205.88
172.375		2205.88
172.5		2205.88
172.625		2205.88
172.75		2205.88
172.875		2205.88
173		2205.88
173.125		2205.88
173.25		2205.88
173.375		2205.88
173.5		2205.88
173.625		2205.88
173.75		2205.88
173.875		2205.88
174		2205.88
174.125		2352.94
174.25		2352.94
174.375		2352.94
174.5		2352.94
174.625		2352.94
174.75		2352.94
174.875		2352.94
175		2352.94
175.125		2352.94
175.25		2352.94
175.375		2352.94
175.5		2352.94
175.625		2352.94
175.75		2352.94
175.875		2352.94
176		2352.94
176.125		2352.94
176.25		2352.94
176.375		2352.94
176.5		2352.94
176.625		2352.94
176.75		2352.94
176.875		2352.94
177		2352.94
177.125		2352.94
177.25		2352.94
177.375		2352.94
177.5		2352.94
177.625		2352.94
177.75		2352.94
177.875		2352.94
178		2352.94
178.125		2352.94
178.25		2352.94
178.375		2352.94
178.5		2352.94
178.625		2352.94
178.75		2352.94
178.875		2352.94
179		2352.94
179.125		2352.94
179.25		2352.94
179.375		2352.94
179.5		2352.94
179.625		2352.94
179.75		2352.94
179.875		2352.94
180		2352.94
180.125		2352.94
180.25		2352.94
180.375		2352.94
180.5		2352.94
180.625		2352.94
180.75		2352.94
180.875		2352.94
181		2352.94
181.125		2352.94
181.25		2352.94
181.375		2352.94
181.5		2352.94
181.625		2352.94
181.75		2352.94
181.875		2352.94
182		2352.94
182.125		2352.94
182.25		2352.94
182.375		2352.94
182.5		2352.94
182.625		2352.94
182.75		2352.94
182.875		2352.94
183		2352.94
183.125		2352.94
183.25		2352.94
183.375		2352.94
183.5		2352.94
183.625		2352.94
183.75		2352.94
183.875		2352.94
184		2352.94
184.125		2352.94
184.25		2352.94
184.375		2352.94
184.5		2352.94
184.625		2352.94
184.75		2352.94
184.875		2352.94
185		2352.94
185.125		2352.94
185.25		2352.94
185.375		2352.94
185.5		2352.94
185.625		2352.94
185.75		2352.94
185.875		2352.94
186		2352.94
186.125		2352.94
186.25		2352.94
186.375		2352.94
186.5		2352.94
186.625		2352.94
186.75		2352.94
186.875		2352.94
187		2352.94
187.125		2352.94
187.25		2352.94
187.375		2352.94
187.5		2352.94
187.625		2352.94
187.75		2352.94
187.875		2352.94
188		2352.94
188.125		2352.94
188.25		2352.94
188.375		2352.94
188.5		2352.94
188.625		2352.94
188.75		2352.94
188.875		2352.94
189		2352.94
189.125		2352.94
189.25		2352.94
189.375		2352.94
189.5		2352.94
189.625		2352.94
189.75		2352.94
189.875		2352.94
190		2352.94
190.125		2352.94
190.25		2352.94
190.375		2352.94
190.5		2352.94
190.625		2352.94
190.75		2352.94
190.875		2352.94
191		2352.94
191.125		2352.94
191.25		2352.94
191.375		2352.94
191.5		2352.94
191.625		2352.94
191.75		2352.94
191.875		2352.94
192		2352.94
192.125		2500
192.25		2500
192.375		2500
192.5		2500
192.625		2500
192.75		2500
192.875		2500
193		2500
193.125		2500
193.25		2500
193.375		2500
193.5		2500
193.625		2500
193.75		2500
193.875		2500
194		2500
194.125		2500
194.25		2500
194.375		2500
194.5		2500
194.625		2500
194.75		2500
194.875		2500
195		2500
195.125		2500
195.25		2500
195.375		2500
195.5		2500
195.625		2500
195.75		2500
195.875		2500
196		2500
196.125		2500
196.25		2500
196.375		2500
196.5		2500
196.625		2500
196.75		2500
196.875		2500
197		2500
197.125		2500
197.25		2500
197.375		2500
197.5		2500
197.625		2500
197.75		2500
197.875		2500
198		2500
198.125		2500
198.25		2500
198.375		2500
198.5		2500
198.625		2500
198.75		2500
198.875		2500
199		2500
199.125		2500
199.25		2500
199.375		2500
199.5		2500
199.625		2500
199.75		2500
199.875		2500
200		2500
200.125		2500
200.25		2500
200.375		2500
200.5		2500
200.625		2500
200.75		2500
200.875		2500
201		2500
201.125		2500
201.25		2500
201.375		2500
201.5		2500
201.625		2500
201.75		2500
201.875		2500
202		2500
202.125		2500
202.25		2500
202.375		2500
202.5		2500
202.625		2500
202.75		2500
202.875		2500
203		2500
203.125		2500
203.25		2500
203.375		2500
203.5		2500
203.625		2500
203.75		2500
203.875		2500
204		2500
204.125		2500
204.25		2500
204.375		2500
204.5		2500
204.625		2500
204.75		2500
204.875		2500
205		2500
205.125		2500
205.25		2500
205.375		2500
205.5		2500
205.625		2500
205.75		2500
205.875		2500
206		2500
206.125		2500
206.25		2500
206.375		2500
206.5		2500
206.625		2500
206.75		2500
206.875		2500
207		2500
207.125		2500
207.25		2500
207.375		2500
207.5		2500
207.625		2500
207.75		2500
207.875		2500
208		2500
208.125		2500
208.25		2500
208.375		2500
208.5		2500
208.625		2500
208.75		2500
208.875		2500
209		2500
209.125		2500
209.25		2500
209.375		2500
209.5		2500
209.625		2500
209.75		2500
209.875		2500
210		2500
210.125		2500
210.25		2500
210.375		2500
210.5		2500
210.625		2500
210.75		2500
210.875		2500
211		2500
211.125		2500
211.25		2500
211.375		2500
211.5		2500
211.625		2500
211.75		2500
211.875		2500
212		2500
212.125		2500
212.25		2500
212.375		2500
212.5		2500
212.625		2500
212.75		2500
212.875		2500
213		2500
213.125		2500
213.25		2500
213.375		2500
213.5		2500
213.625		2500
213.75		2500
213.875		2500
214		2500
214.125		2500
214.25		2500
214.375		2500
214.5		2500
214.625		2500
214.75		2500
214.875		2500
215		2500
215.125		2500
215.25		2500
215.375		2500
215.5		2500
215.625		2500
215.75		2500
215.875		2500
216		2500
216.125		2500
216.25		2500
216.375		2500
216.5		2500
216.625		2500
216.75		2500
216.875		2500
217		2500
217.125		2500
217.25		2500
217.375		2500
217.5		2500
217.625		2500
217.75		2500
217.875		2500
218		2500
218.125		2500
218.25		2500
218.375		2500
218.5		2500
218.625		2500
218.75		2500
218.875		2500
219		2500
219.125		2500
219.25		2500
219.375		2500
219.5		2500
219.625		2500
219.75		2500
219.875		2500
220		2500
220.125		2500
220.25		2500
220.375		2500
220.5		2500
220.625		2500
220.75		2500
220.875		2500
221		2500
221.125		2500
221.25		2500
221.375		2500
221.5		2500
221.625		2500
221.75		2500
221.875		2500
222		2500
222.125		2500
222.25		2500
222.375		2500
222.5		2500
222.625		2500
222.75		2500
222.875		2500
223		2500
223.125		2500
223.25		2500
223.375		2500
223.5		2500
223.625		2500
223.75		2500
223.875		2500
224		2500
224.125		2500
224.25		2500
224.375		2500
224.5		2500
224.625		2500
224.75		2500
224.875		2500
225		2500
225.125		2647.06
225.25		2647.06
225.375		2647.06
225.5		2647.06
225.625		2647.06
225.75		2647.06
225.875		2647.06
226		2647.06
226.125		2647.06
226.25		2647.06
226.375		2647.06
226.5		2647.06
226.625		2647.06
226.75		2647.06
226.875		2647.06
227		2647.06
227.125		2647.06
227.25		2647.06
227.375		2647.06
227.5		2647.06
227.625		2647.06
227.75		2647.06
227.875		2647.06
228		2647.06
228.125		2647.06
228.25		2647.06
228.375		2647.06
228.5		2647.06
228.625		2647.06
228.75		2647.06
228.875		2647.06
229		2647.06
229.125		2647.06
229.25		2647.06
229.375		2647.06
229.5		2647.06
229.625		2647.06
229.75		2647.06
229.875		2647.06
230		2647.06
230.125		2647.06
230.25		2647.06
230.375		2647.06
230.5		2647.06
230.625		2647.06
230.75		2647.06
230.875		2647.06
231		2647.06
231.125		2647.06
231.25		2647.06
231.375		2647.06
231.5		2647.06
231.625		2647.06
231.75		2647.06
231.875		2647.06
232		2647.06
232.125		2647.06
232.25		2647.06
232.375		2647.06
232.5		2647.06
232.625		2647.06
232.75		2647.06
232.875		2647.06
233		2647.06
233.125		2647.06
233.25		2647.06
233.375		2647.06
233.5		2647.06
233.625		2647.06
233.75		2647.06
233.875		2647.06
234		2647.06
234.125		2647.06
234.25		2647.06
234.375		2647.06
234.5		2647.06
234.625		2647.06
234.75		2647.06
234.875		2647.06
235		2647.06
235.125		2647.06
235.25		2647.06
235.375		2647.06
235.5		2647.06
235.625		2647.06
235.75		2647.06
235.875		2647.06
236		2647.06
236.125		2647.06
236.25		2647.06
236.375		2647.06
236.5		2647.06
236.625		2647.06
236.75		2647.06
236.875		2647.06
237		2647.06
237.125		2647.06
237.25		2647.06
237.375		2647.06
237.5		2647.06
237.625		2647.06
237.75		2647.06
237.875		2647.06
238		2647.06
238.125		2647.06
238.25		2647.06
238.375		2647.06
238.5		2647.06
238.625		2647.06
238.75		2647.06
238.875		2647.06
239		2647.06
239.125		2647.06
239.25		2647.06
239.375		2647.06
239.5		2647.06
239.625		2647.06
239.75		2647.06
239.875		2647.06
240		2647.06
240.125		2647.06
240.25		2647.06
240.375		2647.06
240.5		2647.06
240.625		2647.06
240.75		2647.06
240.875		2647.06
241		2647.06
241.125		2647.06
241.25		2647.06
241.375		2647.06
241.5		2647.06
241.625		2647.06
241.75		2647.06
241.875		2647.06
242		2647.06
242.125		2647.06
242.25		2647.06
242.375		2647.06
242.5		2647.06
242.625		2647.06
242.75		2647.06
242.875		2647.06
243		2647.06
243.125		2647.06
243.25		2647.06
243.375		2647.06
243.5		2647.06
243.625		2647.06
243.75		2647.06
243.875		2647.06
244		2647.06
244.125		2647.06
244.25		2647.06
244.375		2647.06
244.5		2647.06
244.625		2647.06
244.75		2647.06
244.875		2647.06
245		2647.06
245.125		2647.06
245.25		2647.06
245.375		2647.06
245.5		2647.06
245.625		2647.06
245.75		2647.06
245.875		2647.06
246		2647.06
246.125		2647.06
246.25		2647.06
246.375		2647.06
246.5		2647.06
246.625		2647.06
246.75		2647.06
246.875		2647.06
247		2647.06
247.125		2647.06
247.25		2647.06
247.375		2647.06
247.5		2647.06
247.625		2647.06
247.75		2647.06
247.875		2647.06
248		2647.06
248.125		2647.06
248.25		2647.06
248.375		2647.06
248.5		2647.06
248.625		2647.06
248.75		2647.06
248.875		2647.06
249		2647.06
249.125		2647.06
249.25		2647.06
249.375		2647.06
249.5		2647.06
249.625		2647.06
249.75		2647.06
249.875		2647.06
250		2647.06
250.125		2647.06
250.25		2647.06
250.375		2647.06
250.5		2647.06
250.625		2647.06
250.75		2647.06
250.875		2647.06
251		2647.06
251.125		2647.06
251.25		2647.06
251.375		2647.06
251.5		2647.06
251.625		2647.06
251.75		2647.06
251.875		2647.06
252		2647.06
252.125		2647.06
252.25		2647.06
252.375		2647.06
252.5		2647.06
252.625		2647.06
252.75		2647.06
252.875		2647.06
253		2647.06
253.125		2647.06
253.25		2647.06
253.375		2647.06
253.5		2647.06
253.625		2647.06
253.75		2647.06
253.875		2647.06
254		2647.06
254.125		2647.06
254.25		2647.06
254.375		2647.06
254.5		2647.06
254.625		2647.06
254.75		2647.06
254.875		2647.06
255		2647.06
255.125		2647.06
255.25		2647.06
255.375		2647.06
255.5		2647.06
255.625		2647.06
255.75		2647.06
255.875		2647.06
256		2647.06
256.125		2647.06
256.25		2647.06
256.375		2647.06
256.5		2647.06
256.625		2647.06
256.75		2647.06
256.875		2647.06
257		2647.06
257.125		2647.06
257.25		2647.06
257.375		2647.06
257.5		2647.06
257.625		2647.06
257.75		2647.06
257.875		2647.06
258		2647.06
258.125		2647.06
258.25		2647.06
258.375		2647.06
258.5		2647.06
258.625		2647.06
258.75		2647.06
258.875		2647.06
259		2647.06
259.125		2647.06
259.25		2647.06
259.375		2647.06
259.5		2647.06
259.625		2647.06
259.75		2647.06
259.875		2647.06
260		2647.06
260.125		2647.06
260.25		2647.06
260.375		2647.06
260.5		2647.06
260.625		2647.06
260.75		2647.06
260.875		2647.06
261		2647.06
261.125		2647.06
261.25		2647.06
261.375		2647.06
261.5		2647.06
261.625		2647.06
261.75		2647.06
261.875		2647.06
262		2647.06
262.125		2647.06
262.25		2647.06
262.375		2647.06
262.5		2647.06
262.625		2647.06
262.75		2647.06
262.875		2647.06
263		2647.06
263.125		2647.06
263.25		2647.06
263.375		2647.06
263.5		2647.06
263.625		2647.06
263.75		2647.06
263.875		2647.06
264		2647.06
264.125		2647.06
264.25		2647.06
264.375		2647.06
264.5		2647.06
264.625		2647.06
264.75		2647.06
264.875		2647.06
265		2647.06
265.125		2647.06
265.25		2647.06
265.375		2647.06
265.5		2647.06
265.625		2647.06
265.75		2647.06
265.875		2647.06
266		2647.06
266.125		2647.06
266.25		2647.06
266.375		2647.06
266.5		2647.06
266.625		2647.06
266.75		2647.06
266.875		2647.06
267		2647.06
267.125		2647.06
267.25		2647.06
267.375		2647.06
267.5		2647.06
267.625		2647.06
267.75		2647.06
267.875		2647.06
268		2647.06
268.125		2647.06
268.25		2647.06
268.375		2647.06
268.5		2647.06
268.625		2647.06
268.75		2647.06
268.875		2647.06
269		2647.06
269.125		2647.06
269.25		2647.06
269.375		2647.06
269.5		2647.06
269.625		2647.06
269.75		2647.06
269.875		2647.06
270		2647.06
270.125		2647.06
270.25		2647.06
270.375		2647.06
270.5		2647.06
270.625		2647.06
270.75		2647.06
270.875		2647.06
271		2647.06
271.125		2647.06
271.25		2647.06
271.375		2647.06
271.5		2647.06
271.625		2647.06
271.75		2647.06
271.875		2647.06
272		2647.06
272.125		2647.06
272.25		2647.06
272.375		2647.06
272.5		2647.06
272.625		2647.06
272.75		2647.06
272.875		2647.06
273		2647.06
273.125		2647.06
273.25		2647.06
273.375		2647.06
273.5		2647.06
273.625		2647.06
273.75		2647.06
273.875		2647.06
274		2647.06
274.125		2647.06
274.25		2647.06
274.375		2647.06
274.5		2647.06
274.625		2647.06
274.75		2647.06
274.875		2647.06
275		2647.06
275.125		2647.06
275.25		2647.06
275.375		2647.06
275.5		2647.06
275.625		2647.06
275.75		2647.06
275.875		2647.06
276		2647.06
276.125		2647.06
276.25		2647.06
276.375		2647.06
276.5		2647.06
276.625		2647.06
276.75		2647.06
276.875		2647.06
277		2647.06
277.125		2647.06
277.25		2647.06
277.375		2647.06
277.5		2647.06
277.625		2647.06
277.75		2647.06
277.875		2647.06
278		2647.06
278.125		2647.06
278.25		2647.06
278.375		2647.06
278.5		2647.06
278.625		2647.06
278.75		2647.06
278.875		2647.06
279		2647.06
279.125		2794.12
279.25		2794.12
279.375		2794.12
279.5		2794.12
279.625		2794.12
279.75		2794.12
279.875		2794.12
280		2794.12
280.125		2794.12
280.25		2794.12
280.375		2794.12
280.5		2794.12
280.625		2794.12
280.75		2794.12
280.875		2794.12
281		2794.12
281.125		2794.12
281.25		2794.12
281.375		2794.12
281.5		2794.12
281.625		2794.12
281.75		2794.12
281.875		2794.12
282		2794.12
282.125		2794.12
282.25		2794.12
282.375		2794.12
282.5		2794.12
282.625		2794.12
282.75		2794.12
282.875		2794.12
283		2794.12
283.125		2794.12
283.25		2794.12
283.375		2794.12
283.5		2794.12
283.625		2794.12
283.75		2794.12
283.875		2794.12
284		2794.12
284.125		2794.12
284.25		2794.12
284.375		2794.12
284.5		2794.12
284.625		2794.12
284.75		2794.12
284.875		2794.12
285		2794.12
285.125		2794.12
285.25		2794.12
285.375		2794.12
285.5		2794.12
285.625		2794.12
285.75		2794.12
285.875		2794.12
286		2794.12
286.125		2794.12
286.25		2794.12
286.375		2794.12
286.5		2794.12
286.625		2794.12
286.75		2794.12
286.875		2794.12
287		2794.12
287.125		2794.12
287.25		2794.12
287.375		2794.12
287.5		2794.12
287.625		2794.12
287.75		2794.12
287.875		2794.12
288		2794.12
288.125		2794.12
288.25		2794.12
288.375		2794.12
288.5		2794.12
288.625		2794.12
288.75		2794.12
288.875		2794.12
289		2794.12
289.125		2794.12
289.25		2794.12
289.375		2794.12
289.5		2794.12
289.625		2794.12
289.75		2794.12
289.875		2794.12
290		2794.12
290.125		2794.12
290.25		2794.12
290.375		2794.12
290.5		2794.12
290.625		2794.12
290.75		2794.12
290.875		2794.12
291		2794.12
291.125		2794.12
291.25		2794.12
291.375		2794.12
291.5		2794.12
291.625		2794.12
291.75		2794.12
291.875		2794.12
292		2794.12
292.125		2794.12
292.25		2794.12
292.375		2794.12
292.5		2794.12
292.625		2794.12
292.75		2794.12
292.875		2794.12
293		2794.12
293.125		2794.12
293.25		2794.12
293.375		2794.12
293.5		2794.12
293.625		2794.12
293.75		2794.12
293.875		2794.12
294		2794.12
294.125		2794.12
294.25		2794.12
294.375		2794.12
294.5		2794.12
294.625		2794.12
294.75		2794.12
294.875		2794.12
295		2794.12
295.125		2941.18
295.25		2941.18
295.375		2941.18
295.5		2941.18
295.625		2941.18
295.75		2941.18
295.875		2941.18
296		2941.18
296.125		2941.18
296.25		2941.18
296.375		2941.18
296.5		2941.18
296.625		2941.18
296.75		2941.18
296.875		2941.18
297		2941.18
297.125		3088.24
297.25		3088.24
297.375		3088.24
297.5		3088.24
297.625		3088.24
297.75		3088.24
297.875		3088.24
298		3088.24
298.125		3088.24
298.25		3088.24
298.375		3088.24
298.5		3088.24
298.625		3088.24
298.75		3088.24
298.875		3088.24
299		3088.24
299.125		3088.24
299.25		3088.24
299.375		3088.24
299.5		3088.24
299.625		3088.24
299.75		3088.24
299.875		3088.24
300		3088.24
300.125		3088.24
300.25		3088.24
300.375		3088.24
300.5		3088.24
300.625		3088.24
300.75		3088.24
300.875		3088.24
301		3088.24
301.125		3088.24
301.25		3088.24
301.375		3088.24
301.5		3088.24
301.625		3088.24
301.75		3088.24
301.875		3088.24
302		3088.24
302.125		3088.24
302.25		3088.24
302.375		3088.24
302.5		3088.24
302.625		3088.24
302.75		3088.24
302.875		3088.24
303		3088.24
303.125		3088.24
303.25		3088.24
303.375		3088.24
303.5		3088.24
303.625		3088.24
303.75		3088.24
303.875		3088.24
304		3088.24
304.125		3088.24
304.25		3088.24
304.375		3088.24
304.5		3088.24
304.625		3088.24
304.75		3088.24
304.875		3088.24
305		3088.24
305.125		3088.24
305.25		3088.24
305.375		3088.24
305.5		3088.24
305.625		3088.24
305.75		3088.24
305.875		3088.24
306		3088.24
306.125		3088.24
306.25		3088.24
306.375		3088.24
306.5		3088.24
306.625		3088.24
306.75		3088.24
306.875		3088.24
307		3088.24
307.125		3088.24
307.25		3088.24
307.375		3088.24
307.5		3088.24
307.625		3088.24
307.75		3088.24
307.875		3088.24
308		3088.24
308.125		3088.24
308.25		3088.24
308.375		3088.24
308.5		3088.24
308.625		3088.24
308.75		3088.24
308.875		3088.24
309		3088.24
309.125		3088.24
309.25		3088.24
309.375		3088.24
309.5		3088.24
309.625		3088.24
309.75		3088.24
309.875		3088.24
310		3088.24
310.125		3088.24
310.25		3088.24
310.375		3088.24
310.5		3088.24
310.625		3088.24
310.75		3088.24
310.875		3088.24
311		3088.24
311.125		3088.24
311.25		3088.24
311.375		3088.24
311.5		3088.24
311.625		3088.24
311.75		3088.24
311.875		3088.24
312		3088.24
312.125		3088.24
312.25		3088.24
312.375		3088.24
312.5		3088.24
312.625		3088.24
312.75		3088.24
312.875		3088.24
313		3088.24
313.125		3088.24
313.25		3088.24
313.375		3088.24
313.5		3088.24
313.625		3088.24
313.75		3088.24
313.875		3088.24
314		3088.24
314.125		3088.24
314.25		3088.24
314.375		3088.24
314.5		3088.24
314.625		3088.24
314.75		3088.24
314.875		3088.24
315		3088.24
315.125		3088.24
315.25		3088.24
315.375		3088.24
315.5		3088.24
315.625		3088.24
315.75		3088.24
315.875		3088.24
316		3088.24
316.125		3235.29
316.25		3235.29
316.375		3235.29
316.5		3235.29
316.625		3235.29
316.75		3235.29
316.875		3235.29
317		3235.29
317.125		3235.29
317.25		3235.29
317.375		3235.29
317.5		3235.29
317.625		3235.29
317.75		3235.29
317.875		3235.29
318		3235.29
318.125		3235.29
318.25		3235.29
318.375		3235.29
318.5		3235.29
318.625		3235.29
318.75		3235.29
318.875		3235.29
319		3235.29
319.125		3235.29
319.25		3235.29
319.375		3235.29
319.5		3235.29
319.625		3235.29
319.75		3235.29
319.875		3235.29
320		3235.29
320.125		3382.35
320.25		3382.35
320.375		3382.35
320.5		3382.35
320.625		3382.35
320.75		3382.35
320.875		3382.35
321		3382.35
321.125		3382.35
321.25		3382.35
321.375		3382.35
321.5		3382.35
321.625		3382.35
321.75		3382.35
321.875		3382.35
322		3382.35
322.125		3382.35
322.25		3382.35
322.375		3382.35
322.5		3382.35
322.625		3382.35
322.75		3382.35
322.875		3382.35
323		3382.35
323.125		3382.35
323.25		3382.35
323.375		3382.35
323.5		3382.35
323.625		3382.35
323.75		3382.35
323.875		3382.35
324		3382.35
324.125		3529.41
324.25		3529.41
324.375		3529.41
324.5		3529.41
324.625		3529.41
324.75		3529.41
324.875		3529.41
325		3529.41
325.125		3529.41
325.25		3529.41
325.375		3529.41
325.5		3529.41
325.625		3529.41
325.75		3529.41
325.875		3529.41
326		3529.41
326.125		3529.41
326.25		3529.41
326.375		3529.41
326.5		3529.41
326.625		3529.41
326.75		3529.41
326.875		3529.41
327		3529.41
327.125		3529.41
327.25		3529.41
327.375		3529.41
327.5		3529.41
327.625		3529.41
327.75		3529.41
327.875		3529.41
328		3529.41
328.125		3529.41
328.25		3529.41
328.375		3529.41
328.5		3529.41
328.625		3529.41
328.75		3529.41
328.875		3529.41
329		3529.41
329.125		3529.41
329.25		3529.41
329.375		3529.41
329.5		3529.41
329.625		3529.41
329.75		3529.41
329.875		3529.41
330		3529.41
330.125		3529.41
330.25		3529.41
330.375		3529.41
330.5		3529.41
330.625		3529.41
330.75		3529.41
330.875		3529.41
331		3529.41
331.125		3529.41
331.25		3529.41
331.375		3529.41
331.5		3529.41
331.625		3529.41
331.75		3529.41
331.875		3529.41
332		3529.41
332.125		3529.41
332.25		3529.41
332.375		3529.41
332.5		3529.41
332.625		3529.41
332.75		3529.41
332.875		3529.41
333		3529.41
333.125		3529.41
333.25		3529.41
333.375		3529.41
333.5		3529.41
333.625		3529.41
333.75		3529.41
333.875		3529.41
334		3529.41
334.125		3529.41
334.25		3529.41
334.375		3529.41
334.5		3529.41
334.625		3529.41
334.75		3529.41
334.875		3529.41
335		3529.41
335.125		3529.41
335.25		3529.41
335.375		3529.41
335.5		3529.41
335.625		3529.41
335.75		3529.41
335.875		3529.41
336		3529.41
336.125		3529.41
336.25		3529.41
336.375		3529.41
336.5		3529.41
336.625		3529.41
336.75		3529.41
336.875		3529.41
337		3529.41
337.125		3529.41
337.25		3529.41
337.375		3529.41
337.5		3529.41
337.625		3529.41
337.75		3529.41
337.875		3529.41
338		3529.41
338.125		3529.41
338.25		3529.41
338.375		3529.41
338.5		3529.41
338.625		3529.41
338.75		3529.41
338.875		3529.41
339		3529.41
339.125		3529.41
339.25		3529.41
339.375		3529.41
339.5		3529.41
339.625		3529.41
339.75		3529.41
339.875		3529.41
340		3529.41
340.125		3529.41
340.25		3529.41
340.375		3529.41
340.5		3529.41
340.625		3529.41
340.75		3529.41
340.875		3529.41
341		3529.41
341.125		3529.41
341.25		3529.41
341.375		3529.41
341.5		3529.41
341.625		3529.41
341.75		3529.41
341.875		3529.41
342		3529.41
342.125		3529.41
342.25		3529.41
342.375		3529.41
342.5		3529.41
342.625		3529.41
342.75		3529.41
342.875		3529.41
343		3529.41
343.125		3529.41
343.25		3529.41
343.375		3529.41
343.5		3529.41
343.625		3529.41
343.75		3529.41
343.875		3529.41
344		3529.41
344.125		3529.41
344.25		3529.41
344.375		3529.41
344.5		3529.41
344.625		3529.41
344.75		3529.41
344.875		3529.41
345		3529.41
345.125		3529.41
345.25		3529.41
345.375		3529.41
345.5		3529.41
345.625		3529.41
345.75		3529.41
345.875		3529.41
346		3529.41
346.125		3529.41
346.25		3529.41
346.375		3529.41
346.5		3529.41
346.625		3529.41
346.75		3529.41
346.875		3529.41
347		3529.41
347.125		3529.41
347.25		3529.41
347.375		3529.41
347.5		3529.41
347.625		3529.41
347.75		3529.41
347.875		3529.41
348		3529.41
348.125		3529.41
348.25		3529.41
348.375		3529.41
348.5		3529.41
348.625		3529.41
348.75		3529.41
348.875		3529.41
349		3529.41
349.125		3529.41
349.25		3529.41
349.375		3529.41
349.5		3529.41
349.625		3529.41
349.75		3529.41
349.875		3529.41
350		3529.41
350.125		3529.41
350.25		3529.41
350.375		3529.41
350.5		3529.41
350.625		3529.41
350.75		3529.41
350.875		3529.41
351		3529.41
351.125		3529.41
351.25		3529.41
351.375		3529.41
351.5		3529.41
351.625		3529.41
351.75		3529.41
351.875		3529.41
352		3529.41
352.125		3529.41
352.25		3529.41
352.375		3529.41
352.5		3529.41
352.625		3529.41
352.75		3529.41
352.875		3529.41
353		3529.41
353.125		3529.41
353.25		3529.41
353.375		3529.41
353.5		3529.41
353.625		3529.41
353.75		3529.41
353.875		3529.41
354		3529.41
354.125		3529.41
354.25		3529.41
354.375		3529.41
354.5		3529.41
354.625		3529.41
354.75		3529.41
354.875		3529.41
355		3529.41
355.125		3529.41
355.25		3529.41
355.375		3529.41
355.5		3529.41
355.625		3529.41
355.75		3529.41
355.875		3529.41
356		3529.41
356.125		3529.41
356.25		3529.41
356.375		3529.41
356.5		3529.41
356.625		3529.41
356.75		3529.41
356.875		3529.41
357		3529.41
357.125		3529.41
357.25		3529.41
357.375		3529.41
357.5		3529.41
357.625		3529.41
357.75		3529.41
357.875		3529.41
358		3529.41
358.125		3529.41
358.25		3529.41
358.375		3529.41
358.5		3529.41
358.625		3529.41
358.75		3529.41
358.875		3529.41
359		3529.41
359.125		3529.41
359.25		3529.41
359.375		3529.41
359.5		3529.41
359.625		3529.41
359.75		3529.41
359.875		3529.41
360		3529.41
360.125		3676.47
360.25		3676.47
360.375		3676.47
360.5		3676.47
360.625		3676.47
360.75		3676.47
360.875		3676.47
361		3676.47
361.125		3676.47
361.25		3676.47
361.375		3676.47
361.5		3676.47
361.625		3676.47
361.75		3676.47
361.875		3676.47
362		3676.47
362.125		3676.47
362.25		3676.47
362.375		3676.47
362.5		3676.47
362.625		3676.47
362.75		3676.47
362.875		3676.47
363		3676.47
363.125		3676.47
363.25		3676.47
363.375		3676.47
363.5		3676.47
363.625		3676.47
363.75		3676.47
363.875		3676.47
364		3676.47
364.125		3676.47
364.25		3676.47
364.375		3676.47
364.5		3676.47
364.625		3676.47
364.75		3676.47
364.875		3676.47
365		3676.47
365.125		3676.47
365.25		3676.47
365.375		3676.47
365.5		3676.47
365.625		3676.47
365.75		3676.47
365.875		3676.47
366		3676.47
366.125		3676.47
366.25		3676.47
366.375		3676.47
366.5		3676.47
366.625		3676.47
366.75		3676.47
366.875		3676.47
367		3676.47
367.125		3676.47
367.25		3676.47
367.375		3676.47
367.5		3676.47
367.625		3676.47
367.75		3676.47
367.875		3676.47
368		3676.47
368.125		3676.47
368.25		3676.47
368.375		3676.47
368.5		3676.47
368.625		3676.47
368.75		3676.47
368.875		3676.47
369		3676.47
369.125		3676.47
369.25		3676.47
369.375		3676.47
369.5		3676.47
369.625		3676.47
369.75		3676.47
369.875		3676.47
370		3676.47
370.125		3676.47
370.25		3676.47
370.375		3676.47
370.5		3676.47
370.625		3676.47
370.75		3676.47
370.875		3676.47
371		3676.47
371.125		3676.47
371.25		3676.47
371.375		3676.47
371.5		3676.47
371.625		3676.47
371.75		3676.47
371.875		3676.47
372		3676.47
372.125		3676.47
372.25		3676.47
372.375		3676.47
372.5		3676.47
372.625		3676.47
372.75		3676.47
372.875		3676.47
373		3676.47
373.125		3676.47
373.25		3676.47
373.375		3676.47
373.5		3676.47
373.625		3676.47
373.75		3676.47
373.875		3676.47
374		3676.47
374.125		3676.47
374.25		3676.47
374.375		3676.47
374.5		3676.47
374.625		3676.47
374.75		3676.47
374.875		3676.47
375		3676.47
375.125		3676.47
375.25		3676.47
375.375		3676.47
375.5		3676.47
375.625		3676.47
375.75		3676.47
375.875		3676.47
376		3676.47
376.125		3676.47
376.25		3676.47
376.375		3676.47
376.5		3676.47
376.625		3676.47
376.75		3676.47
376.875		3676.47
377		3676.47
377.125		3676.47
377.25		3676.47
377.375		3676.47
377.5		3676.47
377.625		3676.47
377.75		3676.47
377.875		3676.47
378		3676.47
378.125		3676.47
378.25		3676.47
378.375		3676.47
378.5		3676.47
378.625		3676.47
378.75		3676.47
378.875		3676.47
379		3676.47
379.125		3676.47
379.25		3676.47
379.375		3676.47
379.5		3676.47
379.625		3676.47
379.75		3676.47
379.875		3676.47
380		3676.47
380.125		3676.47
380.25		3676.47
380.375		3676.47
380.5		3676.47
380.625		3676.47
380.75		3676.47
380.875		3676.47
381		3676.47
381.125		3823.53
381.25		3823.53
381.375		3823.53
381.5		3823.53
381.625		3823.53
381.75		3823.53
381.875		3823.53
382		3823.53
382.125		3823.53
382.25		3823.53
382.375		3823.53
382.5		3823.53
382.625		3823.53
382.75		3823.53
382.875		3823.53
383		3823.53
383.125		3823.53
383.25		3823.53
383.375		3823.53
383.5		3823.53
383.625		3823.53
383.75		3823.53
383.875		3823.53
384		3823.53
384.125		3823.53
384.25		3823.53
384.375		3823.53
384.5		3823.53
384.625		3823.53
384.75		3823.53
384.875		3823.53
385		3823.53
385.125		3823.53
385.25		3823.53
385.375		3823.53
385.5		3823.53
385.625		3823.53
385.75		3823.53
385.875		3823.53
386		3823.53
386.125		3970.59
386.25		3970.59
386.375		3970.59
386.5		3970.59
386.625		3970.59
386.75		3970.59
386.875		3970.59
387		3970.59
387.125		3970.59
387.25		3970.59
387.375		3970.59
387.5		3970.59
387.625		3970.59
387.75		3970.59
387.875		3970.59
388		3970.59
388.125		4117.65
388.25		4117.65
388.375		4117.65
388.5		4117.65
388.625		4117.65
388.75		4117.65
388.875		4117.65
389		4117.65
389.125		4264.71
389.25		4264.71
389.375		4264.71
389.5		4264.71
389.625		4264.71
389.75		4264.71
389.875		4264.71
390		4264.71
390.125		4264.71
390.25		4264.71
390.375		4264.71
390.5		4264.71
390.625		4264.71
390.75		4264.71
390.875		4264.71
391		4264.71
391.125		4264.71
391.25		4264.71
391.375		4264.71
391.5		4264.71
391.625		4264.71
391.75		4264.71
391.875		4264.71
392		4264.71
392.125		4264.71
392.25		4264.71
392.375		4264.71
392.5		4264.71
392.625		4264.71
392.75		4264.71
392.875		4264.71
393		4264.71
393.125		4264.71
393.25		4264.71
393.375		4264.71
393.5		4264.71
393.625		4264.71
393.75		4264.71
393.875		4264.71
394		4264.71
394.125		4264.71
394.25		4264.71
394.375		4264.71
394.5		4264.71
394.625		4264.71
394.75		4264.71
394.875		4264.71
395		4264.71
395.125		4264.71
395.25		4264.71
395.375		4264.71
395.5		4264.71
395.625		4264.71
395.75		4264.71
395.875		4264.71
396		4264.71
396.125		4264.71
396.25		4264.71
396.375		4264.71
396.5		4264.71
396.625		4264.71
396.75		4264.71
396.875		4264.71
397		4264.71
397.125		4264.71
397.25		4264.71
397.375		4264.71
397.5		4264.71
397.625		4264.71
397.75		4264.71
397.875		4264.71
398		4264.71
398.125		4264.71
398.25		4264.71
398.375		4264.71
398.5		4264.71
398.625		4264.71
398.75		4264.71
398.875		4264.71
399		4264.71
399.125		4264.71
399.25		4264.71
399.375		4264.71
399.5		4264.71
399.625		4264.71
399.75		4264.71
399.875		4264.71
400		4264.71
400.125		4264.71
400.25		4264.71
400.375		4264.71
400.5		4264.71
400.625		4264.71
400.75		4264.71
400.875		4264.71
401		4264.71
401.125		4411.76
401.25		4411.76
401.375		4411.76
401.5		4411.76
401.625		4411.76
401.75		4411.76
401.875		4411.76
402		4411.76
402.125		4558.82
402.25		4558.82
402.375		4558.82
402.5		4558.82
402.625		4558.82
402.75		4558.82
402.875		4558.82
403		4558.82
403.125		4558.82
403.25		4558.82
403.375		4558.82
403.5		4558.82
403.625		4558.82
403.75		4558.82
403.875		4558.82
404		4558.82
404.125		4558.82
404.25		4558.82
404.375		4558.82
404.5		4558.82
404.625		4558.82
404.75		4558.82
404.875		4558.82
405		4558.82
405.125		4558.82
405.25		4558.82
405.375		4558.82
405.5		4558.82
405.625		4558.82
405.75		4558.82
405.875		4558.82
406		4558.82
406.125		4558.82
406.25		4558.82
406.375		4558.82
406.5		4558.82
406.625		4558.82
406.75		4558.82
406.875		4558.82
407		4558.82
407.125		4558.82
407.25		4558.82
407.375		4558.82
407.5		4558.82
407.625		4558.82
407.75		4558.82
407.875		4558.82
408		4558.82
408.125		4558.82
408.25		4558.82
408.375		4558.82
408.5		4558.82
408.625		4558.82
408.75		4558.82
408.875		4558.82
409		4558.82
409.125		4558.82
409.25		4558.82
409.375		4558.82
409.5		4558.82
409.625		4558.82
409.75		4558.82
409.875		4558.82
410		4558.82
410.125		4558.82
410.25		4558.82
410.375		4558.82
410.5		4558.82
410.625		4558.82
410.75		4558.82
410.875		4558.82
411		4558.82
411.125		4558.82
411.25		4558.82
411.375		4558.82
411.5		4558.82
411.625		4558.82
411.75		4558.82
411.875		4558.82
412		4558.82
412.125		4558.82
412.25		4558.82
412.375		4558.82
412.5		4558.82
412.625		4558.82
412.75		4558.82
412.875		4558.82
413		4558.82
413.125		4558.82
413.25		4558.82
413.375		4558.82
413.5		4558.82
413.625		4558.82
413.75		4558.82
413.875		4558.82
414		4558.82
414.125		4558.82
414.25		4558.82
414.375		4558.82
414.5		4558.82
414.625		4558.82
414.75		4558.82
414.875		4558.82
415		4558.82
415.125		4705.88
415.25		4705.88
415.375		4705.88
415.5		4705.88
415.625		4705.88
415.75		4705.88
415.875		4705.88
416		4705.88
416.125		4705.88
416.25		4705.88
416.375		4705.88
416.5		4705.88
416.625		4705.88
416.75		4705.88
416.875		4705.88
417		4705.88
417.125		4705.88
417.25		4705.88
417.375		4705.88
417.5		4705.88
417.625		4705.88
417.75		4705.88
417.875		4705.88
418		4705.88
418.125		4705.88
418.25		4705.88
418.375		4705.88
418.5		4705.88
418.625		4705.88
418.75		4705.88
418.875		4705.88
419		4705.88
419.125		4705.88
419.25		4705.88
419.375		4705.88
419.5		4705.88
419.625		4705.88
419.75		4705.88
419.875		4705.88
420		4705.88
420.125		4705.88
420.25		4705.88
420.375		4705.88
420.5		4705.88
420.625		4705.88
420.75		4705.88
420.875		4705.88
421		4705.88
421.125		4705.88
421.25		4705.88
421.375		4705.88
421.5		4705.88
421.625		4705.88
421.75		4705.88
421.875		4705.88
422		4705.88
422.125		4705.88
422.25		4705.88
422.375		4705.88
422.5		4705.88
422.625		4705.88
422.75		4705.88
422.875		4705.88
423		4705.88
423.125		4705.88
423.25		4705.88
423.375		4705.88
423.5		4705.88
423.625		4705.88
423.75		4705.88
423.875		4705.88
424		4705.88
424.125		4705.88
424.25		4705.88
424.375		4705.88
424.5		4705.88
424.625		4705.88
424.75		4705.88
424.875		4705.88
425		4705.88
425.125		4705.88
425.25		4705.88
425.375		4705.88
425.5		4705.88
425.625		4705.88
425.75		4705.88
425.875		4705.88
426		4705.88
426.125		4705.88
426.25		4705.88
426.375		4705.88
426.5		4705.88
426.625		4705.88
426.75		4705.88
426.875		4705.88
427		4705.88
427.125		4705.88
427.25		4705.88
427.375		4705.88
427.5		4705.88
427.625		4705.88
427.75		4705.88
427.875		4705.88
428		4705.88
428.125		4705.88
428.25		4705.88
428.375		4705.88
428.5		4705.88
428.625		4705.88
428.75		4705.88
428.875		4705.88
429		4705.88
429.125		4705.88
429.25		4705.88
429.375		4705.88
429.5		4705.88
429.625		4705.88
429.75		4705.88
429.875		4705.88
430		4705.88
430.125		4705.88
430.25		4705.88
430.375		4705.88
430.5		4705.88
430.625		4705.88
430.75		4705.88
430.875		4705.88
431		4705.88
431.125		4705.88
431.25		4705.88
431.375		4705.88
431.5		4705.88
431.625		4705.88
431.75		4705.88
431.875		4705.88
432		4705.88
432.125		4705.88
432.25		4705.88
432.375		4705.88
432.5		4705.88
432.625		4705.88
432.75		4705.88
432.875		4705.88
433		4705.88
433.125		4705.88
433.25		4705.88
433.375		4705.88
433.5		4705.88
433.625		4705.88
433.75		4705.88
433.875		4705.88
434		4705.88
434.125		4705.88
434.25		4705.88
434.375		4705.88
434.5		4705.88
434.625		4705.88
434.75		4705.88
434.875		4705.88
435		4705.88
435.125		4705.88
435.25		4705.88
435.375		4705.88
435.5		4705.88
435.625		4705.88
435.75		4705.88
435.875		4705.88
436		4705.88
436.125		4705.88
436.25		4705.88
436.375		4705.88
436.5		4705.88
436.625		4705.88
436.75		4705.88
436.875		4705.88
437		4705.88
437.125		4705.88
437.25		4705.88
437.375		4705.88
437.5		4705.88
437.625		4705.88
437.75		4705.88
437.875		4705.88
438		4705.88
438.125		4705.88
438.25		4705.88
438.375		4705.88
438.5		4705.88
438.625		4705.88
438.75		4705.88
438.875		4705.88
439		4705.88
439.125		4705.88
439.25		4705.88
439.375		4705.88
439.5		4705.88
439.625		4705.88
439.75		4705.88
439.875		4705.88
440		4705.88
440.125		4705.88
440.25		4705.88
440.375		4705.88
440.5		4705.88
440.625		4705.88
440.75		4705.88
440.875		4705.88
441		4705.88
441.125		4852.94
441.25		4852.94
441.375		4852.94
441.5		4852.94
441.625		4852.94
441.75		4852.94
441.875		4852.94
442		4852.94
442.125		4852.94
442.25		4852.94
442.375		4852.94
442.5		4852.94
442.625		4852.94
442.75		4852.94
442.875		4852.94
443		4852.94
443.125		4852.94
443.25		4852.94
443.375		4852.94
443.5		4852.94
443.625		4852.94
443.75		4852.94
443.875		4852.94
444		4852.94
444.125		4852.94
444.25		4852.94
444.375		4852.94
444.5		4852.94
444.625		4852.94
444.75		4852.94
444.875		4852.94
445		4852.94
445.125		4852.94
445.25		4852.94
445.375		4852.94
445.5		4852.94
445.625		4852.94
445.75		4852.94
445.875		4852.94
446		4852.94
446.125		4852.94
446.25		4852.94
446.375		4852.94
446.5		4852.94
446.625		4852.94
446.75		4852.94
446.875		4852.94
447		4852.94
447.125		4852.94
447.25		4852.94
447.375		4852.94
447.5		4852.94
447.625		4852.94
447.75		4852.94
447.875		4852.94
448		4852.94
448.125		4852.94
448.25		4852.94
448.375		4852.94
448.5		4852.94
448.625		4852.94
448.75		4852.94
448.875		4852.94
449		4852.94
449.125		4852.94
449.25		4852.94
449.375		4852.94
449.5		4852.94
449.625		4852.94
449.75		4852.94
449.875		4852.94
450		4852.94
450.125		4852.94
450.25		4852.94
450.375		4852.94
450.5		4852.94
450.625		4852.94
450.75		4852.94
450.875		4852.94
451		4852.94
451.125		4852.94
451.25		4852.94
451.375		4852.94
451.5		4852.94
451.625		4852.94
451.75		4852.94
451.875		4852.94
452		4852.94
452.125		4852.94
452.25		4852.94
452.375		4852.94
452.5		4852.94
452.625		4852.94
452.75		4852.94
452.875		4852.94
453		4852.94
453.125		4852.94
453.25		4852.94
453.375		4852.94
453.5		4852.94
453.625		4852.94
453.75		4852.94
453.875		4852.94
454		4852.94
454.125		4852.94
454.25		4852.94
454.375		4852.94
454.5		4852.94
454.625		4852.94
454.75		4852.94
454.875		4852.94
455		4852.94
455.125		4852.94
455.25		4852.94
455.375		4852.94
455.5		4852.94
455.625		4852.94
455.75		4852.94
455.875		4852.94
456		4852.94
456.125		4852.94
456.25		4852.94
456.375		4852.94
456.5		4852.94
456.625		4852.94
456.75		4852.94
456.875		4852.94
457		4852.94
457.125		4852.94
457.25		4852.94
457.375		4852.94
457.5		4852.94
457.625		4852.94
457.75		4852.94
457.875		4852.94
458		4852.94
458.125		0
458.25		0
458.375		0
458.5		0
458.625		0
458.75		0
458.875		0
459		0
459.125		0
459.25		0
459.375		0
459.5		0
459.625		0
459.75		0
459.875		0
460		0
460.125		0
460.25		0
460.375		0
460.5		0
460.625		0
460.75		0
460.875		0
461		0
461.125		0
461.25		0
461.375		0
461.5		0
461.625		0
461.75		0
461.875		0
462		0
462.125		0
462.25		0
462.375		0
462.5		0
462.625		0
462.75		0
462.875		0
463		0
463.125		0
463.25		0
463.375		0
463.5		0
463.625		0
463.75		0
463.875		0
464		0
464.125		0
464.25		0
464.375		0
464.5		0
464.625		0
464.75		0
464.875		0
465		0
465.125		0
465.25		0
465.375		0
465.5		0
465.625		0
465.75		0
465.875		0
466		0
466.125		0
466.25		0
466.375		0
466.5		0
466.625		0
466.75		0
466.875		0
467		0
467.125		0
467.25		0
467.375		0
467.5		0
467.625		0
467.75		0
467.875		0
468		0
468.125		0
468.25		0
468.375		0
468.5		0
468.625		0
468.75		0
468.875		0
469		0
469.125		0
469.25		0
469.375		0
469.5		0
469.625		0
469.75		0
469.875		0
470		0
470.125		0
470.25		0
470.375		0
470.5		0
470.625		0
470.75		0
470.875		0
471		0
471.125		0
471.25		0
471.375		0
471.5		0
471.625		0
471.75		0
471.875		0
472		0
472.125		0
472.25		0
472.375		0
472.5		0
472.625		0
472.75		0
472.875		0
473		0
473.125		0
473.25		0
473.375		0
473.5		0
473.625		0
473.75		0
473.875		0
474		0
474.125		0
474.25		0
474.375		0
474.5		0
474.625		0
474.75		0
474.875		0
475		0
475.125		0
475.25		0
475.375		0
475.5		0
475.625		0
475.75		0
475.875		0
476		0
476.125		0
476.25		0
476.375		0
476.5		0
476.625		0
476.75		0
476.875		0
477		0
477.125		0
477.25		0
477.375		0
477.5		0
477.625		0
477.75		0
477.875		0
478		0
478.125		0
478.25		0
478.375		0
478.5		0
478.625		0
478.75		0
478.875		0
479		0
479.125		0
479.25		0
479.375		0
479.5		0
479.625		0
479.75		0
479.875		0
480		0
480.125		0
480.25		0
480.375		0
480.5		0
480.625		0
480.75		0
480.875		0
481		0
481.125		0
481.25		0
481.375		0
481.5		0
481.625		0
481.75		0
481.875		0
482		0
482.125		0
482.25		0
482.375		0
482.5		0
482.625		0
482.75		0
482.875		0
483		0
483.125		0
483.25		0
483.375		0
483.5		0
483.625		0
483.75		0
483.875		0
484		0
484.125		0
484.25		0
484.375		0
484.5		0
484.625		0
484.75		0
484.875		0
485		0
485.125		0
485.25		0
485.375		0
485.5		0
485.625		0
485.75		0
485.875		0
486		0
486.125		0
486.25		0
486.375		0
486.5		0
486.625		0
486.75		0
486.875		0
487		0
487.125		0
487.25		0
487.375		0
487.5		0
487.625		0
487.75		0
487.875		0
488		0
488.125		0
488.25		0
488.375		0
488.5		0
488.625		0
488.75		0
488.875		0
489		0
489.125		0
489.25		0
489.375		0
489.5		0
489.625		0
489.75		0
489.875		0
490		0
490.125		0
490.25		0
490.375		0
490.5		0
490.625		0
490.75		0
490.875		0
491		0
491.125		0
491.25		0
491.375		0
491.5		0
491.625		0
491.75		0
491.875		0
492		0
492.125		0
492.25		0
492.375		0
492.5		0
492.625		0
492.75		0
492.875		0
493		0
493.125		0
493.25		0
493.375		0
493.5		0
493.625		0
493.75		0
493.875		0
494		0
494.125		0
494.25		0
494.375		0
494.5		0
494.625		0
494.75		0
494.875		0
495		0
495.125		0
495.25		0
495.375		0
495.5		0
495.625		0
495.75		0
495.875		0
496		0
496.125		0
496.25		0
496.375		0
496.5		0
496.625		0
496.75		0
496.875		0
497		0
497.125		0
497.25		0
497.375		0
497.5		0
497.625		0
497.75		0
497.875		0
498		0
498.125		0
498.25		0
498.375		0
498.5		0
498.625		0
498.75		0
498.875		0
499		0
499.125		0
499.25		0
499.375		0
499.5		0
499.625		0
499.75		0
499.875		0
500		0
