# Calibration file of tamex_id 0 @ channel 3
# fine_T bin		 Calibration value
0.125		0
0.25		0
0.375		0
0.5		0
0.625		0
0.75		0
0.875		0
1		0
1.125		0
1.25		0
1.375		0
1.5		0
1.625		0
1.75		0
1.875		0
2		0
2.125		0
2.25		0
2.375		0
2.5		0
2.625		0
2.75		0
2.875		0
3		0
3.125		0
3.25		0
3.375		0
3.5		0
3.625		0
3.75		0
3.875		0
4		0
4.125		0
4.25		0
4.375		0
4.5		0
4.625		0
4.75		0
4.875		0
5		0
5.125		0
5.25		0
5.375		0
5.5		0
5.625		0
5.75		0
5.875		0
6		0
6.125		0
6.25		0
6.375		0
6.5		0
6.625		0
6.75		0
6.875		0
7		0
7.125		0
7.25		0
7.375		0
7.5		0
7.625		0
7.75		0
7.875		0
8		0
8.125		0
8.25		0
8.375		0
8.5		0
8.625		0
8.75		0
8.875		0
9		0
9.125		0
9.25		0
9.375		0
9.5		0
9.625		0
9.75		0
9.875		0
10		0
10.125		0
10.25		0
10.375		0
10.5		0
10.625		0
10.75		0
10.875		0
11		0
11.125		0
11.25		0
11.375		0
11.5		0
11.625		0
11.75		0
11.875		0
12		0
12.125		0
12.25		0
12.375		0
12.5		0
12.625		0
12.75		0
12.875		0
13		0
13.125		0
13.25		0
13.375		0
13.5		0
13.625		0
13.75		0
13.875		0
14		0
14.125		0
14.25		0
14.375		0
14.5		0
14.625		0
14.75		0
14.875		0
15		0
15.125		0
15.25		0
15.375		0
15.5		0
15.625		0
15.75		0
15.875		0
16		0
16.125		0
16.25		0
16.375		0
16.5		0
16.625		0
16.75		0
16.875		0
17		0
17.125		63.4249
17.25		63.4249
17.375		63.4249
17.5		63.4249
17.625		63.4249
17.75		63.4249
17.875		63.4249
18		63.4249
18.125		69.4654
18.25		69.4654
18.375		69.4654
18.5		69.4654
18.625		69.4654
18.75		69.4654
18.875		69.4654
19		69.4654
19.125		83.0565
19.25		83.0565
19.375		83.0565
19.5		83.0565
19.625		83.0565
19.75		83.0565
19.875		83.0565
20		83.0565
20.125		125.34
20.25		125.34
20.375		125.34
20.5		125.34
20.625		125.34
20.75		125.34
20.875		125.34
21		125.34
21.125		135.911
21.25		135.911
21.375		135.911
21.5		135.911
21.625		135.911
21.75		135.911
21.875		135.911
22		135.911
22.125		140.441
22.25		140.441
22.375		140.441
22.5		140.441
22.625		140.441
22.75		140.441
22.875		140.441
23		140.441
23.125		141.951
23.25		141.951
23.375		141.951
23.5		141.951
23.625		141.951
23.75		141.951
23.875		141.951
24		141.951
24.125		146.481
24.25		146.481
24.375		146.481
24.5		146.481
24.625		146.481
24.75		146.481
24.875		146.481
25		146.481
25.125		199.336
25.25		199.336
25.375		199.336
25.5		199.336
25.625		199.336
25.75		199.336
25.875		199.336
26		199.336
26.125		203.866
26.25		203.866
26.375		203.866
26.5		203.866
26.625		203.866
26.75		203.866
26.875		203.866
27		203.866
27.125		205.376
27.25		205.376
27.375		205.376
27.5		205.376
27.625		205.376
27.75		205.376
27.875		205.376
28		205.376
28.125		208.396
28.25		208.396
28.375		208.396
28.5		208.396
28.625		208.396
28.75		208.396
28.875		208.396
29		208.396
29.125		232.558
29.25		232.558
29.375		232.558
29.5		232.558
29.625		232.558
29.75		232.558
29.875		232.558
30		232.558
30.125		253.7
30.25		253.7
30.375		253.7
30.5		253.7
30.625		253.7
30.75		253.7
30.875		253.7
31		253.7
31.125		255.21
31.25		255.21
31.375		255.21
31.5		255.21
31.625		255.21
31.75		255.21
31.875		255.21
32		255.21
32.125		262.76
32.25		262.76
32.375		262.76
32.5		262.76
32.625		262.76
32.75		262.76
32.875		262.76
33		262.76
33.125		268.801
33.25		268.801
33.375		268.801
33.5		268.801
33.625		268.801
33.75		268.801
33.875		268.801
34		268.801
34.125		291.453
34.25		291.453
34.375		291.453
34.5		291.453
34.625		291.453
34.75		291.453
34.875		291.453
35		291.453
35.125		294.473
35.25		294.473
35.375		294.473
35.5		294.473
35.625		294.473
35.75		294.473
35.875		294.473
36		294.473
36.125		317.125
36.25		317.125
36.375		317.125
36.5		317.125
36.625		317.125
36.75		317.125
36.875		317.125
37		317.125
37.125		318.635
37.25		318.635
37.375		318.635
37.5		318.635
37.625		318.635
37.75		318.635
37.875		318.635
38		318.635
38.125		318.635
38.25		318.635
38.375		318.635
38.5		318.635
38.625		318.635
38.75		318.635
38.875		318.635
39		318.635
39.125		327.696
39.25		327.696
39.375		327.696
39.5		327.696
39.625		327.696
39.75		327.696
39.875		327.696
40		327.696
40.125		335.246
40.25		335.246
40.375		335.246
40.5		335.246
40.625		335.246
40.75		335.246
40.875		335.246
41		335.246
41.125		336.756
41.25		336.756
41.375		336.756
41.5		336.756
41.625		336.756
41.75		336.756
41.875		336.756
42		336.756
42.125		369.979
42.25		369.979
42.375		369.979
42.5		369.979
42.625		369.979
42.75		369.979
42.875		369.979
43		369.979
43.125		371.489
43.25		371.489
43.375		371.489
43.5		371.489
43.625		371.489
43.75		371.489
43.875		371.489
44		371.489
44.125		374.509
44.25		374.509
44.375		374.509
44.5		374.509
44.625		374.509
44.75		374.509
44.875		374.509
45		374.509
45.125		382.06
45.25		382.06
45.375		382.06
45.5		382.06
45.625		382.06
45.75		382.06
45.875		382.06
46		382.06
46.125		394.141
46.25		394.141
46.375		394.141
46.5		394.141
46.625		394.141
46.75		394.141
46.875		394.141
47		394.141
47.125		397.161
47.25		397.161
47.375		397.161
47.5		397.161
47.625		397.161
47.75		397.161
47.875		397.161
48		397.161
48.125		398.671
48.25		398.671
48.375		398.671
48.5		398.671
48.625		398.671
48.75		398.671
48.875		398.671
49		398.671
49.125		406.222
49.25		406.222
49.375		406.222
49.5		406.222
49.625		406.222
49.75		406.222
49.875		406.222
50		406.222
50.125		409.242
50.25		409.242
50.375		409.242
50.5		409.242
50.625		409.242
50.75		409.242
50.875		409.242
51		409.242
51.125		412.262
51.25		412.262
51.375		412.262
51.5		412.262
51.625		412.262
51.75		412.262
51.875		412.262
52		412.262
52.125		422.833
52.25		422.833
52.375		422.833
52.5		422.833
52.625		422.833
52.75		422.833
52.875		422.833
53		422.833
53.125		422.833
53.25		422.833
53.375		422.833
53.5		422.833
53.625		422.833
53.75		422.833
53.875		422.833
54		422.833
54.125		450.015
54.25		450.015
54.375		450.015
54.5		450.015
54.625		450.015
54.75		450.015
54.875		450.015
55		450.015
55.125		453.035
55.25		453.035
55.375		453.035
55.5		453.035
55.625		453.035
55.75		453.035
55.875		453.035
56		453.035
56.125		453.035
56.25		453.035
56.375		453.035
56.5		453.035
56.625		453.035
56.75		453.035
56.875		453.035
57		453.035
57.125		457.566
57.25		457.566
57.375		457.566
57.5		457.566
57.625		457.566
57.75		457.566
57.875		457.566
58		457.566
58.125		463.606
58.25		463.606
58.375		463.606
58.5		463.606
58.625		463.606
58.75		463.606
58.875		463.606
59		463.606
59.125		472.667
59.25		472.667
59.375		472.667
59.5		472.667
59.625		472.667
59.75		472.667
59.875		472.667
60		472.667
60.125		474.177
60.25		474.177
60.375		474.177
60.5		474.177
60.625		474.177
60.75		474.177
60.875		474.177
61		474.177
61.125		484.748
61.25		484.748
61.375		484.748
61.5		484.748
61.625		484.748
61.75		484.748
61.875		484.748
62		484.748
62.125		487.768
62.25		487.768
62.375		487.768
62.5		487.768
62.625		487.768
62.75		487.768
62.875		487.768
63		487.768
63.125		498.339
63.25		498.339
63.375		498.339
63.5		498.339
63.625		498.339
63.75		498.339
63.875		498.339
64		498.339
64.125		501.359
64.25		501.359
64.375		501.359
64.5		501.359
64.625		501.359
64.75		501.359
64.875		501.359
65		501.359
65.125		522.501
65.25		522.501
65.375		522.501
65.5		522.501
65.625		522.501
65.75		522.501
65.875		522.501
66		522.501
66.125		525.521
66.25		525.521
66.375		525.521
66.5		525.521
66.625		525.521
66.75		525.521
66.875		525.521
67		525.521
67.125		530.051
67.25		530.051
67.375		530.051
67.5		530.051
67.625		530.051
67.75		530.051
67.875		530.051
68		530.051
68.125		546.663
68.25		546.663
68.375		546.663
68.5		546.663
68.625		546.663
68.75		546.663
68.875		546.663
69		546.663
69.125		548.173
69.25		548.173
69.375		548.173
69.5		548.173
69.625		548.173
69.75		548.173
69.875		548.173
70		548.173
70.125		558.744
70.25		558.744
70.375		558.744
70.5		558.744
70.625		558.744
70.75		558.744
70.875		558.744
71		558.744
71.125		558.744
71.25		558.744
71.375		558.744
71.5		558.744
71.625		558.744
71.75		558.744
71.875		558.744
72		558.744
72.125		576.865
72.25		576.865
72.375		576.865
72.5		576.865
72.625		576.865
72.75		576.865
72.875		576.865
73		576.865
73.125		590.456
73.25		590.456
73.375		590.456
73.5		590.456
73.625		590.456
73.75		590.456
73.875		590.456
74		590.456
74.125		594.986
74.25		594.986
74.375		594.986
74.5		594.986
74.625		594.986
74.75		594.986
74.875		594.986
75		594.986
75.125		599.517
75.25		599.517
75.375		599.517
75.5		599.517
75.625		599.517
75.75		599.517
75.875		599.517
76		599.517
76.125		604.047
76.25		604.047
76.375		604.047
76.5		604.047
76.625		604.047
76.75		604.047
76.875		604.047
77		604.047
77.125		607.067
77.25		607.067
77.375		607.067
77.5		607.067
77.625		607.067
77.75		607.067
77.875		607.067
78		607.067
78.125		607.067
78.25		607.067
78.375		607.067
78.5		607.067
78.625		607.067
78.75		607.067
78.875		607.067
79		607.067
79.125		620.658
79.25		620.658
79.375		620.658
79.5		620.658
79.625		620.658
79.75		620.658
79.875		620.658
80		620.658
80.125		628.209
80.25		628.209
80.375		628.209
80.5		628.209
80.625		628.209
80.75		628.209
80.875		628.209
81		628.209
81.125		628.209
81.25		628.209
81.375		628.209
81.5		628.209
81.625		628.209
81.75		628.209
81.875		628.209
82		628.209
82.125		632.739
82.25		632.739
82.375		632.739
82.5		632.739
82.625		632.739
82.75		632.739
82.875		632.739
83		632.739
83.125		641.8
83.25		641.8
83.375		641.8
83.5		641.8
83.625		641.8
83.75		641.8
83.875		641.8
84		641.8
84.125		650.861
84.25		650.861
84.375		650.861
84.5		650.861
84.625		650.861
84.75		650.861
84.875		650.861
85		650.861
85.125		661.432
85.25		661.432
85.375		661.432
85.5		661.432
85.625		661.432
85.75		661.432
85.875		661.432
86		661.432
86.125		661.432
86.25		661.432
86.375		661.432
86.5		661.432
86.625		661.432
86.75		661.432
86.875		661.432
87		661.432
87.125		670.492
87.25		670.492
87.375		670.492
87.5		670.492
87.625		670.492
87.75		670.492
87.875		670.492
88		670.492
88.125		675.023
88.25		675.023
88.375		675.023
88.5		675.023
88.625		675.023
88.75		675.023
88.875		675.023
89		675.023
89.125		675.023
89.25		675.023
89.375		675.023
89.5		675.023
89.625		675.023
89.75		675.023
89.875		675.023
90		675.023
90.125		688.614
90.25		688.614
90.375		688.614
90.5		688.614
90.625		688.614
90.75		688.614
90.875		688.614
91		688.614
91.125		690.124
91.25		690.124
91.375		690.124
91.5		690.124
91.625		690.124
91.75		690.124
91.875		690.124
92		690.124
92.125		691.634
92.25		691.634
92.375		691.634
92.5		691.634
92.625		691.634
92.75		691.634
92.875		691.634
93		691.634
93.125		700.695
93.25		700.695
93.375		700.695
93.5		700.695
93.625		700.695
93.75		700.695
93.875		700.695
94		700.695
94.125		708.245
94.25		708.245
94.375		708.245
94.5		708.245
94.625		708.245
94.75		708.245
94.875		708.245
95		708.245
95.125		711.265
95.25		711.265
95.375		711.265
95.5		711.265
95.625		711.265
95.75		711.265
95.875		711.265
96		711.265
96.125		712.776
96.25		712.776
96.375		712.776
96.5		712.776
96.625		712.776
96.75		712.776
96.875		712.776
97		712.776
97.125		729.387
97.25		729.387
97.375		729.387
97.5		729.387
97.625		729.387
97.75		729.387
97.875		729.387
98		729.387
98.125		739.958
98.25		739.958
98.375		739.958
98.5		739.958
98.625		739.958
98.75		739.958
98.875		739.958
99		739.958
99.125		739.958
99.25		739.958
99.375		739.958
99.5		739.958
99.625		739.958
99.75		739.958
99.875		739.958
100		739.958
100.125		741.468
100.25		741.468
100.375		741.468
100.5		741.468
100.625		741.468
100.75		741.468
100.875		741.468
101		741.468
101.125		758.079
101.25		758.079
101.375		758.079
101.5		758.079
101.625		758.079
101.75		758.079
101.875		758.079
102		758.079
102.125		773.18
102.25		773.18
102.375		773.18
102.5		773.18
102.625		773.18
102.75		773.18
102.875		773.18
103		773.18
103.125		774.69
103.25		774.69
103.375		774.69
103.5		774.69
103.625		774.69
103.75		774.69
103.875		774.69
104		774.69
104.125		780.731
104.25		780.731
104.375		780.731
104.5		780.731
104.625		780.731
104.75		780.731
104.875		780.731
105		780.731
105.125		780.731
105.25		780.731
105.375		780.731
105.5		780.731
105.625		780.731
105.75		780.731
105.875		780.731
106		780.731
106.125		789.792
106.25		789.792
106.375		789.792
106.5		789.792
106.625		789.792
106.75		789.792
106.875		789.792
107		789.792
107.125		795.832
107.25		795.832
107.375		795.832
107.5		795.832
107.625		795.832
107.75		795.832
107.875		795.832
108		795.832
108.125		797.342
108.25		797.342
108.375		797.342
108.5		797.342
108.625		797.342
108.75		797.342
108.875		797.342
109		797.342
109.125		804.893
109.25		804.893
109.375		804.893
109.5		804.893
109.625		804.893
109.75		804.893
109.875		804.893
110		804.893
110.125		818.484
110.25		818.484
110.375		818.484
110.5		818.484
110.625		818.484
110.75		818.484
110.875		818.484
111		818.484
111.125		823.014
111.25		823.014
111.375		823.014
111.5		823.014
111.625		823.014
111.75		823.014
111.875		823.014
112		823.014
112.125		833.585
112.25		833.585
112.375		833.585
112.5		833.585
112.625		833.585
112.75		833.585
112.875		833.585
113		833.585
113.125		833.585
113.25		833.585
113.375		833.585
113.5		833.585
113.625		833.585
113.75		833.585
113.875		833.585
114		833.585
114.125		839.625
114.25		839.625
114.375		839.625
114.5		839.625
114.625		839.625
114.75		839.625
114.875		839.625
115		839.625
115.125		860.767
115.25		860.767
115.375		860.767
115.5		860.767
115.625		860.767
115.75		860.767
115.875		860.767
116		860.767
116.125		860.767
116.25		860.767
116.375		860.767
116.5		860.767
116.625		860.767
116.75		860.767
116.875		860.767
117		860.767
117.125		872.848
117.25		872.848
117.375		872.848
117.5		872.848
117.625		872.848
117.75		872.848
117.875		872.848
118		872.848
118.125		878.889
118.25		878.889
118.375		878.889
118.5		878.889
118.625		878.889
118.75		878.889
118.875		878.889
119		878.889
119.125		889.459
119.25		889.459
119.375		889.459
119.5		889.459
119.625		889.459
119.75		889.459
119.875		889.459
120		889.459
120.125		901.54
120.25		901.54
120.375		901.54
120.5		901.54
120.625		901.54
120.75		901.54
120.875		901.54
121		901.54
121.125		910.601
121.25		910.601
121.375		910.601
121.5		910.601
121.625		910.601
121.75		910.601
121.875		910.601
122		910.601
122.125		913.621
122.25		913.621
122.375		913.621
122.5		913.621
122.625		913.621
122.75		913.621
122.875		913.621
123		913.621
123.125		934.763
123.25		934.763
123.375		934.763
123.5		934.763
123.625		934.763
123.75		934.763
123.875		934.763
124		934.763
124.125		961.945
124.25		961.945
124.375		961.945
124.5		961.945
124.625		961.945
124.75		961.945
124.875		961.945
125		961.945
125.125		961.945
125.25		961.945
125.375		961.945
125.5		961.945
125.625		961.945
125.75		961.945
125.875		961.945
126		961.945
126.125		964.965
126.25		964.965
126.375		964.965
126.5		964.965
126.625		964.965
126.75		964.965
126.875		964.965
127		964.965
127.125		978.556
127.25		978.556
127.375		978.556
127.5		978.556
127.625		978.556
127.75		978.556
127.875		978.556
128		978.556
128.125		987.617
128.25		987.617
128.375		987.617
128.5		987.617
128.625		987.617
128.75		987.617
128.875		987.617
129		987.617
129.125		1002.72
129.25		1002.72
129.375		1002.72
129.5		1002.72
129.625		1002.72
129.75		1002.72
129.875		1002.72
130		1002.72
130.125		1010.27
130.25		1010.27
130.375		1010.27
130.5		1010.27
130.625		1010.27
130.75		1010.27
130.875		1010.27
131		1010.27
131.125		1010.27
131.25		1010.27
131.375		1010.27
131.5		1010.27
131.625		1010.27
131.75		1010.27
131.875		1010.27
132		1010.27
132.125		1028.39
132.25		1028.39
132.375		1028.39
132.5		1028.39
132.625		1028.39
132.75		1028.39
132.875		1028.39
133		1028.39
133.125		1038.96
133.25		1038.96
133.375		1038.96
133.5		1038.96
133.625		1038.96
133.75		1038.96
133.875		1038.96
134		1038.96
134.125		1038.96
134.25		1038.96
134.375		1038.96
134.5		1038.96
134.625		1038.96
134.75		1038.96
134.875		1038.96
135		1038.96
135.125		1038.96
135.25		1038.96
135.375		1038.96
135.5		1038.96
135.625		1038.96
135.75		1038.96
135.875		1038.96
136		1038.96
136.125		1064.63
136.25		1064.63
136.375		1064.63
136.5		1064.63
136.625		1064.63
136.75		1064.63
136.875		1064.63
137		1064.63
137.125		1064.63
137.25		1064.63
137.375		1064.63
137.5		1064.63
137.625		1064.63
137.75		1064.63
137.875		1064.63
138		1064.63
138.125		1069.16
138.25		1069.16
138.375		1069.16
138.5		1069.16
138.625		1069.16
138.75		1069.16
138.875		1069.16
139		1069.16
139.125		1069.16
139.25		1069.16
139.375		1069.16
139.5		1069.16
139.625		1069.16
139.75		1069.16
139.875		1069.16
140		1069.16
140.125		1078.22
140.25		1078.22
140.375		1078.22
140.5		1078.22
140.625		1078.22
140.75		1078.22
140.875		1078.22
141		1078.22
141.125		1090.31
141.25		1090.31
141.375		1090.31
141.5		1090.31
141.625		1090.31
141.75		1090.31
141.875		1090.31
142		1090.31
142.125		1096.35
142.25		1096.35
142.375		1096.35
142.5		1096.35
142.625		1096.35
142.75		1096.35
142.875		1096.35
143		1096.35
143.125		1102.39
143.25		1102.39
143.375		1102.39
143.5		1102.39
143.625		1102.39
143.75		1102.39
143.875		1102.39
144		1102.39
144.125		1105.41
144.25		1105.41
144.375		1105.41
144.5		1105.41
144.625		1105.41
144.75		1105.41
144.875		1105.41
145		1105.41
145.125		1115.98
145.25		1115.98
145.375		1115.98
145.5		1115.98
145.625		1115.98
145.75		1115.98
145.875		1115.98
146		1115.98
146.125		1123.53
146.25		1123.53
146.375		1123.53
146.5		1123.53
146.625		1123.53
146.75		1123.53
146.875		1123.53
147		1123.53
147.125		1135.61
147.25		1135.61
147.375		1135.61
147.5		1135.61
147.625		1135.61
147.75		1135.61
147.875		1135.61
148		1135.61
148.125		1135.61
148.25		1135.61
148.375		1135.61
148.5		1135.61
148.625		1135.61
148.75		1135.61
148.875		1135.61
149		1135.61
149.125		1146.18
149.25		1146.18
149.375		1146.18
149.5		1146.18
149.625		1146.18
149.75		1146.18
149.875		1146.18
150		1146.18
150.125		1155.24
150.25		1155.24
150.375		1155.24
150.5		1155.24
150.625		1155.24
150.75		1155.24
150.875		1155.24
151		1155.24
151.125		1161.28
151.25		1161.28
151.375		1161.28
151.5		1161.28
151.625		1161.28
151.75		1161.28
151.875		1161.28
152		1161.28
152.125		1167.32
152.25		1167.32
152.375		1167.32
152.5		1167.32
152.625		1167.32
152.75		1167.32
152.875		1167.32
153		1167.32
153.125		1174.87
153.25		1174.87
153.375		1174.87
153.5		1174.87
153.625		1174.87
153.75		1174.87
153.875		1174.87
154		1174.87
154.125		1191.48
154.25		1191.48
154.375		1191.48
154.5		1191.48
154.625		1191.48
154.75		1191.48
154.875		1191.48
155		1191.48
155.125		1194.5
155.25		1194.5
155.375		1194.5
155.5		1194.5
155.625		1194.5
155.75		1194.5
155.875		1194.5
156		1194.5
156.125		1197.52
156.25		1197.52
156.375		1197.52
156.5		1197.52
156.625		1197.52
156.75		1197.52
156.875		1197.52
157		1197.52
157.125		1211.11
157.25		1211.11
157.375		1211.11
157.5		1211.11
157.625		1211.11
157.75		1211.11
157.875		1211.11
158		1211.11
158.125		1221.69
158.25		1221.69
158.375		1221.69
158.5		1221.69
158.625		1221.69
158.75		1221.69
158.875		1221.69
159		1221.69
159.125		1250.38
159.25		1250.38
159.375		1250.38
159.5		1250.38
159.625		1250.38
159.75		1250.38
159.875		1250.38
160		1250.38
160.125		1257.93
160.25		1257.93
160.375		1257.93
160.5		1257.93
160.625		1257.93
160.75		1257.93
160.875		1257.93
161		1257.93
161.125		1263.97
161.25		1263.97
161.375		1263.97
161.5		1263.97
161.625		1263.97
161.75		1263.97
161.875		1263.97
162		1263.97
162.125		1270.01
162.25		1270.01
162.375		1270.01
162.5		1270.01
162.625		1270.01
162.75		1270.01
162.875		1270.01
163		1270.01
163.125		1283.6
163.25		1283.6
163.375		1283.6
163.5		1283.6
163.625		1283.6
163.75		1283.6
163.875		1283.6
164		1283.6
164.125		1286.62
164.25		1286.62
164.375		1286.62
164.5		1286.62
164.625		1286.62
164.75		1286.62
164.875		1286.62
165		1286.62
165.125		1288.13
165.25		1288.13
165.375		1288.13
165.5		1288.13
165.625		1288.13
165.75		1288.13
165.875		1288.13
166		1288.13
166.125		1309.27
166.25		1309.27
166.375		1309.27
166.5		1309.27
166.625		1309.27
166.75		1309.27
166.875		1309.27
167		1309.27
167.125		1313.8
167.25		1313.8
167.375		1313.8
167.5		1313.8
167.625		1313.8
167.75		1313.8
167.875		1313.8
168		1313.8
168.125		1315.31
168.25		1315.31
168.375		1315.31
168.5		1315.31
168.625		1315.31
168.75		1315.31
168.875		1315.31
169		1315.31
169.125		1348.54
169.25		1348.54
169.375		1348.54
169.5		1348.54
169.625		1348.54
169.75		1348.54
169.875		1348.54
170		1348.54
170.125		1360.62
170.25		1360.62
170.375		1360.62
170.5		1360.62
170.625		1360.62
170.75		1360.62
170.875		1360.62
171		1360.62
171.125		1381.76
171.25		1381.76
171.375		1381.76
171.5		1381.76
171.625		1381.76
171.75		1381.76
171.875		1381.76
172		1381.76
172.125		1389.31
172.25		1389.31
172.375		1389.31
172.5		1389.31
172.625		1389.31
172.75		1389.31
172.875		1389.31
173		1389.31
173.125		1389.31
173.25		1389.31
173.375		1389.31
173.5		1389.31
173.625		1389.31
173.75		1389.31
173.875		1389.31
174		1389.31
174.125		1414.98
174.25		1414.98
174.375		1414.98
174.5		1414.98
174.625		1414.98
174.75		1414.98
174.875		1414.98
175		1414.98
175.125		1428.57
175.25		1428.57
175.375		1428.57
175.5		1428.57
175.625		1428.57
175.75		1428.57
175.875		1428.57
176		1428.57
176.125		1449.71
176.25		1449.71
176.375		1449.71
176.5		1449.71
176.625		1449.71
176.75		1449.71
176.875		1449.71
177		1449.71
177.125		1454.24
177.25		1454.24
177.375		1454.24
177.5		1454.24
177.625		1454.24
177.75		1454.24
177.875		1454.24
178		1454.24
178.125		1458.77
178.25		1458.77
178.375		1458.77
178.5		1458.77
178.625		1458.77
178.75		1458.77
178.875		1458.77
179		1458.77
179.125		1479.92
179.25		1479.92
179.375		1479.92
179.5		1479.92
179.625		1479.92
179.75		1479.92
179.875		1479.92
180		1479.92
180.125		1513.14
180.25		1513.14
180.375		1513.14
180.5		1513.14
180.625		1513.14
180.75		1513.14
180.875		1513.14
181		1513.14
181.125		1532.77
181.25		1532.77
181.375		1532.77
181.5		1532.77
181.625		1532.77
181.75		1532.77
181.875		1532.77
182		1532.77
182.125		1537.3
182.25		1537.3
182.375		1537.3
182.5		1537.3
182.625		1537.3
182.75		1537.3
182.875		1537.3
183		1537.3
183.125		1540.32
183.25		1540.32
183.375		1540.32
183.5		1540.32
183.625		1540.32
183.75		1540.32
183.875		1540.32
184		1540.32
184.125		1555.42
184.25		1555.42
184.375		1555.42
184.5		1555.42
184.625		1555.42
184.75		1555.42
184.875		1555.42
185		1555.42
185.125		1567.5
185.25		1567.5
185.375		1567.5
185.5		1567.5
185.625		1567.5
185.75		1567.5
185.875		1567.5
186		1567.5
186.125		1572.03
186.25		1572.03
186.375		1572.03
186.5		1572.03
186.625		1572.03
186.75		1572.03
186.875		1572.03
187		1572.03
187.125		1594.68
187.25		1594.68
187.375		1594.68
187.5		1594.68
187.625		1594.68
187.75		1594.68
187.875		1594.68
188		1594.68
188.125		1620.36
188.25		1620.36
188.375		1620.36
188.5		1620.36
188.625		1620.36
188.75		1620.36
188.875		1620.36
189		1620.36
189.125		1624.89
189.25		1624.89
189.375		1624.89
189.5		1624.89
189.625		1624.89
189.75		1624.89
189.875		1624.89
190		1624.89
190.125		1630.93
190.25		1630.93
190.375		1630.93
190.5		1630.93
190.625		1630.93
190.75		1630.93
190.875		1630.93
191		1630.93
191.125		1644.52
191.25		1644.52
191.375		1644.52
191.5		1644.52
191.625		1644.52
191.75		1644.52
191.875		1644.52
192		1644.52
192.125		1706.43
192.25		1706.43
192.375		1706.43
192.5		1706.43
192.625		1706.43
192.75		1706.43
192.875		1706.43
193		1706.43
193.125		1709.45
193.25		1709.45
193.375		1709.45
193.5		1709.45
193.625		1709.45
193.75		1709.45
193.875		1709.45
194		1709.45
194.125		1710.96
194.25		1710.96
194.375		1710.96
194.5		1710.96
194.625		1710.96
194.75		1710.96
194.875		1710.96
195		1710.96
195.125		1730.59
195.25		1730.59
195.375		1730.59
195.5		1730.59
195.625		1730.59
195.75		1730.59
195.875		1730.59
196		1730.59
196.125		1760.8
196.25		1760.8
196.375		1760.8
196.5		1760.8
196.625		1760.8
196.75		1760.8
196.875		1760.8
197		1760.8
197.125		1797.04
197.25		1797.04
197.375		1797.04
197.5		1797.04
197.625		1797.04
197.75		1797.04
197.875		1797.04
198		1797.04
198.125		1807.61
198.25		1807.61
198.375		1807.61
198.5		1807.61
198.625		1807.61
198.75		1807.61
198.875		1807.61
199		1807.61
199.125		1809.12
199.25		1809.12
199.375		1809.12
199.5		1809.12
199.625		1809.12
199.75		1809.12
199.875		1809.12
200		1809.12
200.125		1809.12
200.25		1809.12
200.375		1809.12
200.5		1809.12
200.625		1809.12
200.75		1809.12
200.875		1809.12
201		1809.12
201.125		1843.85
201.25		1843.85
201.375		1843.85
201.5		1843.85
201.625		1843.85
201.75		1843.85
201.875		1843.85
202		1843.85
202.125		1851.4
202.25		1851.4
202.375		1851.4
202.5		1851.4
202.625		1851.4
202.75		1851.4
202.875		1851.4
203		1851.4
203.125		1892.18
203.25		1892.18
203.375		1892.18
203.5		1892.18
203.625		1892.18
203.75		1892.18
203.875		1892.18
204		1892.18
204.125		1910.3
204.25		1910.3
204.375		1910.3
204.5		1910.3
204.625		1910.3
204.75		1910.3
204.875		1910.3
205		1910.3
205.125		1922.38
205.25		1922.38
205.375		1922.38
205.5		1922.38
205.625		1922.38
205.75		1922.38
205.875		1922.38
206		1922.38
206.125		1932.95
206.25		1932.95
206.375		1932.95
206.5		1932.95
206.625		1932.95
206.75		1932.95
206.875		1932.95
207		1932.95
207.125		1969.19
207.25		1969.19
207.375		1969.19
207.5		1969.19
207.625		1969.19
207.75		1969.19
207.875		1969.19
208		1969.19
208.125		1970.7
208.25		1970.7
208.375		1970.7
208.5		1970.7
208.625		1970.7
208.75		1970.7
208.875		1970.7
209		1970.7
209.125		2005.44
209.25		2005.44
209.375		2005.44
209.5		2005.44
209.625		2005.44
209.75		2005.44
209.875		2005.44
210		2005.44
210.125		2022.05
210.25		2022.05
210.375		2022.05
210.5		2022.05
210.625		2022.05
210.75		2022.05
210.875		2022.05
211		2022.05
211.125		2025.07
211.25		2025.07
211.375		2025.07
211.5		2025.07
211.625		2025.07
211.75		2025.07
211.875		2025.07
212		2025.07
212.125		2025.07
212.25		2025.07
212.375		2025.07
212.5		2025.07
212.625		2025.07
212.75		2025.07
212.875		2025.07
213		2025.07
213.125		2046.21
213.25		2046.21
213.375		2046.21
213.5		2046.21
213.625		2046.21
213.75		2046.21
213.875		2046.21
214		2046.21
214.125		2091.51
214.25		2091.51
214.375		2091.51
214.5		2091.51
214.625		2091.51
214.75		2091.51
214.875		2091.51
215		2091.51
215.125		2102.08
215.25		2102.08
215.375		2102.08
215.5		2102.08
215.625		2102.08
215.75		2102.08
215.875		2102.08
216		2102.08
216.125		2105.1
216.25		2105.1
216.375		2105.1
216.5		2105.1
216.625		2105.1
216.75		2105.1
216.875		2105.1
217		2105.1
217.125		2106.61
217.25		2106.61
217.375		2106.61
217.5		2106.61
217.625		2106.61
217.75		2106.61
217.875		2106.61
218		2106.61
218.125		2117.19
218.25		2117.19
218.375		2117.19
218.5		2117.19
218.625		2117.19
218.75		2117.19
218.875		2117.19
219		2117.19
219.125		2160.98
219.25		2160.98
219.375		2160.98
219.5		2160.98
219.625		2160.98
219.75		2160.98
219.875		2160.98
220		2160.98
220.125		2168.53
220.25		2168.53
220.375		2168.53
220.5		2168.53
220.625		2168.53
220.75		2168.53
220.875		2168.53
221		2168.53
221.125		2171.55
221.25		2171.55
221.375		2171.55
221.5		2171.55
221.625		2171.55
221.75		2171.55
221.875		2171.55
222		2171.55
222.125		2176.08
222.25		2176.08
222.375		2176.08
222.5		2176.08
222.625		2176.08
222.75		2176.08
222.875		2176.08
223		2176.08
223.125		2197.22
223.25		2197.22
223.375		2197.22
223.5		2197.22
223.625		2197.22
223.75		2197.22
223.875		2197.22
224		2197.22
224.125		2224.4
224.25		2224.4
224.375		2224.4
224.5		2224.4
224.625		2224.4
224.75		2224.4
224.875		2224.4
225		2224.4
225.125		2225.91
225.25		2225.91
225.375		2225.91
225.5		2225.91
225.625		2225.91
225.75		2225.91
225.875		2225.91
226		2225.91
226.125		2239.5
226.25		2239.5
226.375		2239.5
226.5		2239.5
226.625		2239.5
226.75		2239.5
226.875		2239.5
227		2239.5
227.125		2244.04
227.25		2244.04
227.375		2244.04
227.5		2244.04
227.625		2244.04
227.75		2244.04
227.875		2244.04
228		2244.04
228.125		2277.26
228.25		2277.26
228.375		2277.26
228.5		2277.26
228.625		2277.26
228.75		2277.26
228.875		2277.26
229		2277.26
229.125		2277.26
229.25		2277.26
229.375		2277.26
229.5		2277.26
229.625		2277.26
229.75		2277.26
229.875		2277.26
230		2277.26
230.125		2295.38
230.25		2295.38
230.375		2295.38
230.5		2295.38
230.625		2295.38
230.75		2295.38
230.875		2295.38
231		2295.38
231.125		2315.01
231.25		2315.01
231.375		2315.01
231.5		2315.01
231.625		2315.01
231.75		2315.01
231.875		2315.01
232		2315.01
232.125		2322.56
232.25		2322.56
232.375		2322.56
232.5		2322.56
232.625		2322.56
232.75		2322.56
232.875		2322.56
233		2322.56
233.125		2339.17
233.25		2339.17
233.375		2339.17
233.5		2339.17
233.625		2339.17
233.75		2339.17
233.875		2339.17
234		2339.17
234.125		2345.21
234.25		2345.21
234.375		2345.21
234.5		2345.21
234.625		2345.21
234.75		2345.21
234.875		2345.21
235		2345.21
235.125		2346.72
235.25		2346.72
235.375		2346.72
235.5		2346.72
235.625		2346.72
235.75		2346.72
235.875		2346.72
236		2346.72
236.125		2376.93
236.25		2376.93
236.375		2376.93
236.5		2376.93
236.625		2376.93
236.75		2376.93
236.875		2376.93
237		2376.93
237.125		2378.44
237.25		2378.44
237.375		2378.44
237.5		2378.44
237.625		2378.44
237.75		2378.44
237.875		2378.44
238		2378.44
238.125		2379.95
238.25		2379.95
238.375		2379.95
238.5		2379.95
238.625		2379.95
238.75		2379.95
238.875		2379.95
239		2379.95
239.125		2393.54
239.25		2393.54
239.375		2393.54
239.5		2393.54
239.625		2393.54
239.75		2393.54
239.875		2393.54
240		2393.54
240.125		2416.19
240.25		2416.19
240.375		2416.19
240.5		2416.19
240.625		2416.19
240.75		2416.19
240.875		2416.19
241		2416.19
241.125		2437.33
241.25		2437.33
241.375		2437.33
241.5		2437.33
241.625		2437.33
241.75		2437.33
241.875		2437.33
242		2437.33
242.125		2440.35
242.25		2440.35
242.375		2440.35
242.5		2440.35
242.625		2440.35
242.75		2440.35
242.875		2440.35
243		2440.35
243.125		2443.37
243.25		2443.37
243.375		2443.37
243.5		2443.37
243.625		2443.37
243.75		2443.37
243.875		2443.37
244		2443.37
244.125		2452.43
244.25		2452.43
244.375		2452.43
244.5		2452.43
244.625		2452.43
244.75		2452.43
244.875		2452.43
245		2452.43
245.125		2466.02
245.25		2466.02
245.375		2466.02
245.5		2466.02
245.625		2466.02
245.75		2466.02
245.875		2466.02
246		2466.02
246.125		2467.53
246.25		2467.53
246.375		2467.53
246.5		2467.53
246.625		2467.53
246.75		2467.53
246.875		2467.53
247		2467.53
247.125		2485.65
247.25		2485.65
247.375		2485.65
247.5		2485.65
247.625		2485.65
247.75		2485.65
247.875		2485.65
248		2485.65
248.125		2490.18
248.25		2490.18
248.375		2490.18
248.5		2490.18
248.625		2490.18
248.75		2490.18
248.875		2490.18
249		2490.18
249.125		2491.69
249.25		2491.69
249.375		2491.69
249.5		2491.69
249.625		2491.69
249.75		2491.69
249.875		2491.69
250		2491.69
250.125		2496.22
250.25		2496.22
250.375		2496.22
250.5		2496.22
250.625		2496.22
250.75		2496.22
250.875		2496.22
251		2496.22
251.125		2500.76
251.25		2500.76
251.375		2500.76
251.5		2500.76
251.625		2500.76
251.75		2500.76
251.875		2500.76
252		2500.76
252.125		2511.33
252.25		2511.33
252.375		2511.33
252.5		2511.33
252.625		2511.33
252.75		2511.33
252.875		2511.33
253		2511.33
253.125		2529.45
253.25		2529.45
253.375		2529.45
253.5		2529.45
253.625		2529.45
253.75		2529.45
253.875		2529.45
254		2529.45
254.125		2530.96
254.25		2530.96
254.375		2530.96
254.5		2530.96
254.625		2530.96
254.75		2530.96
254.875		2530.96
255		2530.96
255.125		2535.49
255.25		2535.49
255.375		2535.49
255.5		2535.49
255.625		2535.49
255.75		2535.49
255.875		2535.49
256		2535.49
256.125		2541.53
256.25		2541.53
256.375		2541.53
256.5		2541.53
256.625		2541.53
256.75		2541.53
256.875		2541.53
257		2541.53
257.125		2544.55
257.25		2544.55
257.375		2544.55
257.5		2544.55
257.625		2544.55
257.75		2544.55
257.875		2544.55
258		2544.55
258.125		2561.16
258.25		2561.16
258.375		2561.16
258.5		2561.16
258.625		2561.16
258.75		2561.16
258.875		2561.16
259		2561.16
259.125		2574.75
259.25		2574.75
259.375		2574.75
259.5		2574.75
259.625		2574.75
259.75		2574.75
259.875		2574.75
260		2574.75
260.125		2580.79
260.25		2580.79
260.375		2580.79
260.5		2580.79
260.625		2580.79
260.75		2580.79
260.875		2580.79
261		2580.79
261.125		2585.32
261.25		2585.32
261.375		2585.32
261.5		2585.32
261.625		2585.32
261.75		2585.32
261.875		2585.32
262		2585.32
262.125		2597.4
262.25		2597.4
262.375		2597.4
262.5		2597.4
262.625		2597.4
262.75		2597.4
262.875		2597.4
263		2597.4
263.125		2598.91
263.25		2598.91
263.375		2598.91
263.5		2598.91
263.625		2598.91
263.75		2598.91
263.875		2598.91
264		2598.91
264.125		2606.46
264.25		2606.46
264.375		2606.46
264.5		2606.46
264.625		2606.46
264.75		2606.46
264.875		2606.46
265		2606.46
265.125		2629.12
265.25		2629.12
265.375		2629.12
265.5		2629.12
265.625		2629.12
265.75		2629.12
265.875		2629.12
266		2629.12
266.125		2648.75
266.25		2648.75
266.375		2648.75
266.5		2648.75
266.625		2648.75
266.75		2648.75
266.875		2648.75
267		2648.75
267.125		2650.26
267.25		2650.26
267.375		2650.26
267.5		2650.26
267.625		2650.26
267.75		2650.26
267.875		2650.26
268		2650.26
268.125		2657.81
268.25		2657.81
268.375		2657.81
268.5		2657.81
268.625		2657.81
268.75		2657.81
268.875		2657.81
269		2657.81
269.125		2659.32
269.25		2659.32
269.375		2659.32
269.5		2659.32
269.625		2659.32
269.75		2659.32
269.875		2659.32
270		2659.32
270.125		2688.01
270.25		2688.01
270.375		2688.01
270.5		2688.01
270.625		2688.01
270.75		2688.01
270.875		2688.01
271		2688.01
271.125		2691.03
271.25		2691.03
271.375		2691.03
271.5		2691.03
271.625		2691.03
271.75		2691.03
271.875		2691.03
272		2691.03
272.125		2695.56
272.25		2695.56
272.375		2695.56
272.5		2695.56
272.625		2695.56
272.75		2695.56
272.875		2695.56
273		2695.56
273.125		2703.11
273.25		2703.11
273.375		2703.11
273.5		2703.11
273.625		2703.11
273.75		2703.11
273.875		2703.11
274		2703.11
274.125		2719.72
274.25		2719.72
274.375		2719.72
274.5		2719.72
274.625		2719.72
274.75		2719.72
274.875		2719.72
275		2719.72
275.125		2719.72
275.25		2719.72
275.375		2719.72
275.5		2719.72
275.625		2719.72
275.75		2719.72
275.875		2719.72
276		2719.72
276.125		2728.78
276.25		2728.78
276.375		2728.78
276.5		2728.78
276.625		2728.78
276.75		2728.78
276.875		2728.78
277		2728.78
277.125		2739.35
277.25		2739.35
277.375		2739.35
277.5		2739.35
277.625		2739.35
277.75		2739.35
277.875		2739.35
278		2739.35
278.125		2763.52
278.25		2763.52
278.375		2763.52
278.5		2763.52
278.625		2763.52
278.75		2763.52
278.875		2763.52
279		2763.52
279.125		2777.11
279.25		2777.11
279.375		2777.11
279.5		2777.11
279.625		2777.11
279.75		2777.11
279.875		2777.11
280		2777.11
280.125		2778.62
280.25		2778.62
280.375		2778.62
280.5		2778.62
280.625		2778.62
280.75		2778.62
280.875		2778.62
281		2778.62
281.125		2778.62
281.25		2778.62
281.375		2778.62
281.5		2778.62
281.625		2778.62
281.75		2778.62
281.875		2778.62
282		2778.62
282.125		2811.84
282.25		2811.84
282.375		2811.84
282.5		2811.84
282.625		2811.84
282.75		2811.84
282.875		2811.84
283		2811.84
283.125		2826.94
283.25		2826.94
283.375		2826.94
283.5		2826.94
283.625		2826.94
283.75		2826.94
283.875		2826.94
284		2826.94
284.125		2842.04
284.25		2842.04
284.375		2842.04
284.5		2842.04
284.625		2842.04
284.75		2842.04
284.875		2842.04
285		2842.04
285.125		2848.08
285.25		2848.08
285.375		2848.08
285.5		2848.08
285.625		2848.08
285.75		2848.08
285.875		2848.08
286		2848.08
286.125		2857.14
286.25		2857.14
286.375		2857.14
286.5		2857.14
286.625		2857.14
286.75		2857.14
286.875		2857.14
287		2857.14
287.125		2869.22
287.25		2869.22
287.375		2869.22
287.5		2869.22
287.625		2869.22
287.75		2869.22
287.875		2869.22
288		2869.22
288.125		2870.73
288.25		2870.73
288.375		2870.73
288.5		2870.73
288.625		2870.73
288.75		2870.73
288.875		2870.73
289		2870.73
289.125		2879.79
289.25		2879.79
289.375		2879.79
289.5		2879.79
289.625		2879.79
289.75		2879.79
289.875		2879.79
290		2879.79
290.125		2881.3
290.25		2881.3
290.375		2881.3
290.5		2881.3
290.625		2881.3
290.75		2881.3
290.875		2881.3
291		2881.3
291.125		2887.35
291.25		2887.35
291.375		2887.35
291.5		2887.35
291.625		2887.35
291.75		2887.35
291.875		2887.35
292		2887.35
292.125		2899.43
292.25		2899.43
292.375		2899.43
292.5		2899.43
292.625		2899.43
292.75		2899.43
292.875		2899.43
293		2899.43
293.125		2906.98
293.25		2906.98
293.375		2906.98
293.5		2906.98
293.625		2906.98
293.75		2906.98
293.875		2906.98
294		2906.98
294.125		2913.02
294.25		2913.02
294.375		2913.02
294.5		2913.02
294.625		2913.02
294.75		2913.02
294.875		2913.02
295		2913.02
295.125		2922.08
295.25		2922.08
295.375		2922.08
295.5		2922.08
295.625		2922.08
295.75		2922.08
295.875		2922.08
296		2922.08
296.125		2941.71
296.25		2941.71
296.375		2941.71
296.5		2941.71
296.625		2941.71
296.75		2941.71
296.875		2941.71
297		2941.71
297.125		2946.24
297.25		2946.24
297.375		2946.24
297.5		2946.24
297.625		2946.24
297.75		2946.24
297.875		2946.24
298		2946.24
298.125		2952.28
298.25		2952.28
298.375		2952.28
298.5		2952.28
298.625		2952.28
298.75		2952.28
298.875		2952.28
299		2952.28
299.125		2967.38
299.25		2967.38
299.375		2967.38
299.5		2967.38
299.625		2967.38
299.75		2967.38
299.875		2967.38
300		2967.38
300.125		2973.42
300.25		2973.42
300.375		2973.42
300.5		2973.42
300.625		2973.42
300.75		2973.42
300.875		2973.42
301		2973.42
301.125		2982.48
301.25		2982.48
301.375		2982.48
301.5		2982.48
301.625		2982.48
301.75		2982.48
301.875		2982.48
302		2982.48
302.125		2987.01
302.25		2987.01
302.375		2987.01
302.5		2987.01
302.625		2987.01
302.75		2987.01
302.875		2987.01
303		2987.01
303.125		2990.03
303.25		2990.03
303.375		2990.03
303.5		2990.03
303.625		2990.03
303.75		2990.03
303.875		2990.03
304		2990.03
304.125		2991.54
304.25		2991.54
304.375		2991.54
304.5		2991.54
304.625		2991.54
304.75		2991.54
304.875		2991.54
305		2991.54
305.125		3005.13
305.25		3005.13
305.375		3005.13
305.5		3005.13
305.625		3005.13
305.75		3005.13
305.875		3005.13
306		3005.13
306.125		3012.68
306.25		3012.68
306.375		3012.68
306.5		3012.68
306.625		3012.68
306.75		3012.68
306.875		3012.68
307		3012.68
307.125		3020.24
307.25		3020.24
307.375		3020.24
307.5		3020.24
307.625		3020.24
307.75		3020.24
307.875		3020.24
308		3020.24
308.125		3023.26
308.25		3023.26
308.375		3023.26
308.5		3023.26
308.625		3023.26
308.75		3023.26
308.875		3023.26
309		3023.26
309.125		3026.28
309.25		3026.28
309.375		3026.28
309.5		3026.28
309.625		3026.28
309.75		3026.28
309.875		3026.28
310		3026.28
310.125		3035.34
310.25		3035.34
310.375		3035.34
310.5		3035.34
310.625		3035.34
310.75		3035.34
310.875		3035.34
311		3035.34
311.125		3035.34
311.25		3035.34
311.375		3035.34
311.5		3035.34
311.625		3035.34
311.75		3035.34
311.875		3035.34
312		3035.34
312.125		3036.85
312.25		3036.85
312.375		3036.85
312.5		3036.85
312.625		3036.85
312.75		3036.85
312.875		3036.85
313		3036.85
313.125		3057.99
313.25		3057.99
313.375		3057.99
313.5		3057.99
313.625		3057.99
313.75		3057.99
313.875		3057.99
314		3057.99
314.125		3067.05
314.25		3067.05
314.375		3067.05
314.5		3067.05
314.625		3067.05
314.75		3067.05
314.875		3067.05
315		3067.05
315.125		3067.05
315.25		3067.05
315.375		3067.05
315.5		3067.05
315.625		3067.05
315.75		3067.05
315.875		3067.05
316		3067.05
316.125		3070.07
316.25		3070.07
316.375		3070.07
316.5		3070.07
316.625		3070.07
316.75		3070.07
316.875		3070.07
317		3070.07
317.125		3082.15
317.25		3082.15
317.375		3082.15
317.5		3082.15
317.625		3082.15
317.75		3082.15
317.875		3082.15
318		3082.15
318.125		3103.29
318.25		3103.29
318.375		3103.29
318.5		3103.29
318.625		3103.29
318.75		3103.29
318.875		3103.29
319		3103.29
319.125		3109.33
319.25		3109.33
319.375		3109.33
319.5		3109.33
319.625		3109.33
319.75		3109.33
319.875		3109.33
320		3109.33
320.125		3112.35
320.25		3112.35
320.375		3112.35
320.5		3112.35
320.625		3112.35
320.75		3112.35
320.875		3112.35
321		3112.35
321.125		3121.41
321.25		3121.41
321.375		3121.41
321.5		3121.41
321.625		3121.41
321.75		3121.41
321.875		3121.41
322		3121.41
322.125		3145.58
322.25		3145.58
322.375		3145.58
322.5		3145.58
322.625		3145.58
322.75		3145.58
322.875		3145.58
323		3145.58
323.125		3148.6
323.25		3148.6
323.375		3148.6
323.5		3148.6
323.625		3148.6
323.75		3148.6
323.875		3148.6
324		3148.6
324.125		3150.11
324.25		3150.11
324.375		3150.11
324.5		3150.11
324.625		3150.11
324.75		3150.11
324.875		3150.11
325		3150.11
325.125		3156.15
325.25		3156.15
325.375		3156.15
325.5		3156.15
325.625		3156.15
325.75		3156.15
325.875		3156.15
326		3156.15
326.125		3183.33
326.25		3183.33
326.375		3183.33
326.5		3183.33
326.625		3183.33
326.75		3183.33
326.875		3183.33
327		3183.33
327.125		3198.43
327.25		3198.43
327.375		3198.43
327.5		3198.43
327.625		3198.43
327.75		3198.43
327.875		3198.43
328		3198.43
328.125		3199.94
328.25		3199.94
328.375		3199.94
328.5		3199.94
328.625		3199.94
328.75		3199.94
328.875		3199.94
329		3199.94
329.125		3199.94
329.25		3199.94
329.375		3199.94
329.5		3199.94
329.625		3199.94
329.75		3199.94
329.875		3199.94
330		3199.94
330.125		3212.02
330.25		3212.02
330.375		3212.02
330.5		3212.02
330.625		3212.02
330.75		3212.02
330.875		3212.02
331		3212.02
331.125		3222.59
331.25		3222.59
331.375		3222.59
331.5		3222.59
331.625		3222.59
331.75		3222.59
331.875		3222.59
332		3222.59
332.125		3231.65
332.25		3231.65
332.375		3231.65
332.5		3231.65
332.625		3231.65
332.75		3231.65
332.875		3231.65
333		3231.65
333.125		3234.67
333.25		3234.67
333.375		3234.67
333.5		3234.67
333.625		3234.67
333.75		3234.67
333.875		3234.67
334		3234.67
334.125		3245.24
334.25		3245.24
334.375		3245.24
334.5		3245.24
334.625		3245.24
334.75		3245.24
334.875		3245.24
335		3245.24
335.125		3245.24
335.25		3245.24
335.375		3245.24
335.5		3245.24
335.625		3245.24
335.75		3245.24
335.875		3245.24
336		3245.24
336.125		3263.36
336.25		3263.36
336.375		3263.36
336.5		3263.36
336.625		3263.36
336.75		3263.36
336.875		3263.36
337		3263.36
337.125		3264.87
337.25		3264.87
337.375		3264.87
337.5		3264.87
337.625		3264.87
337.75		3264.87
337.875		3264.87
338		3264.87
338.125		3272.43
338.25		3272.43
338.375		3272.43
338.5		3272.43
338.625		3272.43
338.75		3272.43
338.875		3272.43
339		3272.43
339.125		3276.96
339.25		3276.96
339.375		3276.96
339.5		3276.96
339.625		3276.96
339.75		3276.96
339.875		3276.96
340		3276.96
340.125		3301.12
340.25		3301.12
340.375		3301.12
340.5		3301.12
340.625		3301.12
340.75		3301.12
340.875		3301.12
341		3301.12
341.125		3319.24
341.25		3319.24
341.375		3319.24
341.5		3319.24
341.625		3319.24
341.75		3319.24
341.875		3319.24
342		3319.24
342.125		3320.75
342.25		3320.75
342.375		3320.75
342.5		3320.75
342.625		3320.75
342.75		3320.75
342.875		3320.75
343		3320.75
343.125		3334.34
343.25		3334.34
343.375		3334.34
343.5		3334.34
343.625		3334.34
343.75		3334.34
343.875		3334.34
344		3334.34
344.125		3350.95
344.25		3350.95
344.375		3350.95
344.5		3350.95
344.625		3350.95
344.75		3350.95
344.875		3350.95
345		3350.95
345.125		3358.5
345.25		3358.5
345.375		3358.5
345.5		3358.5
345.625		3358.5
345.75		3358.5
345.875		3358.5
346		3358.5
346.125		3360.01
346.25		3360.01
346.375		3360.01
346.5		3360.01
346.625		3360.01
346.75		3360.01
346.875		3360.01
347		3360.01
347.125		3379.64
347.25		3379.64
347.375		3379.64
347.5		3379.64
347.625		3379.64
347.75		3379.64
347.875		3379.64
348		3379.64
348.125		3379.64
348.25		3379.64
348.375		3379.64
348.5		3379.64
348.625		3379.64
348.75		3379.64
348.875		3379.64
349		3379.64
349.125		3402.3
349.25		3402.3
349.375		3402.3
349.5		3402.3
349.625		3402.3
349.75		3402.3
349.875		3402.3
350		3402.3
350.125		3415.89
350.25		3415.89
350.375		3415.89
350.5		3415.89
350.625		3415.89
350.75		3415.89
350.875		3415.89
351		3415.89
351.125		3415.89
351.25		3415.89
351.375		3415.89
351.5		3415.89
351.625		3415.89
351.75		3415.89
351.875		3415.89
352		3415.89
352.125		3420.42
352.25		3420.42
352.375		3420.42
352.5		3420.42
352.625		3420.42
352.75		3420.42
352.875		3420.42
353		3420.42
353.125		3423.44
353.25		3423.44
353.375		3423.44
353.5		3423.44
353.625		3423.44
353.75		3423.44
353.875		3423.44
354		3423.44
354.125		3427.97
354.25		3427.97
354.375		3427.97
354.5		3427.97
354.625		3427.97
354.75		3427.97
354.875		3427.97
355		3427.97
355.125		3444.58
355.25		3444.58
355.375		3444.58
355.5		3444.58
355.625		3444.58
355.75		3444.58
355.875		3444.58
356		3444.58
356.125		3459.68
356.25		3459.68
356.375		3459.68
356.5		3459.68
356.625		3459.68
356.75		3459.68
356.875		3459.68
357		3459.68
357.125		3461.19
357.25		3461.19
357.375		3461.19
357.5		3461.19
357.625		3461.19
357.75		3461.19
357.875		3461.19
358		3461.19
358.125		3482.33
358.25		3482.33
358.375		3482.33
358.5		3482.33
358.625		3482.33
358.75		3482.33
358.875		3482.33
359		3482.33
359.125		3509.51
359.25		3509.51
359.375		3509.51
359.5		3509.51
359.625		3509.51
359.75		3509.51
359.875		3509.51
360		3509.51
360.125		3512.53
360.25		3512.53
360.375		3512.53
360.5		3512.53
360.625		3512.53
360.75		3512.53
360.875		3512.53
361		3512.53
361.125		3512.53
361.25		3512.53
361.375		3512.53
361.5		3512.53
361.625		3512.53
361.75		3512.53
361.875		3512.53
362		3512.53
362.125		3542.74
362.25		3542.74
362.375		3542.74
362.5		3542.74
362.625		3542.74
362.75		3542.74
362.875		3542.74
363		3542.74
363.125		3559.35
363.25		3559.35
363.375		3559.35
363.5		3559.35
363.625		3559.35
363.75		3559.35
363.875		3559.35
364		3559.35
364.125		3572.94
364.25		3572.94
364.375		3572.94
364.5		3572.94
364.625		3572.94
364.75		3572.94
364.875		3572.94
365		3572.94
365.125		3578.98
365.25		3578.98
365.375		3578.98
365.5		3578.98
365.625		3578.98
365.75		3578.98
365.875		3578.98
366		3578.98
366.125		3592.57
366.25		3592.57
366.375		3592.57
366.5		3592.57
366.625		3592.57
366.75		3592.57
366.875		3592.57
367		3592.57
367.125		3600.12
367.25		3600.12
367.375		3600.12
367.5		3600.12
367.625		3600.12
367.75		3600.12
367.875		3600.12
368		3600.12
368.125		3601.63
368.25		3601.63
368.375		3601.63
368.5		3601.63
368.625		3601.63
368.75		3601.63
368.875		3601.63
369		3601.63
369.125		3610.69
369.25		3610.69
369.375		3610.69
369.5		3610.69
369.625		3610.69
369.75		3610.69
369.875		3610.69
370		3610.69
370.125		3622.77
370.25		3622.77
370.375		3622.77
370.5		3622.77
370.625		3622.77
370.75		3622.77
370.875		3622.77
371		3622.77
371.125		3624.28
371.25		3624.28
371.375		3624.28
371.5		3624.28
371.625		3624.28
371.75		3624.28
371.875		3624.28
372		3624.28
372.125		3636.36
372.25		3636.36
372.375		3636.36
372.5		3636.36
372.625		3636.36
372.75		3636.36
372.875		3636.36
373		3636.36
373.125		3640.89
373.25		3640.89
373.375		3640.89
373.5		3640.89
373.625		3640.89
373.75		3640.89
373.875		3640.89
374		3640.89
374.125		3642.4
374.25		3642.4
374.375		3642.4
374.5		3642.4
374.625		3642.4
374.75		3642.4
374.875		3642.4
375		3642.4
375.125		3678.65
375.25		3678.65
375.375		3678.65
375.5		3678.65
375.625		3678.65
375.75		3678.65
375.875		3678.65
376		3678.65
376.125		3678.65
376.25		3678.65
376.375		3678.65
376.5		3678.65
376.625		3678.65
376.75		3678.65
376.875		3678.65
377		3678.65
377.125		3696.77
377.25		3696.77
377.375		3696.77
377.5		3696.77
377.625		3696.77
377.75		3696.77
377.875		3696.77
378		3696.77
378.125		3696.77
378.25		3696.77
378.375		3696.77
378.5		3696.77
378.625		3696.77
378.75		3696.77
378.875		3696.77
379		3696.77
379.125		3707.34
379.25		3707.34
379.375		3707.34
379.5		3707.34
379.625		3707.34
379.75		3707.34
379.875		3707.34
380		3707.34
380.125		3726.97
380.25		3726.97
380.375		3726.97
380.5		3726.97
380.625		3726.97
380.75		3726.97
380.875		3726.97
381		3726.97
381.125		3736.03
381.25		3736.03
381.375		3736.03
381.5		3736.03
381.625		3736.03
381.75		3736.03
381.875		3736.03
382		3736.03
382.125		3739.05
382.25		3739.05
382.375		3739.05
382.5		3739.05
382.625		3739.05
382.75		3739.05
382.875		3739.05
383		3739.05
383.125		3754.15
383.25		3754.15
383.375		3754.15
383.5		3754.15
383.625		3754.15
383.75		3754.15
383.875		3754.15
384		3754.15
384.125		3775.29
384.25		3775.29
384.375		3775.29
384.5		3775.29
384.625		3775.29
384.75		3775.29
384.875		3775.29
385		3775.29
385.125		3778.31
385.25		3778.31
385.375		3778.31
385.5		3778.31
385.625		3778.31
385.75		3778.31
385.875		3778.31
386		3778.31
386.125		3787.38
386.25		3787.38
386.375		3787.38
386.5		3787.38
386.625		3787.38
386.75		3787.38
386.875		3787.38
387		3787.38
387.125		3788.89
387.25		3788.89
387.375		3788.89
387.5		3788.89
387.625		3788.89
387.75		3788.89
387.875		3788.89
388		3788.89
388.125		3799.46
388.25		3799.46
388.375		3799.46
388.5		3799.46
388.625		3799.46
388.75		3799.46
388.875		3799.46
389		3799.46
389.125		3807.01
389.25		3807.01
389.375		3807.01
389.5		3807.01
389.625		3807.01
389.75		3807.01
389.875		3807.01
390		3807.01
390.125		3826.64
390.25		3826.64
390.375		3826.64
390.5		3826.64
390.625		3826.64
390.75		3826.64
390.875		3826.64
391		3826.64
391.125		3838.72
391.25		3838.72
391.375		3838.72
391.5		3838.72
391.625		3838.72
391.75		3838.72
391.875		3838.72
392		3838.72
392.125		3847.78
392.25		3847.78
392.375		3847.78
392.5		3847.78
392.625		3847.78
392.75		3847.78
392.875		3847.78
393		3847.78
393.125		3861.37
393.25		3861.37
393.375		3861.37
393.5		3861.37
393.625		3861.37
393.75		3861.37
393.875		3861.37
394		3861.37
394.125		3862.88
394.25		3862.88
394.375		3862.88
394.5		3862.88
394.625		3862.88
394.75		3862.88
394.875		3862.88
395		3862.88
395.125		3871.94
395.25		3871.94
395.375		3871.94
395.5		3871.94
395.625		3871.94
395.75		3871.94
395.875		3871.94
396		3871.94
396.125		3884.02
396.25		3884.02
396.375		3884.02
396.5		3884.02
396.625		3884.02
396.75		3884.02
396.875		3884.02
397		3884.02
397.125		3893.08
397.25		3893.08
397.375		3893.08
397.5		3893.08
397.625		3893.08
397.75		3893.08
397.875		3893.08
398		3893.08
398.125		3906.67
398.25		3906.67
398.375		3906.67
398.5		3906.67
398.625		3906.67
398.75		3906.67
398.875		3906.67
399		3906.67
399.125		3908.18
399.25		3908.18
399.375		3908.18
399.5		3908.18
399.625		3908.18
399.75		3908.18
399.875		3908.18
400		3908.18
400.125		3929.33
400.25		3929.33
400.375		3929.33
400.5		3929.33
400.625		3929.33
400.75		3929.33
400.875		3929.33
401		3929.33
401.125		3938.39
401.25		3938.39
401.375		3938.39
401.5		3938.39
401.625		3938.39
401.75		3938.39
401.875		3938.39
402		3938.39
402.125		3959.53
402.25		3959.53
402.375		3959.53
402.5		3959.53
402.625		3959.53
402.75		3959.53
402.875		3959.53
403		3959.53
403.125		3982.18
403.25		3982.18
403.375		3982.18
403.5		3982.18
403.625		3982.18
403.75		3982.18
403.875		3982.18
404		3982.18
404.125		3989.73
404.25		3989.73
404.375		3989.73
404.5		3989.73
404.625		3989.73
404.75		3989.73
404.875		3989.73
405		3989.73
405.125		3995.77
405.25		3995.77
405.375		3995.77
405.5		3995.77
405.625		3995.77
405.75		3995.77
405.875		3995.77
406		3995.77
406.125		4012.38
406.25		4012.38
406.375		4012.38
406.5		4012.38
406.625		4012.38
406.75		4012.38
406.875		4012.38
407		4012.38
407.125		4015.4
407.25		4015.4
407.375		4015.4
407.5		4015.4
407.625		4015.4
407.75		4015.4
407.875		4015.4
408		4015.4
408.125		4016.91
408.25		4016.91
408.375		4016.91
408.5		4016.91
408.625		4016.91
408.75		4016.91
408.875		4016.91
409		4016.91
409.125		4060.71
409.25		4060.71
409.375		4060.71
409.5		4060.71
409.625		4060.71
409.75		4060.71
409.875		4060.71
410		4060.71
410.125		4086.38
410.25		4086.38
410.375		4086.38
410.5		4086.38
410.625		4086.38
410.75		4086.38
410.875		4086.38
411		4086.38
411.125		4086.38
411.25		4086.38
411.375		4086.38
411.5		4086.38
411.625		4086.38
411.75		4086.38
411.875		4086.38
412		4086.38
412.125		4092.42
412.25		4092.42
412.375		4092.42
412.5		4092.42
412.625		4092.42
412.75		4092.42
412.875		4092.42
413		4092.42
413.125		4104.5
413.25		4104.5
413.375		4104.5
413.5		4104.5
413.625		4104.5
413.75		4104.5
413.875		4104.5
414		4104.5
414.125		4131.68
414.25		4131.68
414.375		4131.68
414.5		4131.68
414.625		4131.68
414.75		4131.68
414.875		4131.68
415		4131.68
415.125		4151.31
415.25		4151.31
415.375		4151.31
415.5		4151.31
415.625		4151.31
415.75		4151.31
415.875		4151.31
416		4151.31
416.125		4161.88
416.25		4161.88
416.375		4161.88
416.5		4161.88
416.625		4161.88
416.75		4161.88
416.875		4161.88
417		4161.88
417.125		4184.54
417.25		4184.54
417.375		4184.54
417.5		4184.54
417.625		4184.54
417.75		4184.54
417.875		4184.54
418		4184.54
418.125		4199.64
418.25		4199.64
418.375		4199.64
418.5		4199.64
418.625		4199.64
418.75		4199.64
418.875		4199.64
419		4199.64
419.125		4214.74
419.25		4214.74
419.375		4214.74
419.5		4214.74
419.625		4214.74
419.75		4214.74
419.875		4214.74
420		4214.74
420.125		4231.35
420.25		4231.35
420.375		4231.35
420.5		4231.35
420.625		4231.35
420.75		4231.35
420.875		4231.35
421		4231.35
421.125		4232.86
421.25		4232.86
421.375		4232.86
421.5		4232.86
421.625		4232.86
421.75		4232.86
421.875		4232.86
422		4232.86
422.125		4269.1
422.25		4269.1
422.375		4269.1
422.5		4269.1
422.625		4269.1
422.75		4269.1
422.875		4269.1
423		4269.1
423.125		4281.18
423.25		4281.18
423.375		4281.18
423.5		4281.18
423.625		4281.18
423.75		4281.18
423.875		4281.18
424		4281.18
424.125		4299.31
424.25		4299.31
424.375		4299.31
424.5		4299.31
424.625		4299.31
424.75		4299.31
424.875		4299.31
425		4299.31
425.125		4300.82
425.25		4300.82
425.375		4300.82
425.5		4300.82
425.625		4300.82
425.75		4300.82
425.875		4300.82
426		4300.82
426.125		4309.88
426.25		4309.88
426.375		4309.88
426.5		4309.88
426.625		4309.88
426.75		4309.88
426.875		4309.88
427		4309.88
427.125		4343.1
427.25		4343.1
427.375		4343.1
427.5		4343.1
427.625		4343.1
427.75		4343.1
427.875		4343.1
428		4343.1
428.125		4359.71
428.25		4359.71
428.375		4359.71
428.5		4359.71
428.625		4359.71
428.75		4359.71
428.875		4359.71
429		4359.71
429.125		4373.3
429.25		4373.3
429.375		4373.3
429.5		4373.3
429.625		4373.3
429.75		4373.3
429.875		4373.3
430		4373.3
430.125		4380.85
430.25		4380.85
430.375		4380.85
430.5		4380.85
430.625		4380.85
430.75		4380.85
430.875		4380.85
431		4380.85
431.125		4385.38
431.25		4385.38
431.375		4385.38
431.5		4385.38
431.625		4385.38
431.75		4385.38
431.875		4385.38
432		4385.38
432.125		4400.48
432.25		4400.48
432.375		4400.48
432.5		4400.48
432.625		4400.48
432.75		4400.48
432.875		4400.48
433		4400.48
433.125		4409.54
433.25		4409.54
433.375		4409.54
433.5		4409.54
433.625		4409.54
433.75		4409.54
433.875		4409.54
434		4409.54
434.125		4429.18
434.25		4429.18
434.375		4429.18
434.5		4429.18
434.625		4429.18
434.75		4429.18
434.875		4429.18
435		4429.18
435.125		4432.2
435.25		4432.2
435.375		4432.2
435.5		4432.2
435.625		4432.2
435.75		4432.2
435.875		4432.2
436		4432.2
436.125		4463.91
436.25		4463.91
436.375		4463.91
436.5		4463.91
436.625		4463.91
436.75		4463.91
436.875		4463.91
437		4463.91
437.125		4474.48
437.25		4474.48
437.375		4474.48
437.5		4474.48
437.625		4474.48
437.75		4474.48
437.875		4474.48
438		4474.48
438.125		4479.01
438.25		4479.01
438.375		4479.01
438.5		4479.01
438.625		4479.01
438.75		4479.01
438.875		4479.01
439		4479.01
439.125		4483.54
439.25		4483.54
439.375		4483.54
439.5		4483.54
439.625		4483.54
439.75		4483.54
439.875		4483.54
440		4483.54
440.125		4522.8
440.25		4522.8
440.375		4522.8
440.5		4522.8
440.625		4522.8
440.75		4522.8
440.875		4522.8
441		4522.8
441.125		4522.8
441.25		4522.8
441.375		4522.8
441.5		4522.8
441.625		4522.8
441.75		4522.8
441.875		4522.8
442		4522.8
442.125		4545.45
442.25		4545.45
442.375		4545.45
442.5		4545.45
442.625		4545.45
442.75		4545.45
442.875		4545.45
443		4545.45
443.125		4553.01
443.25		4553.01
443.375		4553.01
443.5		4553.01
443.625		4553.01
443.75		4553.01
443.875		4553.01
444		4553.01
444.125		4590.76
444.25		4590.76
444.375		4590.76
444.5		4590.76
444.625		4590.76
444.75		4590.76
444.875		4590.76
445		4590.76
445.125		4593.78
445.25		4593.78
445.375		4593.78
445.5		4593.78
445.625		4593.78
445.75		4593.78
445.875		4593.78
446		4593.78
446.125		4598.31
446.25		4598.31
446.375		4598.31
446.5		4598.31
446.625		4598.31
446.75		4598.31
446.875		4598.31
447		4598.31
447.125		4599.82
447.25		4599.82
447.375		4599.82
447.5		4599.82
447.625		4599.82
447.75		4599.82
447.875		4599.82
448		4599.82
448.125		4630.02
448.25		4630.02
448.375		4630.02
448.5		4630.02
448.625		4630.02
448.75		4630.02
448.875		4630.02
449		4630.02
449.125		4666.26
449.25		4666.26
449.375		4666.26
449.5		4666.26
449.625		4666.26
449.75		4666.26
449.875		4666.26
450		4666.26
450.125		4679.86
450.25		4679.86
450.375		4679.86
450.5		4679.86
450.625		4679.86
450.75		4679.86
450.875		4679.86
451		4679.86
451.125		4681.37
451.25		4681.37
451.375		4681.37
451.5		4681.37
451.625		4681.37
451.75		4681.37
451.875		4681.37
452		4681.37
452.125		4681.37
452.25		4681.37
452.375		4681.37
452.5		4681.37
452.625		4681.37
452.75		4681.37
452.875		4681.37
453		4681.37
453.125		4707.04
453.25		4707.04
453.375		4707.04
453.5		4707.04
453.625		4707.04
453.75		4707.04
453.875		4707.04
454		4707.04
454.125		4713.08
454.25		4713.08
454.375		4713.08
454.5		4713.08
454.625		4713.08
454.75		4713.08
454.875		4713.08
455		4713.08
455.125		4744.79
455.25		4744.79
455.375		4744.79
455.5		4744.79
455.625		4744.79
455.75		4744.79
455.875		4744.79
456		4744.79
456.125		4749.32
456.25		4749.32
456.375		4749.32
456.5		4749.32
456.625		4749.32
456.75		4749.32
456.875		4749.32
457		4749.32
457.125		4753.85
457.25		4753.85
457.375		4753.85
457.5		4753.85
457.625		4753.85
457.75		4753.85
457.875		4753.85
458		4753.85
458.125		4767.44
458.25		4767.44
458.375		4767.44
458.5		4767.44
458.625		4767.44
458.75		4767.44
458.875		4767.44
459		4767.44
459.125		4771.97
459.25		4771.97
459.375		4771.97
459.5		4771.97
459.625		4771.97
459.75		4771.97
459.875		4771.97
460		4771.97
460.125		4788.58
460.25		4788.58
460.375		4788.58
460.5		4788.58
460.625		4788.58
460.75		4788.58
460.875		4788.58
461		4788.58
461.125		4788.58
461.25		4788.58
461.375		4788.58
461.5		4788.58
461.625		4788.58
461.75		4788.58
461.875		4788.58
462		4788.58
462.125		4820.3
462.25		4820.3
462.375		4820.3
462.5		4820.3
462.625		4820.3
462.75		4820.3
462.875		4820.3
463		4820.3
463.125		4823.32
463.25		4823.32
463.375		4823.32
463.5		4823.32
463.625		4823.32
463.75		4823.32
463.875		4823.32
464		4823.32
464.125		4829.36
464.25		4829.36
464.375		4829.36
464.5		4829.36
464.625		4829.36
464.75		4829.36
464.875		4829.36
465		4829.36
465.125		4847.48
465.25		4847.48
465.375		4847.48
465.5		4847.48
465.625		4847.48
465.75		4847.48
465.875		4847.48
466		4847.48
466.125		4868.62
466.25		4868.62
466.375		4868.62
466.5		4868.62
466.625		4868.62
466.75		4868.62
466.875		4868.62
467		4868.62
467.125		4873.15
467.25		4873.15
467.375		4873.15
467.5		4873.15
467.625		4873.15
467.75		4873.15
467.875		4873.15
468		4873.15
468.125		4873.15
468.25		4873.15
468.375		4873.15
468.5		4873.15
468.625		4873.15
468.75		4873.15
468.875		4873.15
469		4873.15
469.125		4877.68
469.25		4877.68
469.375		4877.68
469.5		4877.68
469.625		4877.68
469.75		4877.68
469.875		4877.68
470		4877.68
470.125		4897.31
470.25		4897.31
470.375		4897.31
470.5		4897.31
470.625		4897.31
470.75		4897.31
470.875		4897.31
471		4897.31
471.125		4910.9
471.25		4910.9
471.375		4910.9
471.5		4910.9
471.625		4910.9
471.75		4910.9
471.875		4910.9
472		4910.9
472.125		4935.06
472.25		4935.06
472.375		4935.06
472.5		4935.06
472.625		4935.06
472.75		4935.06
472.875		4935.06
473		4935.06
473.125		4941.11
473.25		4941.11
473.375		4941.11
473.5		4941.11
473.625		4941.11
473.75		4941.11
473.875		4941.11
474		4941.11
474.125		4950.17
474.25		4950.17
474.375		4950.17
474.5		4950.17
474.625		4950.17
474.75		4950.17
474.875		4950.17
475		4950.17
475.125		4983.39
475.25		4983.39
475.375		4983.39
475.5		4983.39
475.625		4983.39
475.75		4983.39
475.875		4983.39
476		4983.39
476.125		4993.96
476.25		4993.96
476.375		4993.96
476.5		4993.96
476.625		4993.96
476.75		4993.96
476.875		4993.96
477		4993.96
477.125		0
477.25		0
477.375		0
477.5		0
477.625		0
477.75		0
477.875		0
478		0
478.125		0
478.25		0
478.375		0
478.5		0
478.625		0
478.75		0
478.875		0
479		0
479.125		0
479.25		0
479.375		0
479.5		0
479.625		0
479.75		0
479.875		0
480		0
480.125		0
480.25		0
480.375		0
480.5		0
480.625		0
480.75		0
480.875		0
481		0
481.125		0
481.25		0
481.375		0
481.5		0
481.625		0
481.75		0
481.875		0
482		0
482.125		0
482.25		0
482.375		0
482.5		0
482.625		0
482.75		0
482.875		0
483		0
483.125		0
483.25		0
483.375		0
483.5		0
483.625		0
483.75		0
483.875		0
484		0
484.125		0
484.25		0
484.375		0
484.5		0
484.625		0
484.75		0
484.875		0
485		0
485.125		0
485.25		0
485.375		0
485.5		0
485.625		0
485.75		0
485.875		0
486		0
486.125		0
486.25		0
486.375		0
486.5		0
486.625		0
486.75		0
486.875		0
487		0
487.125		0
487.25		0
487.375		0
487.5		0
487.625		0
487.75		0
487.875		0
488		0
488.125		0
488.25		0
488.375		0
488.5		0
488.625		0
488.75		0
488.875		0
489		0
489.125		0
489.25		0
489.375		0
489.5		0
489.625		0
489.75		0
489.875		0
490		0
490.125		0
490.25		0
490.375		0
490.5		0
490.625		0
490.75		0
490.875		0
491		0
491.125		0
491.25		0
491.375		0
491.5		0
491.625		0
491.75		0
491.875		0
492		0
492.125		0
492.25		0
492.375		0
492.5		0
492.625		0
492.75		0
492.875		0
493		0
493.125		0
493.25		0
493.375		0
493.5		0
493.625		0
493.75		0
493.875		0
494		0
494.125		0
494.25		0
494.375		0
494.5		0
494.625		0
494.75		0
494.875		0
495		0
495.125		0
495.25		0
495.375		0
495.5		0
495.625		0
495.75		0
495.875		0
496		0
496.125		0
496.25		0
496.375		0
496.5		0
496.625		0
496.75		0
496.875		0
497		0
497.125		0
497.25		0
497.375		0
497.5		0
497.625		0
497.75		0
497.875		0
498		0
498.125		0
498.25		0
498.375		0
498.5		0
498.625		0
498.75		0
498.875		0
499		0
499.125		0
499.25		0
499.375		0
499.5		0
499.625		0
499.75		0
499.875		0
500		0
