# Calibration file of tamex_id 0 @ channel 24
# fine_T bin		 Calibration value
0.125		0
0.25		0
0.375		0
0.5		0
0.625		0
0.75		0
0.875		0
1		0
1.125		0
1.25		0
1.375		0
1.5		0
1.625		0
1.75		0
1.875		0
2		0
2.125		0
2.25		0
2.375		0
2.5		0
2.625		0
2.75		0
2.875		0
3		0
3.125		0
3.25		0
3.375		0
3.5		0
3.625		0
3.75		0
3.875		0
4		0
4.125		0
4.25		0
4.375		0
4.5		0
4.625		0
4.75		0
4.875		0
5		0
5.125		0
5.25		0
5.375		0
5.5		0
5.625		0
5.75		0
5.875		0
6		0
6.125		0
6.25		0
6.375		0
6.5		0
6.625		0
6.75		0
6.875		0
7		0
7.125		0
7.25		0
7.375		0
7.5		0
7.625		0
7.75		0
7.875		0
8		0
8.125		0
8.25		0
8.375		0
8.5		0
8.625		0
8.75		0
8.875		0
9		0
9.125		0
9.25		0
9.375		0
9.5		0
9.625		0
9.75		0
9.875		0
10		0
10.125		0
10.25		0
10.375		0
10.5		0
10.625		0
10.75		0
10.875		0
11		0
11.125		0
11.25		0
11.375		0
11.5		0
11.625		0
11.75		0
11.875		0
12		0
12.125		0
12.25		0
12.375		0
12.5		0
12.625		0
12.75		0
12.875		0
13		0
13.125		0
13.25		0
13.375		0
13.5		0
13.625		0
13.75		0
13.875		0
14		0
14.125		0
14.25		0
14.375		0
14.5		0
14.625		0
14.75		0
14.875		0
15		0
15.125		0
15.25		0
15.375		0
15.5		0
15.625		0
15.75		0
15.875		0
16		0
16.125		0
16.25		0
16.375		0
16.5		0
16.625		0
16.75		0
16.875		0
17		0
17.125		0
17.25		0
17.375		0
17.5		0
17.625		0
17.75		0
17.875		0
18		0
18.125		0
18.25		0
18.375		0
18.5		0
18.625		0
18.75		0
18.875		0
19		0
19.125		500
19.25		500
19.375		500
19.5		500
19.625		500
19.75		500
19.875		500
20		500
20.125		500
20.25		500
20.375		500
20.5		500
20.625		500
20.75		500
20.875		500
21		500
21.125		500
21.25		500
21.375		500
21.5		500
21.625		500
21.75		500
21.875		500
22		500
22.125		500
22.25		500
22.375		500
22.5		500
22.625		500
22.75		500
22.875		500
23		500
23.125		500
23.25		500
23.375		500
23.5		500
23.625		500
23.75		500
23.875		500
24		500
24.125		500
24.25		500
24.375		500
24.5		500
24.625		500
24.75		500
24.875		500
25		500
25.125		500
25.25		500
25.375		500
25.5		500
25.625		500
25.75		500
25.875		500
26		500
26.125		500
26.25		500
26.375		500
26.5		500
26.625		500
26.75		500
26.875		500
27		500
27.125		500
27.25		500
27.375		500
27.5		500
27.625		500
27.75		500
27.875		500
28		500
28.125		500
28.25		500
28.375		500
28.5		500
28.625		500
28.75		500
28.875		500
29		500
29.125		500
29.25		500
29.375		500
29.5		500
29.625		500
29.75		500
29.875		500
30		500
30.125		500
30.25		500
30.375		500
30.5		500
30.625		500
30.75		500
30.875		500
31		500
31.125		500
31.25		500
31.375		500
31.5		500
31.625		500
31.75		500
31.875		500
32		500
32.125		500
32.25		500
32.375		500
32.5		500
32.625		500
32.75		500
32.875		500
33		500
33.125		500
33.25		500
33.375		500
33.5		500
33.625		500
33.75		500
33.875		500
34		500
34.125		500
34.25		500
34.375		500
34.5		500
34.625		500
34.75		500
34.875		500
35		500
35.125		500
35.25		500
35.375		500
35.5		500
35.625		500
35.75		500
35.875		500
36		500
36.125		500
36.25		500
36.375		500
36.5		500
36.625		500
36.75		500
36.875		500
37		500
37.125		500
37.25		500
37.375		500
37.5		500
37.625		500
37.75		500
37.875		500
38		500
38.125		500
38.25		500
38.375		500
38.5		500
38.625		500
38.75		500
38.875		500
39		500
39.125		500
39.25		500
39.375		500
39.5		500
39.625		500
39.75		500
39.875		500
40		500
40.125		500
40.25		500
40.375		500
40.5		500
40.625		500
40.75		500
40.875		500
41		500
41.125		500
41.25		500
41.375		500
41.5		500
41.625		500
41.75		500
41.875		500
42		500
42.125		500
42.25		500
42.375		500
42.5		500
42.625		500
42.75		500
42.875		500
43		500
43.125		500
43.25		500
43.375		500
43.5		500
43.625		500
43.75		500
43.875		500
44		500
44.125		500
44.25		500
44.375		500
44.5		500
44.625		500
44.75		500
44.875		500
45		500
45.125		500
45.25		500
45.375		500
45.5		500
45.625		500
45.75		500
45.875		500
46		500
46.125		500
46.25		500
46.375		500
46.5		500
46.625		500
46.75		500
46.875		500
47		500
47.125		500
47.25		500
47.375		500
47.5		500
47.625		500
47.75		500
47.875		500
48		500
48.125		500
48.25		500
48.375		500
48.5		500
48.625		500
48.75		500
48.875		500
49		500
49.125		500
49.25		500
49.375		500
49.5		500
49.625		500
49.75		500
49.875		500
50		500
50.125		500
50.25		500
50.375		500
50.5		500
50.625		500
50.75		500
50.875		500
51		500
51.125		500
51.25		500
51.375		500
51.5		500
51.625		500
51.75		500
51.875		500
52		500
52.125		500
52.25		500
52.375		500
52.5		500
52.625		500
52.75		500
52.875		500
53		500
53.125		500
53.25		500
53.375		500
53.5		500
53.625		500
53.75		500
53.875		500
54		500
54.125		500
54.25		500
54.375		500
54.5		500
54.625		500
54.75		500
54.875		500
55		500
55.125		500
55.25		500
55.375		500
55.5		500
55.625		500
55.75		500
55.875		500
56		500
56.125		500
56.25		500
56.375		500
56.5		500
56.625		500
56.75		500
56.875		500
57		500
57.125		500
57.25		500
57.375		500
57.5		500
57.625		500
57.75		500
57.875		500
58		500
58.125		500
58.25		500
58.375		500
58.5		500
58.625		500
58.75		500
58.875		500
59		500
59.125		500
59.25		500
59.375		500
59.5		500
59.625		500
59.75		500
59.875		500
60		500
60.125		500
60.25		500
60.375		500
60.5		500
60.625		500
60.75		500
60.875		500
61		500
61.125		500
61.25		500
61.375		500
61.5		500
61.625		500
61.75		500
61.875		500
62		500
62.125		500
62.25		500
62.375		500
62.5		500
62.625		500
62.75		500
62.875		500
63		500
63.125		500
63.25		500
63.375		500
63.5		500
63.625		500
63.75		500
63.875		500
64		500
64.125		500
64.25		500
64.375		500
64.5		500
64.625		500
64.75		500
64.875		500
65		500
65.125		500
65.25		500
65.375		500
65.5		500
65.625		500
65.75		500
65.875		500
66		500
66.125		500
66.25		500
66.375		500
66.5		500
66.625		500
66.75		500
66.875		500
67		500
67.125		500
67.25		500
67.375		500
67.5		500
67.625		500
67.75		500
67.875		500
68		500
68.125		500
68.25		500
68.375		500
68.5		500
68.625		500
68.75		500
68.875		500
69		500
69.125		500
69.25		500
69.375		500
69.5		500
69.625		500
69.75		500
69.875		500
70		500
70.125		500
70.25		500
70.375		500
70.5		500
70.625		500
70.75		500
70.875		500
71		500
71.125		500
71.25		500
71.375		500
71.5		500
71.625		500
71.75		500
71.875		500
72		500
72.125		500
72.25		500
72.375		500
72.5		500
72.625		500
72.75		500
72.875		500
73		500
73.125		500
73.25		500
73.375		500
73.5		500
73.625		500
73.75		500
73.875		500
74		500
74.125		500
74.25		500
74.375		500
74.5		500
74.625		500
74.75		500
74.875		500
75		500
75.125		500
75.25		500
75.375		500
75.5		500
75.625		500
75.75		500
75.875		500
76		500
76.125		500
76.25		500
76.375		500
76.5		500
76.625		500
76.75		500
76.875		500
77		500
77.125		500
77.25		500
77.375		500
77.5		500
77.625		500
77.75		500
77.875		500
78		500
78.125		500
78.25		500
78.375		500
78.5		500
78.625		500
78.75		500
78.875		500
79		500
79.125		500
79.25		500
79.375		500
79.5		500
79.625		500
79.75		500
79.875		500
80		500
80.125		500
80.25		500
80.375		500
80.5		500
80.625		500
80.75		500
80.875		500
81		500
81.125		500
81.25		500
81.375		500
81.5		500
81.625		500
81.75		500
81.875		500
82		500
82.125		500
82.25		500
82.375		500
82.5		500
82.625		500
82.75		500
82.875		500
83		500
83.125		500
83.25		500
83.375		500
83.5		500
83.625		500
83.75		500
83.875		500
84		500
84.125		500
84.25		500
84.375		500
84.5		500
84.625		500
84.75		500
84.875		500
85		500
85.125		500
85.25		500
85.375		500
85.5		500
85.625		500
85.75		500
85.875		500
86		500
86.125		500
86.25		500
86.375		500
86.5		500
86.625		500
86.75		500
86.875		500
87		500
87.125		500
87.25		500
87.375		500
87.5		500
87.625		500
87.75		500
87.875		500
88		500
88.125		500
88.25		500
88.375		500
88.5		500
88.625		500
88.75		500
88.875		500
89		500
89.125		500
89.25		500
89.375		500
89.5		500
89.625		500
89.75		500
89.875		500
90		500
90.125		500
90.25		500
90.375		500
90.5		500
90.625		500
90.75		500
90.875		500
91		500
91.125		500
91.25		500
91.375		500
91.5		500
91.625		500
91.75		500
91.875		500
92		500
92.125		500
92.25		500
92.375		500
92.5		500
92.625		500
92.75		500
92.875		500
93		500
93.125		500
93.25		500
93.375		500
93.5		500
93.625		500
93.75		500
93.875		500
94		500
94.125		500
94.25		500
94.375		500
94.5		500
94.625		500
94.75		500
94.875		500
95		500
95.125		500
95.25		500
95.375		500
95.5		500
95.625		500
95.75		500
95.875		500
96		500
96.125		500
96.25		500
96.375		500
96.5		500
96.625		500
96.75		500
96.875		500
97		500
97.125		500
97.25		500
97.375		500
97.5		500
97.625		500
97.75		500
97.875		500
98		500
98.125		500
98.25		500
98.375		500
98.5		500
98.625		500
98.75		500
98.875		500
99		500
99.125		500
99.25		500
99.375		500
99.5		500
99.625		500
99.75		500
99.875		500
100		500
100.125		500
100.25		500
100.375		500
100.5		500
100.625		500
100.75		500
100.875		500
101		500
101.125		500
101.25		500
101.375		500
101.5		500
101.625		500
101.75		500
101.875		500
102		500
102.125		500
102.25		500
102.375		500
102.5		500
102.625		500
102.75		500
102.875		500
103		500
103.125		500
103.25		500
103.375		500
103.5		500
103.625		500
103.75		500
103.875		500
104		500
104.125		500
104.25		500
104.375		500
104.5		500
104.625		500
104.75		500
104.875		500
105		500
105.125		500
105.25		500
105.375		500
105.5		500
105.625		500
105.75		500
105.875		500
106		500
106.125		500
106.25		500
106.375		500
106.5		500
106.625		500
106.75		500
106.875		500
107		500
107.125		500
107.25		500
107.375		500
107.5		500
107.625		500
107.75		500
107.875		500
108		500
108.125		500
108.25		500
108.375		500
108.5		500
108.625		500
108.75		500
108.875		500
109		500
109.125		500
109.25		500
109.375		500
109.5		500
109.625		500
109.75		500
109.875		500
110		500
110.125		500
110.25		500
110.375		500
110.5		500
110.625		500
110.75		500
110.875		500
111		500
111.125		500
111.25		500
111.375		500
111.5		500
111.625		500
111.75		500
111.875		500
112		500
112.125		500
112.25		500
112.375		500
112.5		500
112.625		500
112.75		500
112.875		500
113		500
113.125		500
113.25		500
113.375		500
113.5		500
113.625		500
113.75		500
113.875		500
114		500
114.125		500
114.25		500
114.375		500
114.5		500
114.625		500
114.75		500
114.875		500
115		500
115.125		500
115.25		500
115.375		500
115.5		500
115.625		500
115.75		500
115.875		500
116		500
116.125		500
116.25		500
116.375		500
116.5		500
116.625		500
116.75		500
116.875		500
117		500
117.125		500
117.25		500
117.375		500
117.5		500
117.625		500
117.75		500
117.875		500
118		500
118.125		500
118.25		500
118.375		500
118.5		500
118.625		500
118.75		500
118.875		500
119		500
119.125		500
119.25		500
119.375		500
119.5		500
119.625		500
119.75		500
119.875		500
120		500
120.125		500
120.25		500
120.375		500
120.5		500
120.625		500
120.75		500
120.875		500
121		500
121.125		500
121.25		500
121.375		500
121.5		500
121.625		500
121.75		500
121.875		500
122		500
122.125		500
122.25		500
122.375		500
122.5		500
122.625		500
122.75		500
122.875		500
123		500
123.125		1000
123.25		1000
123.375		1000
123.5		1000
123.625		1000
123.75		1000
123.875		1000
124		1000
124.125		1000
124.25		1000
124.375		1000
124.5		1000
124.625		1000
124.75		1000
124.875		1000
125		1000
125.125		1000
125.25		1000
125.375		1000
125.5		1000
125.625		1000
125.75		1000
125.875		1000
126		1000
126.125		1000
126.25		1000
126.375		1000
126.5		1000
126.625		1000
126.75		1000
126.875		1000
127		1000
127.125		1000
127.25		1000
127.375		1000
127.5		1000
127.625		1000
127.75		1000
127.875		1000
128		1000
128.125		1000
128.25		1000
128.375		1000
128.5		1000
128.625		1000
128.75		1000
128.875		1000
129		1000
129.125		1000
129.25		1000
129.375		1000
129.5		1000
129.625		1000
129.75		1000
129.875		1000
130		1000
130.125		1000
130.25		1000
130.375		1000
130.5		1000
130.625		1000
130.75		1000
130.875		1000
131		1000
131.125		1000
131.25		1000
131.375		1000
131.5		1000
131.625		1000
131.75		1000
131.875		1000
132		1000
132.125		1000
132.25		1000
132.375		1000
132.5		1000
132.625		1000
132.75		1000
132.875		1000
133		1000
133.125		1000
133.25		1000
133.375		1000
133.5		1000
133.625		1000
133.75		1000
133.875		1000
134		1000
134.125		1000
134.25		1000
134.375		1000
134.5		1000
134.625		1000
134.75		1000
134.875		1000
135		1000
135.125		1000
135.25		1000
135.375		1000
135.5		1000
135.625		1000
135.75		1000
135.875		1000
136		1000
136.125		1000
136.25		1000
136.375		1000
136.5		1000
136.625		1000
136.75		1000
136.875		1000
137		1000
137.125		1000
137.25		1000
137.375		1000
137.5		1000
137.625		1000
137.75		1000
137.875		1000
138		1000
138.125		1000
138.25		1000
138.375		1000
138.5		1000
138.625		1000
138.75		1000
138.875		1000
139		1000
139.125		1000
139.25		1000
139.375		1000
139.5		1000
139.625		1000
139.75		1000
139.875		1000
140		1000
140.125		1000
140.25		1000
140.375		1000
140.5		1000
140.625		1000
140.75		1000
140.875		1000
141		1000
141.125		1000
141.25		1000
141.375		1000
141.5		1000
141.625		1000
141.75		1000
141.875		1000
142		1000
142.125		1000
142.25		1000
142.375		1000
142.5		1000
142.625		1000
142.75		1000
142.875		1000
143		1000
143.125		1000
143.25		1000
143.375		1000
143.5		1000
143.625		1000
143.75		1000
143.875		1000
144		1000
144.125		1000
144.25		1000
144.375		1000
144.5		1000
144.625		1000
144.75		1000
144.875		1000
145		1000
145.125		1000
145.25		1000
145.375		1000
145.5		1000
145.625		1000
145.75		1000
145.875		1000
146		1000
146.125		1000
146.25		1000
146.375		1000
146.5		1000
146.625		1000
146.75		1000
146.875		1000
147		1000
147.125		1000
147.25		1000
147.375		1000
147.5		1000
147.625		1000
147.75		1000
147.875		1000
148		1000
148.125		1000
148.25		1000
148.375		1000
148.5		1000
148.625		1000
148.75		1000
148.875		1000
149		1000
149.125		1000
149.25		1000
149.375		1000
149.5		1000
149.625		1000
149.75		1000
149.875		1000
150		1000
150.125		1000
150.25		1000
150.375		1000
150.5		1000
150.625		1000
150.75		1000
150.875		1000
151		1000
151.125		1000
151.25		1000
151.375		1000
151.5		1000
151.625		1000
151.75		1000
151.875		1000
152		1000
152.125		1000
152.25		1000
152.375		1000
152.5		1000
152.625		1000
152.75		1000
152.875		1000
153		1000
153.125		1000
153.25		1000
153.375		1000
153.5		1000
153.625		1000
153.75		1000
153.875		1000
154		1000
154.125		1000
154.25		1000
154.375		1000
154.5		1000
154.625		1000
154.75		1000
154.875		1000
155		1000
155.125		1000
155.25		1000
155.375		1000
155.5		1000
155.625		1000
155.75		1000
155.875		1000
156		1000
156.125		1000
156.25		1000
156.375		1000
156.5		1000
156.625		1000
156.75		1000
156.875		1000
157		1000
157.125		1000
157.25		1000
157.375		1000
157.5		1000
157.625		1000
157.75		1000
157.875		1000
158		1000
158.125		1000
158.25		1000
158.375		1000
158.5		1000
158.625		1000
158.75		1000
158.875		1000
159		1000
159.125		1000
159.25		1000
159.375		1000
159.5		1000
159.625		1000
159.75		1000
159.875		1000
160		1000
160.125		1000
160.25		1000
160.375		1000
160.5		1000
160.625		1000
160.75		1000
160.875		1000
161		1000
161.125		1000
161.25		1000
161.375		1000
161.5		1000
161.625		1000
161.75		1000
161.875		1000
162		1000
162.125		1000
162.25		1000
162.375		1000
162.5		1000
162.625		1000
162.75		1000
162.875		1000
163		1000
163.125		1000
163.25		1000
163.375		1000
163.5		1000
163.625		1000
163.75		1000
163.875		1000
164		1000
164.125		1000
164.25		1000
164.375		1000
164.5		1000
164.625		1000
164.75		1000
164.875		1000
165		1000
165.125		1000
165.25		1000
165.375		1000
165.5		1000
165.625		1000
165.75		1000
165.875		1000
166		1000
166.125		1000
166.25		1000
166.375		1000
166.5		1000
166.625		1000
166.75		1000
166.875		1000
167		1000
167.125		1000
167.25		1000
167.375		1000
167.5		1000
167.625		1000
167.75		1000
167.875		1000
168		1000
168.125		1000
168.25		1000
168.375		1000
168.5		1000
168.625		1000
168.75		1000
168.875		1000
169		1000
169.125		1000
169.25		1000
169.375		1000
169.5		1000
169.625		1000
169.75		1000
169.875		1000
170		1000
170.125		1000
170.25		1000
170.375		1000
170.5		1000
170.625		1000
170.75		1000
170.875		1000
171		1000
171.125		1000
171.25		1000
171.375		1000
171.5		1000
171.625		1000
171.75		1000
171.875		1000
172		1000
172.125		1000
172.25		1000
172.375		1000
172.5		1000
172.625		1000
172.75		1000
172.875		1000
173		1000
173.125		1000
173.25		1000
173.375		1000
173.5		1000
173.625		1000
173.75		1000
173.875		1000
174		1000
174.125		1000
174.25		1000
174.375		1000
174.5		1000
174.625		1000
174.75		1000
174.875		1000
175		1000
175.125		1000
175.25		1000
175.375		1000
175.5		1000
175.625		1000
175.75		1000
175.875		1000
176		1000
176.125		1000
176.25		1000
176.375		1000
176.5		1000
176.625		1000
176.75		1000
176.875		1000
177		1000
177.125		1000
177.25		1000
177.375		1000
177.5		1000
177.625		1000
177.75		1000
177.875		1000
178		1000
178.125		1000
178.25		1000
178.375		1000
178.5		1000
178.625		1000
178.75		1000
178.875		1000
179		1000
179.125		1000
179.25		1000
179.375		1000
179.5		1000
179.625		1000
179.75		1000
179.875		1000
180		1000
180.125		1000
180.25		1000
180.375		1000
180.5		1000
180.625		1000
180.75		1000
180.875		1000
181		1000
181.125		1000
181.25		1000
181.375		1000
181.5		1000
181.625		1000
181.75		1000
181.875		1000
182		1000
182.125		1000
182.25		1000
182.375		1000
182.5		1000
182.625		1000
182.75		1000
182.875		1000
183		1000
183.125		1000
183.25		1000
183.375		1000
183.5		1000
183.625		1000
183.75		1000
183.875		1000
184		1000
184.125		1000
184.25		1000
184.375		1000
184.5		1000
184.625		1000
184.75		1000
184.875		1000
185		1000
185.125		1000
185.25		1000
185.375		1000
185.5		1000
185.625		1000
185.75		1000
185.875		1000
186		1000
186.125		1000
186.25		1000
186.375		1000
186.5		1000
186.625		1000
186.75		1000
186.875		1000
187		1000
187.125		1000
187.25		1000
187.375		1000
187.5		1000
187.625		1000
187.75		1000
187.875		1000
188		1000
188.125		1000
188.25		1000
188.375		1000
188.5		1000
188.625		1000
188.75		1000
188.875		1000
189		1000
189.125		1000
189.25		1000
189.375		1000
189.5		1000
189.625		1000
189.75		1000
189.875		1000
190		1000
190.125		1000
190.25		1000
190.375		1000
190.5		1000
190.625		1000
190.75		1000
190.875		1000
191		1000
191.125		1000
191.25		1000
191.375		1000
191.5		1000
191.625		1000
191.75		1000
191.875		1000
192		1000
192.125		1000
192.25		1000
192.375		1000
192.5		1000
192.625		1000
192.75		1000
192.875		1000
193		1000
193.125		1000
193.25		1000
193.375		1000
193.5		1000
193.625		1000
193.75		1000
193.875		1000
194		1000
194.125		1000
194.25		1000
194.375		1000
194.5		1000
194.625		1000
194.75		1000
194.875		1000
195		1000
195.125		1000
195.25		1000
195.375		1000
195.5		1000
195.625		1000
195.75		1000
195.875		1000
196		1000
196.125		1000
196.25		1000
196.375		1000
196.5		1000
196.625		1000
196.75		1000
196.875		1000
197		1000
197.125		1500
197.25		1500
197.375		1500
197.5		1500
197.625		1500
197.75		1500
197.875		1500
198		1500
198.125		1500
198.25		1500
198.375		1500
198.5		1500
198.625		1500
198.75		1500
198.875		1500
199		1500
199.125		1500
199.25		1500
199.375		1500
199.5		1500
199.625		1500
199.75		1500
199.875		1500
200		1500
200.125		1500
200.25		1500
200.375		1500
200.5		1500
200.625		1500
200.75		1500
200.875		1500
201		1500
201.125		1500
201.25		1500
201.375		1500
201.5		1500
201.625		1500
201.75		1500
201.875		1500
202		1500
202.125		1500
202.25		1500
202.375		1500
202.5		1500
202.625		1500
202.75		1500
202.875		1500
203		1500
203.125		1500
203.25		1500
203.375		1500
203.5		1500
203.625		1500
203.75		1500
203.875		1500
204		1500
204.125		1500
204.25		1500
204.375		1500
204.5		1500
204.625		1500
204.75		1500
204.875		1500
205		1500
205.125		1500
205.25		1500
205.375		1500
205.5		1500
205.625		1500
205.75		1500
205.875		1500
206		1500
206.125		1500
206.25		1500
206.375		1500
206.5		1500
206.625		1500
206.75		1500
206.875		1500
207		1500
207.125		1500
207.25		1500
207.375		1500
207.5		1500
207.625		1500
207.75		1500
207.875		1500
208		1500
208.125		1500
208.25		1500
208.375		1500
208.5		1500
208.625		1500
208.75		1500
208.875		1500
209		1500
209.125		1500
209.25		1500
209.375		1500
209.5		1500
209.625		1500
209.75		1500
209.875		1500
210		1500
210.125		1500
210.25		1500
210.375		1500
210.5		1500
210.625		1500
210.75		1500
210.875		1500
211		1500
211.125		1500
211.25		1500
211.375		1500
211.5		1500
211.625		1500
211.75		1500
211.875		1500
212		1500
212.125		1500
212.25		1500
212.375		1500
212.5		1500
212.625		1500
212.75		1500
212.875		1500
213		1500
213.125		1500
213.25		1500
213.375		1500
213.5		1500
213.625		1500
213.75		1500
213.875		1500
214		1500
214.125		1500
214.25		1500
214.375		1500
214.5		1500
214.625		1500
214.75		1500
214.875		1500
215		1500
215.125		1500
215.25		1500
215.375		1500
215.5		1500
215.625		1500
215.75		1500
215.875		1500
216		1500
216.125		1500
216.25		1500
216.375		1500
216.5		1500
216.625		1500
216.75		1500
216.875		1500
217		1500
217.125		1500
217.25		1500
217.375		1500
217.5		1500
217.625		1500
217.75		1500
217.875		1500
218		1500
218.125		2000
218.25		2000
218.375		2000
218.5		2000
218.625		2000
218.75		2000
218.875		2000
219		2000
219.125		2000
219.25		2000
219.375		2000
219.5		2000
219.625		2000
219.75		2000
219.875		2000
220		2000
220.125		2000
220.25		2000
220.375		2000
220.5		2000
220.625		2000
220.75		2000
220.875		2000
221		2000
221.125		2000
221.25		2000
221.375		2000
221.5		2000
221.625		2000
221.75		2000
221.875		2000
222		2000
222.125		2000
222.25		2000
222.375		2000
222.5		2000
222.625		2000
222.75		2000
222.875		2000
223		2000
223.125		2000
223.25		2000
223.375		2000
223.5		2000
223.625		2000
223.75		2000
223.875		2000
224		2000
224.125		2000
224.25		2000
224.375		2000
224.5		2000
224.625		2000
224.75		2000
224.875		2000
225		2000
225.125		2000
225.25		2000
225.375		2000
225.5		2000
225.625		2000
225.75		2000
225.875		2000
226		2000
226.125		2000
226.25		2000
226.375		2000
226.5		2000
226.625		2000
226.75		2000
226.875		2000
227		2000
227.125		2000
227.25		2000
227.375		2000
227.5		2000
227.625		2000
227.75		2000
227.875		2000
228		2000
228.125		2000
228.25		2000
228.375		2000
228.5		2000
228.625		2000
228.75		2000
228.875		2000
229		2000
229.125		2000
229.25		2000
229.375		2000
229.5		2000
229.625		2000
229.75		2000
229.875		2000
230		2000
230.125		2000
230.25		2000
230.375		2000
230.5		2000
230.625		2000
230.75		2000
230.875		2000
231		2000
231.125		2000
231.25		2000
231.375		2000
231.5		2000
231.625		2000
231.75		2000
231.875		2000
232		2000
232.125		2000
232.25		2000
232.375		2000
232.5		2000
232.625		2000
232.75		2000
232.875		2000
233		2000
233.125		2000
233.25		2000
233.375		2000
233.5		2000
233.625		2000
233.75		2000
233.875		2000
234		2000
234.125		2000
234.25		2000
234.375		2000
234.5		2000
234.625		2000
234.75		2000
234.875		2000
235		2000
235.125		2000
235.25		2000
235.375		2000
235.5		2000
235.625		2000
235.75		2000
235.875		2000
236		2000
236.125		2000
236.25		2000
236.375		2000
236.5		2000
236.625		2000
236.75		2000
236.875		2000
237		2000
237.125		2000
237.25		2000
237.375		2000
237.5		2000
237.625		2000
237.75		2000
237.875		2000
238		2000
238.125		2000
238.25		2000
238.375		2000
238.5		2000
238.625		2000
238.75		2000
238.875		2000
239		2000
239.125		2000
239.25		2000
239.375		2000
239.5		2000
239.625		2000
239.75		2000
239.875		2000
240		2000
240.125		2000
240.25		2000
240.375		2000
240.5		2000
240.625		2000
240.75		2000
240.875		2000
241		2000
241.125		2000
241.25		2000
241.375		2000
241.5		2000
241.625		2000
241.75		2000
241.875		2000
242		2000
242.125		2000
242.25		2000
242.375		2000
242.5		2000
242.625		2000
242.75		2000
242.875		2000
243		2000
243.125		2000
243.25		2000
243.375		2000
243.5		2000
243.625		2000
243.75		2000
243.875		2000
244		2000
244.125		2000
244.25		2000
244.375		2000
244.5		2000
244.625		2000
244.75		2000
244.875		2000
245		2000
245.125		2000
245.25		2000
245.375		2000
245.5		2000
245.625		2000
245.75		2000
245.875		2000
246		2000
246.125		2000
246.25		2000
246.375		2000
246.5		2000
246.625		2000
246.75		2000
246.875		2000
247		2000
247.125		2000
247.25		2000
247.375		2000
247.5		2000
247.625		2000
247.75		2000
247.875		2000
248		2000
248.125		2000
248.25		2000
248.375		2000
248.5		2000
248.625		2000
248.75		2000
248.875		2000
249		2000
249.125		2000
249.25		2000
249.375		2000
249.5		2000
249.625		2000
249.75		2000
249.875		2000
250		2000
250.125		2000
250.25		2000
250.375		2000
250.5		2000
250.625		2000
250.75		2000
250.875		2000
251		2000
251.125		2000
251.25		2000
251.375		2000
251.5		2000
251.625		2000
251.75		2000
251.875		2000
252		2000
252.125		2000
252.25		2000
252.375		2000
252.5		2000
252.625		2000
252.75		2000
252.875		2000
253		2000
253.125		2000
253.25		2000
253.375		2000
253.5		2000
253.625		2000
253.75		2000
253.875		2000
254		2000
254.125		2000
254.25		2000
254.375		2000
254.5		2000
254.625		2000
254.75		2000
254.875		2000
255		2000
255.125		2000
255.25		2000
255.375		2000
255.5		2000
255.625		2000
255.75		2000
255.875		2000
256		2000
256.125		2000
256.25		2000
256.375		2000
256.5		2000
256.625		2000
256.75		2000
256.875		2000
257		2000
257.125		2000
257.25		2000
257.375		2000
257.5		2000
257.625		2000
257.75		2000
257.875		2000
258		2000
258.125		2000
258.25		2000
258.375		2000
258.5		2000
258.625		2000
258.75		2000
258.875		2000
259		2000
259.125		2000
259.25		2000
259.375		2000
259.5		2000
259.625		2000
259.75		2000
259.875		2000
260		2000
260.125		2000
260.25		2000
260.375		2000
260.5		2000
260.625		2000
260.75		2000
260.875		2000
261		2000
261.125		2000
261.25		2000
261.375		2000
261.5		2000
261.625		2000
261.75		2000
261.875		2000
262		2000
262.125		2000
262.25		2000
262.375		2000
262.5		2000
262.625		2000
262.75		2000
262.875		2000
263		2000
263.125		2500
263.25		2500
263.375		2500
263.5		2500
263.625		2500
263.75		2500
263.875		2500
264		2500
264.125		2500
264.25		2500
264.375		2500
264.5		2500
264.625		2500
264.75		2500
264.875		2500
265		2500
265.125		2500
265.25		2500
265.375		2500
265.5		2500
265.625		2500
265.75		2500
265.875		2500
266		2500
266.125		2500
266.25		2500
266.375		2500
266.5		2500
266.625		2500
266.75		2500
266.875		2500
267		2500
267.125		3000
267.25		3000
267.375		3000
267.5		3000
267.625		3000
267.75		3000
267.875		3000
268		3000
268.125		3000
268.25		3000
268.375		3000
268.5		3000
268.625		3000
268.75		3000
268.875		3000
269		3000
269.125		3000
269.25		3000
269.375		3000
269.5		3000
269.625		3000
269.75		3000
269.875		3000
270		3000
270.125		3000
270.25		3000
270.375		3000
270.5		3000
270.625		3000
270.75		3000
270.875		3000
271		3000
271.125		3000
271.25		3000
271.375		3000
271.5		3000
271.625		3000
271.75		3000
271.875		3000
272		3000
272.125		3000
272.25		3000
272.375		3000
272.5		3000
272.625		3000
272.75		3000
272.875		3000
273		3000
273.125		3000
273.25		3000
273.375		3000
273.5		3000
273.625		3000
273.75		3000
273.875		3000
274		3000
274.125		3000
274.25		3000
274.375		3000
274.5		3000
274.625		3000
274.75		3000
274.875		3000
275		3000
275.125		3000
275.25		3000
275.375		3000
275.5		3000
275.625		3000
275.75		3000
275.875		3000
276		3000
276.125		3000
276.25		3000
276.375		3000
276.5		3000
276.625		3000
276.75		3000
276.875		3000
277		3000
277.125		3000
277.25		3000
277.375		3000
277.5		3000
277.625		3000
277.75		3000
277.875		3000
278		3000
278.125		3000
278.25		3000
278.375		3000
278.5		3000
278.625		3000
278.75		3000
278.875		3000
279		3000
279.125		3000
279.25		3000
279.375		3000
279.5		3000
279.625		3000
279.75		3000
279.875		3000
280		3000
280.125		3000
280.25		3000
280.375		3000
280.5		3000
280.625		3000
280.75		3000
280.875		3000
281		3000
281.125		3000
281.25		3000
281.375		3000
281.5		3000
281.625		3000
281.75		3000
281.875		3000
282		3000
282.125		3000
282.25		3000
282.375		3000
282.5		3000
282.625		3000
282.75		3000
282.875		3000
283		3000
283.125		3000
283.25		3000
283.375		3000
283.5		3000
283.625		3000
283.75		3000
283.875		3000
284		3000
284.125		3000
284.25		3000
284.375		3000
284.5		3000
284.625		3000
284.75		3000
284.875		3000
285		3000
285.125		3000
285.25		3000
285.375		3000
285.5		3000
285.625		3000
285.75		3000
285.875		3000
286		3000
286.125		3000
286.25		3000
286.375		3000
286.5		3000
286.625		3000
286.75		3000
286.875		3000
287		3000
287.125		3000
287.25		3000
287.375		3000
287.5		3000
287.625		3000
287.75		3000
287.875		3000
288		3000
288.125		3000
288.25		3000
288.375		3000
288.5		3000
288.625		3000
288.75		3000
288.875		3000
289		3000
289.125		3000
289.25		3000
289.375		3000
289.5		3000
289.625		3000
289.75		3000
289.875		3000
290		3000
290.125		3000
290.25		3000
290.375		3000
290.5		3000
290.625		3000
290.75		3000
290.875		3000
291		3000
291.125		3000
291.25		3000
291.375		3000
291.5		3000
291.625		3000
291.75		3000
291.875		3000
292		3000
292.125		3000
292.25		3000
292.375		3000
292.5		3000
292.625		3000
292.75		3000
292.875		3000
293		3000
293.125		3500
293.25		3500
293.375		3500
293.5		3500
293.625		3500
293.75		3500
293.875		3500
294		3500
294.125		3500
294.25		3500
294.375		3500
294.5		3500
294.625		3500
294.75		3500
294.875		3500
295		3500
295.125		3500
295.25		3500
295.375		3500
295.5		3500
295.625		3500
295.75		3500
295.875		3500
296		3500
296.125		3500
296.25		3500
296.375		3500
296.5		3500
296.625		3500
296.75		3500
296.875		3500
297		3500
297.125		3500
297.25		3500
297.375		3500
297.5		3500
297.625		3500
297.75		3500
297.875		3500
298		3500
298.125		3500
298.25		3500
298.375		3500
298.5		3500
298.625		3500
298.75		3500
298.875		3500
299		3500
299.125		3500
299.25		3500
299.375		3500
299.5		3500
299.625		3500
299.75		3500
299.875		3500
300		3500
300.125		3500
300.25		3500
300.375		3500
300.5		3500
300.625		3500
300.75		3500
300.875		3500
301		3500
301.125		3500
301.25		3500
301.375		3500
301.5		3500
301.625		3500
301.75		3500
301.875		3500
302		3500
302.125		3500
302.25		3500
302.375		3500
302.5		3500
302.625		3500
302.75		3500
302.875		3500
303		3500
303.125		3500
303.25		3500
303.375		3500
303.5		3500
303.625		3500
303.75		3500
303.875		3500
304		3500
304.125		3500
304.25		3500
304.375		3500
304.5		3500
304.625		3500
304.75		3500
304.875		3500
305		3500
305.125		3500
305.25		3500
305.375		3500
305.5		3500
305.625		3500
305.75		3500
305.875		3500
306		3500
306.125		3500
306.25		3500
306.375		3500
306.5		3500
306.625		3500
306.75		3500
306.875		3500
307		3500
307.125		3500
307.25		3500
307.375		3500
307.5		3500
307.625		3500
307.75		3500
307.875		3500
308		3500
308.125		3500
308.25		3500
308.375		3500
308.5		3500
308.625		3500
308.75		3500
308.875		3500
309		3500
309.125		3500
309.25		3500
309.375		3500
309.5		3500
309.625		3500
309.75		3500
309.875		3500
310		3500
310.125		3500
310.25		3500
310.375		3500
310.5		3500
310.625		3500
310.75		3500
310.875		3500
311		3500
311.125		3500
311.25		3500
311.375		3500
311.5		3500
311.625		3500
311.75		3500
311.875		3500
312		3500
312.125		3500
312.25		3500
312.375		3500
312.5		3500
312.625		3500
312.75		3500
312.875		3500
313		3500
313.125		3500
313.25		3500
313.375		3500
313.5		3500
313.625		3500
313.75		3500
313.875		3500
314		3500
314.125		3500
314.25		3500
314.375		3500
314.5		3500
314.625		3500
314.75		3500
314.875		3500
315		3500
315.125		3500
315.25		3500
315.375		3500
315.5		3500
315.625		3500
315.75		3500
315.875		3500
316		3500
316.125		3500
316.25		3500
316.375		3500
316.5		3500
316.625		3500
316.75		3500
316.875		3500
317		3500
317.125		3500
317.25		3500
317.375		3500
317.5		3500
317.625		3500
317.75		3500
317.875		3500
318		3500
318.125		3500
318.25		3500
318.375		3500
318.5		3500
318.625		3500
318.75		3500
318.875		3500
319		3500
319.125		3500
319.25		3500
319.375		3500
319.5		3500
319.625		3500
319.75		3500
319.875		3500
320		3500
320.125		3500
320.25		3500
320.375		3500
320.5		3500
320.625		3500
320.75		3500
320.875		3500
321		3500
321.125		4000
321.25		4000
321.375		4000
321.5		4000
321.625		4000
321.75		4000
321.875		4000
322		4000
322.125		4000
322.25		4000
322.375		4000
322.5		4000
322.625		4000
322.75		4000
322.875		4000
323		4000
323.125		4000
323.25		4000
323.375		4000
323.5		4000
323.625		4000
323.75		4000
323.875		4000
324		4000
324.125		4000
324.25		4000
324.375		4000
324.5		4000
324.625		4000
324.75		4000
324.875		4000
325		4000
325.125		4000
325.25		4000
325.375		4000
325.5		4000
325.625		4000
325.75		4000
325.875		4000
326		4000
326.125		4000
326.25		4000
326.375		4000
326.5		4000
326.625		4000
326.75		4000
326.875		4000
327		4000
327.125		4000
327.25		4000
327.375		4000
327.5		4000
327.625		4000
327.75		4000
327.875		4000
328		4000
328.125		4000
328.25		4000
328.375		4000
328.5		4000
328.625		4000
328.75		4000
328.875		4000
329		4000
329.125		4000
329.25		4000
329.375		4000
329.5		4000
329.625		4000
329.75		4000
329.875		4000
330		4000
330.125		4000
330.25		4000
330.375		4000
330.5		4000
330.625		4000
330.75		4000
330.875		4000
331		4000
331.125		4000
331.25		4000
331.375		4000
331.5		4000
331.625		4000
331.75		4000
331.875		4000
332		4000
332.125		4000
332.25		4000
332.375		4000
332.5		4000
332.625		4000
332.75		4000
332.875		4000
333		4000
333.125		4000
333.25		4000
333.375		4000
333.5		4000
333.625		4000
333.75		4000
333.875		4000
334		4000
334.125		4000
334.25		4000
334.375		4000
334.5		4000
334.625		4000
334.75		4000
334.875		4000
335		4000
335.125		4000
335.25		4000
335.375		4000
335.5		4000
335.625		4000
335.75		4000
335.875		4000
336		4000
336.125		4000
336.25		4000
336.375		4000
336.5		4000
336.625		4000
336.75		4000
336.875		4000
337		4000
337.125		4000
337.25		4000
337.375		4000
337.5		4000
337.625		4000
337.75		4000
337.875		4000
338		4000
338.125		4000
338.25		4000
338.375		4000
338.5		4000
338.625		4000
338.75		4000
338.875		4000
339		4000
339.125		4000
339.25		4000
339.375		4000
339.5		4000
339.625		4000
339.75		4000
339.875		4000
340		4000
340.125		4500
340.25		4500
340.375		4500
340.5		4500
340.625		4500
340.75		4500
340.875		4500
341		4500
341.125		4500
341.25		4500
341.375		4500
341.5		4500
341.625		4500
341.75		4500
341.875		4500
342		4500
342.125		4500
342.25		4500
342.375		4500
342.5		4500
342.625		4500
342.75		4500
342.875		4500
343		4500
343.125		4500
343.25		4500
343.375		4500
343.5		4500
343.625		4500
343.75		4500
343.875		4500
344		4500
344.125		4500
344.25		4500
344.375		4500
344.5		4500
344.625		4500
344.75		4500
344.875		4500
345		4500
345.125		4500
345.25		4500
345.375		4500
345.5		4500
345.625		4500
345.75		4500
345.875		4500
346		4500
346.125		4500
346.25		4500
346.375		4500
346.5		4500
346.625		4500
346.75		4500
346.875		4500
347		4500
347.125		4500
347.25		4500
347.375		4500
347.5		4500
347.625		4500
347.75		4500
347.875		4500
348		4500
348.125		4500
348.25		4500
348.375		4500
348.5		4500
348.625		4500
348.75		4500
348.875		4500
349		4500
349.125		4500
349.25		4500
349.375		4500
349.5		4500
349.625		4500
349.75		4500
349.875		4500
350		4500
350.125		4500
350.25		4500
350.375		4500
350.5		4500
350.625		4500
350.75		4500
350.875		4500
351		4500
351.125		4500
351.25		4500
351.375		4500
351.5		4500
351.625		4500
351.75		4500
351.875		4500
352		4500
352.125		4500
352.25		4500
352.375		4500
352.5		4500
352.625		4500
352.75		4500
352.875		4500
353		4500
353.125		4500
353.25		4500
353.375		4500
353.5		4500
353.625		4500
353.75		4500
353.875		4500
354		4500
354.125		4500
354.25		4500
354.375		4500
354.5		4500
354.625		4500
354.75		4500
354.875		4500
355		4500
355.125		4500
355.25		4500
355.375		4500
355.5		4500
355.625		4500
355.75		4500
355.875		4500
356		4500
356.125		4500
356.25		4500
356.375		4500
356.5		4500
356.625		4500
356.75		4500
356.875		4500
357		4500
357.125		4500
357.25		4500
357.375		4500
357.5		4500
357.625		4500
357.75		4500
357.875		4500
358		4500
358.125		4500
358.25		4500
358.375		4500
358.5		4500
358.625		4500
358.75		4500
358.875		4500
359		4500
359.125		4500
359.25		4500
359.375		4500
359.5		4500
359.625		4500
359.75		4500
359.875		4500
360		4500
360.125		4500
360.25		4500
360.375		4500
360.5		4500
360.625		4500
360.75		4500
360.875		4500
361		4500
361.125		4500
361.25		4500
361.375		4500
361.5		4500
361.625		4500
361.75		4500
361.875		4500
362		4500
362.125		4500
362.25		4500
362.375		4500
362.5		4500
362.625		4500
362.75		4500
362.875		4500
363		4500
363.125		4500
363.25		4500
363.375		4500
363.5		4500
363.625		4500
363.75		4500
363.875		4500
364		4500
364.125		4500
364.25		4500
364.375		4500
364.5		4500
364.625		4500
364.75		4500
364.875		4500
365		4500
365.125		4500
365.25		4500
365.375		4500
365.5		4500
365.625		4500
365.75		4500
365.875		4500
366		4500
366.125		4500
366.25		4500
366.375		4500
366.5		4500
366.625		4500
366.75		4500
366.875		4500
367		4500
367.125		4500
367.25		4500
367.375		4500
367.5		4500
367.625		4500
367.75		4500
367.875		4500
368		4500
368.125		4500
368.25		4500
368.375		4500
368.5		4500
368.625		4500
368.75		4500
368.875		4500
369		4500
369.125		4500
369.25		4500
369.375		4500
369.5		4500
369.625		4500
369.75		4500
369.875		4500
370		4500
370.125		4500
370.25		4500
370.375		4500
370.5		4500
370.625		4500
370.75		4500
370.875		4500
371		4500
371.125		4500
371.25		4500
371.375		4500
371.5		4500
371.625		4500
371.75		4500
371.875		4500
372		4500
372.125		4500
372.25		4500
372.375		4500
372.5		4500
372.625		4500
372.75		4500
372.875		4500
373		4500
373.125		4500
373.25		4500
373.375		4500
373.5		4500
373.625		4500
373.75		4500
373.875		4500
374		4500
374.125		4500
374.25		4500
374.375		4500
374.5		4500
374.625		4500
374.75		4500
374.875		4500
375		4500
375.125		4500
375.25		4500
375.375		4500
375.5		4500
375.625		4500
375.75		4500
375.875		4500
376		4500
376.125		4500
376.25		4500
376.375		4500
376.5		4500
376.625		4500
376.75		4500
376.875		4500
377		4500
377.125		4500
377.25		4500
377.375		4500
377.5		4500
377.625		4500
377.75		4500
377.875		4500
378		4500
378.125		4500
378.25		4500
378.375		4500
378.5		4500
378.625		4500
378.75		4500
378.875		4500
379		4500
379.125		4500
379.25		4500
379.375		4500
379.5		4500
379.625		4500
379.75		4500
379.875		4500
380		4500
380.125		4500
380.25		4500
380.375		4500
380.5		4500
380.625		4500
380.75		4500
380.875		4500
381		4500
381.125		4500
381.25		4500
381.375		4500
381.5		4500
381.625		4500
381.75		4500
381.875		4500
382		4500
382.125		4500
382.25		4500
382.375		4500
382.5		4500
382.625		4500
382.75		4500
382.875		4500
383		4500
383.125		4500
383.25		4500
383.375		4500
383.5		4500
383.625		4500
383.75		4500
383.875		4500
384		4500
384.125		4500
384.25		4500
384.375		4500
384.5		4500
384.625		4500
384.75		4500
384.875		4500
385		4500
385.125		4500
385.25		4500
385.375		4500
385.5		4500
385.625		4500
385.75		4500
385.875		4500
386		4500
386.125		4500
386.25		4500
386.375		4500
386.5		4500
386.625		4500
386.75		4500
386.875		4500
387		4500
387.125		4500
387.25		4500
387.375		4500
387.5		4500
387.625		4500
387.75		4500
387.875		4500
388		4500
388.125		4500
388.25		4500
388.375		4500
388.5		4500
388.625		4500
388.75		4500
388.875		4500
389		4500
389.125		4500
389.25		4500
389.375		4500
389.5		4500
389.625		4500
389.75		4500
389.875		4500
390		4500
390.125		4500
390.25		4500
390.375		4500
390.5		4500
390.625		4500
390.75		4500
390.875		4500
391		4500
391.125		4500
391.25		4500
391.375		4500
391.5		4500
391.625		4500
391.75		4500
391.875		4500
392		4500
392.125		4500
392.25		4500
392.375		4500
392.5		4500
392.625		4500
392.75		4500
392.875		4500
393		4500
393.125		4500
393.25		4500
393.375		4500
393.5		4500
393.625		4500
393.75		4500
393.875		4500
394		4500
394.125		4500
394.25		4500
394.375		4500
394.5		4500
394.625		4500
394.75		4500
394.875		4500
395		4500
395.125		4500
395.25		4500
395.375		4500
395.5		4500
395.625		4500
395.75		4500
395.875		4500
396		4500
396.125		4500
396.25		4500
396.375		4500
396.5		4500
396.625		4500
396.75		4500
396.875		4500
397		4500
397.125		4500
397.25		4500
397.375		4500
397.5		4500
397.625		4500
397.75		4500
397.875		4500
398		4500
398.125		4500
398.25		4500
398.375		4500
398.5		4500
398.625		4500
398.75		4500
398.875		4500
399		4500
399.125		4500
399.25		4500
399.375		4500
399.5		4500
399.625		4500
399.75		4500
399.875		4500
400		4500
400.125		4500
400.25		4500
400.375		4500
400.5		4500
400.625		4500
400.75		4500
400.875		4500
401		4500
401.125		4500
401.25		4500
401.375		4500
401.5		4500
401.625		4500
401.75		4500
401.875		4500
402		4500
402.125		4500
402.25		4500
402.375		4500
402.5		4500
402.625		4500
402.75		4500
402.875		4500
403		4500
403.125		4500
403.25		4500
403.375		4500
403.5		4500
403.625		4500
403.75		4500
403.875		4500
404		4500
404.125		4500
404.25		4500
404.375		4500
404.5		4500
404.625		4500
404.75		4500
404.875		4500
405		4500
405.125		4500
405.25		4500
405.375		4500
405.5		4500
405.625		4500
405.75		4500
405.875		4500
406		4500
406.125		4500
406.25		4500
406.375		4500
406.5		4500
406.625		4500
406.75		4500
406.875		4500
407		4500
407.125		0
407.25		0
407.375		0
407.5		0
407.625		0
407.75		0
407.875		0
408		0
408.125		0
408.25		0
408.375		0
408.5		0
408.625		0
408.75		0
408.875		0
409		0
409.125		0
409.25		0
409.375		0
409.5		0
409.625		0
409.75		0
409.875		0
410		0
410.125		0
410.25		0
410.375		0
410.5		0
410.625		0
410.75		0
410.875		0
411		0
411.125		0
411.25		0
411.375		0
411.5		0
411.625		0
411.75		0
411.875		0
412		0
412.125		0
412.25		0
412.375		0
412.5		0
412.625		0
412.75		0
412.875		0
413		0
413.125		0
413.25		0
413.375		0
413.5		0
413.625		0
413.75		0
413.875		0
414		0
414.125		0
414.25		0
414.375		0
414.5		0
414.625		0
414.75		0
414.875		0
415		0
415.125		0
415.25		0
415.375		0
415.5		0
415.625		0
415.75		0
415.875		0
416		0
416.125		0
416.25		0
416.375		0
416.5		0
416.625		0
416.75		0
416.875		0
417		0
417.125		0
417.25		0
417.375		0
417.5		0
417.625		0
417.75		0
417.875		0
418		0
418.125		0
418.25		0
418.375		0
418.5		0
418.625		0
418.75		0
418.875		0
419		0
419.125		0
419.25		0
419.375		0
419.5		0
419.625		0
419.75		0
419.875		0
420		0
420.125		0
420.25		0
420.375		0
420.5		0
420.625		0
420.75		0
420.875		0
421		0
421.125		0
421.25		0
421.375		0
421.5		0
421.625		0
421.75		0
421.875		0
422		0
422.125		0
422.25		0
422.375		0
422.5		0
422.625		0
422.75		0
422.875		0
423		0
423.125		0
423.25		0
423.375		0
423.5		0
423.625		0
423.75		0
423.875		0
424		0
424.125		0
424.25		0
424.375		0
424.5		0
424.625		0
424.75		0
424.875		0
425		0
425.125		0
425.25		0
425.375		0
425.5		0
425.625		0
425.75		0
425.875		0
426		0
426.125		0
426.25		0
426.375		0
426.5		0
426.625		0
426.75		0
426.875		0
427		0
427.125		0
427.25		0
427.375		0
427.5		0
427.625		0
427.75		0
427.875		0
428		0
428.125		0
428.25		0
428.375		0
428.5		0
428.625		0
428.75		0
428.875		0
429		0
429.125		0
429.25		0
429.375		0
429.5		0
429.625		0
429.75		0
429.875		0
430		0
430.125		0
430.25		0
430.375		0
430.5		0
430.625		0
430.75		0
430.875		0
431		0
431.125		0
431.25		0
431.375		0
431.5		0
431.625		0
431.75		0
431.875		0
432		0
432.125		0
432.25		0
432.375		0
432.5		0
432.625		0
432.75		0
432.875		0
433		0
433.125		0
433.25		0
433.375		0
433.5		0
433.625		0
433.75		0
433.875		0
434		0
434.125		0
434.25		0
434.375		0
434.5		0
434.625		0
434.75		0
434.875		0
435		0
435.125		0
435.25		0
435.375		0
435.5		0
435.625		0
435.75		0
435.875		0
436		0
436.125		0
436.25		0
436.375		0
436.5		0
436.625		0
436.75		0
436.875		0
437		0
437.125		0
437.25		0
437.375		0
437.5		0
437.625		0
437.75		0
437.875		0
438		0
438.125		0
438.25		0
438.375		0
438.5		0
438.625		0
438.75		0
438.875		0
439		0
439.125		0
439.25		0
439.375		0
439.5		0
439.625		0
439.75		0
439.875		0
440		0
440.125		0
440.25		0
440.375		0
440.5		0
440.625		0
440.75		0
440.875		0
441		0
441.125		0
441.25		0
441.375		0
441.5		0
441.625		0
441.75		0
441.875		0
442		0
442.125		0
442.25		0
442.375		0
442.5		0
442.625		0
442.75		0
442.875		0
443		0
443.125		0
443.25		0
443.375		0
443.5		0
443.625		0
443.75		0
443.875		0
444		0
444.125		0
444.25		0
444.375		0
444.5		0
444.625		0
444.75		0
444.875		0
445		0
445.125		0
445.25		0
445.375		0
445.5		0
445.625		0
445.75		0
445.875		0
446		0
446.125		0
446.25		0
446.375		0
446.5		0
446.625		0
446.75		0
446.875		0
447		0
447.125		0
447.25		0
447.375		0
447.5		0
447.625		0
447.75		0
447.875		0
448		0
448.125		0
448.25		0
448.375		0
448.5		0
448.625		0
448.75		0
448.875		0
449		0
449.125		0
449.25		0
449.375		0
449.5		0
449.625		0
449.75		0
449.875		0
450		0
450.125		0
450.25		0
450.375		0
450.5		0
450.625		0
450.75		0
450.875		0
451		0
451.125		0
451.25		0
451.375		0
451.5		0
451.625		0
451.75		0
451.875		0
452		0
452.125		0
452.25		0
452.375		0
452.5		0
452.625		0
452.75		0
452.875		0
453		0
453.125		0
453.25		0
453.375		0
453.5		0
453.625		0
453.75		0
453.875		0
454		0
454.125		0
454.25		0
454.375		0
454.5		0
454.625		0
454.75		0
454.875		0
455		0
455.125		0
455.25		0
455.375		0
455.5		0
455.625		0
455.75		0
455.875		0
456		0
456.125		0
456.25		0
456.375		0
456.5		0
456.625		0
456.75		0
456.875		0
457		0
457.125		0
457.25		0
457.375		0
457.5		0
457.625		0
457.75		0
457.875		0
458		0
458.125		0
458.25		0
458.375		0
458.5		0
458.625		0
458.75		0
458.875		0
459		0
459.125		0
459.25		0
459.375		0
459.5		0
459.625		0
459.75		0
459.875		0
460		0
460.125		0
460.25		0
460.375		0
460.5		0
460.625		0
460.75		0
460.875		0
461		0
461.125		0
461.25		0
461.375		0
461.5		0
461.625		0
461.75		0
461.875		0
462		0
462.125		0
462.25		0
462.375		0
462.5		0
462.625		0
462.75		0
462.875		0
463		0
463.125		0
463.25		0
463.375		0
463.5		0
463.625		0
463.75		0
463.875		0
464		0
464.125		0
464.25		0
464.375		0
464.5		0
464.625		0
464.75		0
464.875		0
465		0
465.125		0
465.25		0
465.375		0
465.5		0
465.625		0
465.75		0
465.875		0
466		0
466.125		0
466.25		0
466.375		0
466.5		0
466.625		0
466.75		0
466.875		0
467		0
467.125		0
467.25		0
467.375		0
467.5		0
467.625		0
467.75		0
467.875		0
468		0
468.125		0
468.25		0
468.375		0
468.5		0
468.625		0
468.75		0
468.875		0
469		0
469.125		0
469.25		0
469.375		0
469.5		0
469.625		0
469.75		0
469.875		0
470		0
470.125		0
470.25		0
470.375		0
470.5		0
470.625		0
470.75		0
470.875		0
471		0
471.125		0
471.25		0
471.375		0
471.5		0
471.625		0
471.75		0
471.875		0
472		0
472.125		0
472.25		0
472.375		0
472.5		0
472.625		0
472.75		0
472.875		0
473		0
473.125		0
473.25		0
473.375		0
473.5		0
473.625		0
473.75		0
473.875		0
474		0
474.125		0
474.25		0
474.375		0
474.5		0
474.625		0
474.75		0
474.875		0
475		0
475.125		0
475.25		0
475.375		0
475.5		0
475.625		0
475.75		0
475.875		0
476		0
476.125		0
476.25		0
476.375		0
476.5		0
476.625		0
476.75		0
476.875		0
477		0
477.125		0
477.25		0
477.375		0
477.5		0
477.625		0
477.75		0
477.875		0
478		0
478.125		0
478.25		0
478.375		0
478.5		0
478.625		0
478.75		0
478.875		0
479		0
479.125		0
479.25		0
479.375		0
479.5		0
479.625		0
479.75		0
479.875		0
480		0
480.125		0
480.25		0
480.375		0
480.5		0
480.625		0
480.75		0
480.875		0
481		0
481.125		0
481.25		0
481.375		0
481.5		0
481.625		0
481.75		0
481.875		0
482		0
482.125		0
482.25		0
482.375		0
482.5		0
482.625		0
482.75		0
482.875		0
483		0
483.125		0
483.25		0
483.375		0
483.5		0
483.625		0
483.75		0
483.875		0
484		0
484.125		0
484.25		0
484.375		0
484.5		0
484.625		0
484.75		0
484.875		0
485		0
485.125		0
485.25		0
485.375		0
485.5		0
485.625		0
485.75		0
485.875		0
486		0
486.125		0
486.25		0
486.375		0
486.5		0
486.625		0
486.75		0
486.875		0
487		0
487.125		0
487.25		0
487.375		0
487.5		0
487.625		0
487.75		0
487.875		0
488		0
488.125		0
488.25		0
488.375		0
488.5		0
488.625		0
488.75		0
488.875		0
489		0
489.125		0
489.25		0
489.375		0
489.5		0
489.625		0
489.75		0
489.875		0
490		0
490.125		0
490.25		0
490.375		0
490.5		0
490.625		0
490.75		0
490.875		0
491		0
491.125		0
491.25		0
491.375		0
491.5		0
491.625		0
491.75		0
491.875		0
492		0
492.125		0
492.25		0
492.375		0
492.5		0
492.625		0
492.75		0
492.875		0
493		0
493.125		0
493.25		0
493.375		0
493.5		0
493.625		0
493.75		0
493.875		0
494		0
494.125		0
494.25		0
494.375		0
494.5		0
494.625		0
494.75		0
494.875		0
495		0
495.125		0
495.25		0
495.375		0
495.5		0
495.625		0
495.75		0
495.875		0
496		0
496.125		0
496.25		0
496.375		0
496.5		0
496.625		0
496.75		0
496.875		0
497		0
497.125		0
497.25		0
497.375		0
497.5		0
497.625		0
497.75		0
497.875		0
498		0
498.125		0
498.25		0
498.375		0
498.5		0
498.625		0
498.75		0
498.875		0
499		0
499.125		0
499.25		0
499.375		0
499.5		0
499.625		0
499.75		0
499.875		0
500		0
