# Calibration file of tamex_id 0 @ channel 12
# fine_T bin		 Calibration value
0.125		0
0.25		0
0.375		0
0.5		0
0.625		0
0.75		0
0.875		0
1		0
1.125		0
1.25		0
1.375		0
1.5		0
1.625		0
1.75		0
1.875		0
2		0
2.125		0
2.25		0
2.375		0
2.5		0
2.625		0
2.75		0
2.875		0
3		0
3.125		0
3.25		0
3.375		0
3.5		0
3.625		0
3.75		0
3.875		0
4		0
4.125		0
4.25		0
4.375		0
4.5		0
4.625		0
4.75		0
4.875		0
5		0
5.125		0
5.25		0
5.375		0
5.5		0
5.625		0
5.75		0
5.875		0
6		0
6.125		0
6.25		0
6.375		0
6.5		0
6.625		0
6.75		0
6.875		0
7		0
7.125		0
7.25		0
7.375		0
7.5		0
7.625		0
7.75		0
7.875		0
8		0
8.125		0
8.25		0
8.375		0
8.5		0
8.625		0
8.75		0
8.875		0
9		0
9.125		0
9.25		0
9.375		0
9.5		0
9.625		0
9.75		0
9.875		0
10		0
10.125		0
10.25		0
10.375		0
10.5		0
10.625		0
10.75		0
10.875		0
11		0
11.125		0
11.25		0
11.375		0
11.5		0
11.625		0
11.75		0
11.875		0
12		0
12.125		0
12.25		0
12.375		0
12.5		0
12.625		0
12.75		0
12.875		0
13		0
13.125		0
13.25		0
13.375		0
13.5		0
13.625		0
13.75		0
13.875		0
14		0
14.125		0
14.25		0
14.375		0
14.5		0
14.625		0
14.75		0
14.875		0
15		0
15.125		0
15.25		0
15.375		0
15.5		0
15.625		0
15.75		0
15.875		0
16		0
16.125		0
16.25		0
16.375		0
16.5		0
16.625		0
16.75		0
16.875		0
17		0
17.125		0
17.25		0
17.375		0
17.5		0
17.625		0
17.75		0
17.875		0
18		0
18.125		0
18.25		0
18.375		0
18.5		0
18.625		0
18.75		0
18.875		0
19		0
19.125		0
19.25		0
19.375		0
19.5		0
19.625		0
19.75		0
19.875		0
20		0
20.125		0
20.25		0
20.375		0
20.5		0
20.625		0
20.75		0
20.875		0
21		0
21.125		0
21.25		0
21.375		0
21.5		0
21.625		0
21.75		0
21.875		0
22		0
22.125		0
22.25		0
22.375		0
22.5		0
22.625		0
22.75		0
22.875		0
23		0
23.125		0
23.25		0
23.375		0
23.5		0
23.625		0
23.75		0
23.875		0
24		0
24.125		0
24.25		0
24.375		0
24.5		0
24.625		0
24.75		0
24.875		0
25		0
25.125		0
25.25		0
25.375		0
25.5		0
25.625		0
25.75		0
25.875		0
26		0
26.125		0
26.25		0
26.375		0
26.5		0
26.625		0
26.75		0
26.875		0
27		0
27.125		0
27.25		0
27.375		0
27.5		0
27.625		0
27.75		0
27.875		0
28		0
28.125		0
28.25		0
28.375		0
28.5		0
28.625		0
28.75		0
28.875		0
29		0
29.125		0
29.25		0
29.375		0
29.5		0
29.625		0
29.75		0
29.875		0
30		0
30.125		0
30.25		0
30.375		0
30.5		0
30.625		0
30.75		0
30.875		0
31		0
31.125		0
31.25		0
31.375		0
31.5		0
31.625		0
31.75		0
31.875		0
32		0
32.125		0
32.25		0
32.375		0
32.5		0
32.625		0
32.75		0
32.875		0
33		0
33.125		312.5
33.25		312.5
33.375		312.5
33.5		312.5
33.625		312.5
33.75		312.5
33.875		312.5
34		312.5
34.125		312.5
34.25		312.5
34.375		312.5
34.5		312.5
34.625		312.5
34.75		312.5
34.875		312.5
35		312.5
35.125		312.5
35.25		312.5
35.375		312.5
35.5		312.5
35.625		312.5
35.75		312.5
35.875		312.5
36		312.5
36.125		312.5
36.25		312.5
36.375		312.5
36.5		312.5
36.625		312.5
36.75		312.5
36.875		312.5
37		312.5
37.125		312.5
37.25		312.5
37.375		312.5
37.5		312.5
37.625		312.5
37.75		312.5
37.875		312.5
38		312.5
38.125		312.5
38.25		312.5
38.375		312.5
38.5		312.5
38.625		312.5
38.75		312.5
38.875		312.5
39		312.5
39.125		312.5
39.25		312.5
39.375		312.5
39.5		312.5
39.625		312.5
39.75		312.5
39.875		312.5
40		312.5
40.125		312.5
40.25		312.5
40.375		312.5
40.5		312.5
40.625		312.5
40.75		312.5
40.875		312.5
41		312.5
41.125		312.5
41.25		312.5
41.375		312.5
41.5		312.5
41.625		312.5
41.75		312.5
41.875		312.5
42		312.5
42.125		312.5
42.25		312.5
42.375		312.5
42.5		312.5
42.625		312.5
42.75		312.5
42.875		312.5
43		312.5
43.125		312.5
43.25		312.5
43.375		312.5
43.5		312.5
43.625		312.5
43.75		312.5
43.875		312.5
44		312.5
44.125		312.5
44.25		312.5
44.375		312.5
44.5		312.5
44.625		312.5
44.75		312.5
44.875		312.5
45		312.5
45.125		312.5
45.25		312.5
45.375		312.5
45.5		312.5
45.625		312.5
45.75		312.5
45.875		312.5
46		312.5
46.125		312.5
46.25		312.5
46.375		312.5
46.5		312.5
46.625		312.5
46.75		312.5
46.875		312.5
47		312.5
47.125		312.5
47.25		312.5
47.375		312.5
47.5		312.5
47.625		312.5
47.75		312.5
47.875		312.5
48		312.5
48.125		312.5
48.25		312.5
48.375		312.5
48.5		312.5
48.625		312.5
48.75		312.5
48.875		312.5
49		312.5
49.125		312.5
49.25		312.5
49.375		312.5
49.5		312.5
49.625		312.5
49.75		312.5
49.875		312.5
50		312.5
50.125		312.5
50.25		312.5
50.375		312.5
50.5		312.5
50.625		312.5
50.75		312.5
50.875		312.5
51		312.5
51.125		312.5
51.25		312.5
51.375		312.5
51.5		312.5
51.625		312.5
51.75		312.5
51.875		312.5
52		312.5
52.125		312.5
52.25		312.5
52.375		312.5
52.5		312.5
52.625		312.5
52.75		312.5
52.875		312.5
53		312.5
53.125		312.5
53.25		312.5
53.375		312.5
53.5		312.5
53.625		312.5
53.75		312.5
53.875		312.5
54		312.5
54.125		312.5
54.25		312.5
54.375		312.5
54.5		312.5
54.625		312.5
54.75		312.5
54.875		312.5
55		312.5
55.125		312.5
55.25		312.5
55.375		312.5
55.5		312.5
55.625		312.5
55.75		312.5
55.875		312.5
56		312.5
56.125		312.5
56.25		312.5
56.375		312.5
56.5		312.5
56.625		312.5
56.75		312.5
56.875		312.5
57		312.5
57.125		312.5
57.25		312.5
57.375		312.5
57.5		312.5
57.625		312.5
57.75		312.5
57.875		312.5
58		312.5
58.125		312.5
58.25		312.5
58.375		312.5
58.5		312.5
58.625		312.5
58.75		312.5
58.875		312.5
59		312.5
59.125		312.5
59.25		312.5
59.375		312.5
59.5		312.5
59.625		312.5
59.75		312.5
59.875		312.5
60		312.5
60.125		312.5
60.25		312.5
60.375		312.5
60.5		312.5
60.625		312.5
60.75		312.5
60.875		312.5
61		312.5
61.125		312.5
61.25		312.5
61.375		312.5
61.5		312.5
61.625		312.5
61.75		312.5
61.875		312.5
62		312.5
62.125		312.5
62.25		312.5
62.375		312.5
62.5		312.5
62.625		312.5
62.75		312.5
62.875		312.5
63		312.5
63.125		312.5
63.25		312.5
63.375		312.5
63.5		312.5
63.625		312.5
63.75		312.5
63.875		312.5
64		312.5
64.125		312.5
64.25		312.5
64.375		312.5
64.5		312.5
64.625		312.5
64.75		312.5
64.875		312.5
65		312.5
65.125		625
65.25		625
65.375		625
65.5		625
65.625		625
65.75		625
65.875		625
66		625
66.125		625
66.25		625
66.375		625
66.5		625
66.625		625
66.75		625
66.875		625
67		625
67.125		625
67.25		625
67.375		625
67.5		625
67.625		625
67.75		625
67.875		625
68		625
68.125		625
68.25		625
68.375		625
68.5		625
68.625		625
68.75		625
68.875		625
69		625
69.125		625
69.25		625
69.375		625
69.5		625
69.625		625
69.75		625
69.875		625
70		625
70.125		625
70.25		625
70.375		625
70.5		625
70.625		625
70.75		625
70.875		625
71		625
71.125		625
71.25		625
71.375		625
71.5		625
71.625		625
71.75		625
71.875		625
72		625
72.125		625
72.25		625
72.375		625
72.5		625
72.625		625
72.75		625
72.875		625
73		625
73.125		625
73.25		625
73.375		625
73.5		625
73.625		625
73.75		625
73.875		625
74		625
74.125		625
74.25		625
74.375		625
74.5		625
74.625		625
74.75		625
74.875		625
75		625
75.125		625
75.25		625
75.375		625
75.5		625
75.625		625
75.75		625
75.875		625
76		625
76.125		625
76.25		625
76.375		625
76.5		625
76.625		625
76.75		625
76.875		625
77		625
77.125		625
77.25		625
77.375		625
77.5		625
77.625		625
77.75		625
77.875		625
78		625
78.125		625
78.25		625
78.375		625
78.5		625
78.625		625
78.75		625
78.875		625
79		625
79.125		625
79.25		625
79.375		625
79.5		625
79.625		625
79.75		625
79.875		625
80		625
80.125		625
80.25		625
80.375		625
80.5		625
80.625		625
80.75		625
80.875		625
81		625
81.125		625
81.25		625
81.375		625
81.5		625
81.625		625
81.75		625
81.875		625
82		625
82.125		625
82.25		625
82.375		625
82.5		625
82.625		625
82.75		625
82.875		625
83		625
83.125		625
83.25		625
83.375		625
83.5		625
83.625		625
83.75		625
83.875		625
84		625
84.125		625
84.25		625
84.375		625
84.5		625
84.625		625
84.75		625
84.875		625
85		625
85.125		625
85.25		625
85.375		625
85.5		625
85.625		625
85.75		625
85.875		625
86		625
86.125		625
86.25		625
86.375		625
86.5		625
86.625		625
86.75		625
86.875		625
87		625
87.125		625
87.25		625
87.375		625
87.5		625
87.625		625
87.75		625
87.875		625
88		625
88.125		625
88.25		625
88.375		625
88.5		625
88.625		625
88.75		625
88.875		625
89		625
89.125		625
89.25		625
89.375		625
89.5		625
89.625		625
89.75		625
89.875		625
90		625
90.125		625
90.25		625
90.375		625
90.5		625
90.625		625
90.75		625
90.875		625
91		625
91.125		625
91.25		625
91.375		625
91.5		625
91.625		625
91.75		625
91.875		625
92		625
92.125		625
92.25		625
92.375		625
92.5		625
92.625		625
92.75		625
92.875		625
93		625
93.125		625
93.25		625
93.375		625
93.5		625
93.625		625
93.75		625
93.875		625
94		625
94.125		625
94.25		625
94.375		625
94.5		625
94.625		625
94.75		625
94.875		625
95		625
95.125		625
95.25		625
95.375		625
95.5		625
95.625		625
95.75		625
95.875		625
96		625
96.125		625
96.25		625
96.375		625
96.5		625
96.625		625
96.75		625
96.875		625
97		625
97.125		625
97.25		625
97.375		625
97.5		625
97.625		625
97.75		625
97.875		625
98		625
98.125		625
98.25		625
98.375		625
98.5		625
98.625		625
98.75		625
98.875		625
99		625
99.125		625
99.25		625
99.375		625
99.5		625
99.625		625
99.75		625
99.875		625
100		625
100.125		625
100.25		625
100.375		625
100.5		625
100.625		625
100.75		625
100.875		625
101		625
101.125		937.5
101.25		937.5
101.375		937.5
101.5		937.5
101.625		937.5
101.75		937.5
101.875		937.5
102		937.5
102.125		937.5
102.25		937.5
102.375		937.5
102.5		937.5
102.625		937.5
102.75		937.5
102.875		937.5
103		937.5
103.125		937.5
103.25		937.5
103.375		937.5
103.5		937.5
103.625		937.5
103.75		937.5
103.875		937.5
104		937.5
104.125		937.5
104.25		937.5
104.375		937.5
104.5		937.5
104.625		937.5
104.75		937.5
104.875		937.5
105		937.5
105.125		937.5
105.25		937.5
105.375		937.5
105.5		937.5
105.625		937.5
105.75		937.5
105.875		937.5
106		937.5
106.125		937.5
106.25		937.5
106.375		937.5
106.5		937.5
106.625		937.5
106.75		937.5
106.875		937.5
107		937.5
107.125		937.5
107.25		937.5
107.375		937.5
107.5		937.5
107.625		937.5
107.75		937.5
107.875		937.5
108		937.5
108.125		937.5
108.25		937.5
108.375		937.5
108.5		937.5
108.625		937.5
108.75		937.5
108.875		937.5
109		937.5
109.125		937.5
109.25		937.5
109.375		937.5
109.5		937.5
109.625		937.5
109.75		937.5
109.875		937.5
110		937.5
110.125		937.5
110.25		937.5
110.375		937.5
110.5		937.5
110.625		937.5
110.75		937.5
110.875		937.5
111		937.5
111.125		937.5
111.25		937.5
111.375		937.5
111.5		937.5
111.625		937.5
111.75		937.5
111.875		937.5
112		937.5
112.125		937.5
112.25		937.5
112.375		937.5
112.5		937.5
112.625		937.5
112.75		937.5
112.875		937.5
113		937.5
113.125		937.5
113.25		937.5
113.375		937.5
113.5		937.5
113.625		937.5
113.75		937.5
113.875		937.5
114		937.5
114.125		937.5
114.25		937.5
114.375		937.5
114.5		937.5
114.625		937.5
114.75		937.5
114.875		937.5
115		937.5
115.125		937.5
115.25		937.5
115.375		937.5
115.5		937.5
115.625		937.5
115.75		937.5
115.875		937.5
116		937.5
116.125		937.5
116.25		937.5
116.375		937.5
116.5		937.5
116.625		937.5
116.75		937.5
116.875		937.5
117		937.5
117.125		937.5
117.25		937.5
117.375		937.5
117.5		937.5
117.625		937.5
117.75		937.5
117.875		937.5
118		937.5
118.125		937.5
118.25		937.5
118.375		937.5
118.5		937.5
118.625		937.5
118.75		937.5
118.875		937.5
119		937.5
119.125		937.5
119.25		937.5
119.375		937.5
119.5		937.5
119.625		937.5
119.75		937.5
119.875		937.5
120		937.5
120.125		937.5
120.25		937.5
120.375		937.5
120.5		937.5
120.625		937.5
120.75		937.5
120.875		937.5
121		937.5
121.125		937.5
121.25		937.5
121.375		937.5
121.5		937.5
121.625		937.5
121.75		937.5
121.875		937.5
122		937.5
122.125		937.5
122.25		937.5
122.375		937.5
122.5		937.5
122.625		937.5
122.75		937.5
122.875		937.5
123		937.5
123.125		937.5
123.25		937.5
123.375		937.5
123.5		937.5
123.625		937.5
123.75		937.5
123.875		937.5
124		937.5
124.125		937.5
124.25		937.5
124.375		937.5
124.5		937.5
124.625		937.5
124.75		937.5
124.875		937.5
125		937.5
125.125		937.5
125.25		937.5
125.375		937.5
125.5		937.5
125.625		937.5
125.75		937.5
125.875		937.5
126		937.5
126.125		937.5
126.25		937.5
126.375		937.5
126.5		937.5
126.625		937.5
126.75		937.5
126.875		937.5
127		937.5
127.125		937.5
127.25		937.5
127.375		937.5
127.5		937.5
127.625		937.5
127.75		937.5
127.875		937.5
128		937.5
128.125		937.5
128.25		937.5
128.375		937.5
128.5		937.5
128.625		937.5
128.75		937.5
128.875		937.5
129		937.5
129.125		937.5
129.25		937.5
129.375		937.5
129.5		937.5
129.625		937.5
129.75		937.5
129.875		937.5
130		937.5
130.125		937.5
130.25		937.5
130.375		937.5
130.5		937.5
130.625		937.5
130.75		937.5
130.875		937.5
131		937.5
131.125		937.5
131.25		937.5
131.375		937.5
131.5		937.5
131.625		937.5
131.75		937.5
131.875		937.5
132		937.5
132.125		937.5
132.25		937.5
132.375		937.5
132.5		937.5
132.625		937.5
132.75		937.5
132.875		937.5
133		937.5
133.125		937.5
133.25		937.5
133.375		937.5
133.5		937.5
133.625		937.5
133.75		937.5
133.875		937.5
134		937.5
134.125		937.5
134.25		937.5
134.375		937.5
134.5		937.5
134.625		937.5
134.75		937.5
134.875		937.5
135		937.5
135.125		937.5
135.25		937.5
135.375		937.5
135.5		937.5
135.625		937.5
135.75		937.5
135.875		937.5
136		937.5
136.125		937.5
136.25		937.5
136.375		937.5
136.5		937.5
136.625		937.5
136.75		937.5
136.875		937.5
137		937.5
137.125		937.5
137.25		937.5
137.375		937.5
137.5		937.5
137.625		937.5
137.75		937.5
137.875		937.5
138		937.5
138.125		937.5
138.25		937.5
138.375		937.5
138.5		937.5
138.625		937.5
138.75		937.5
138.875		937.5
139		937.5
139.125		937.5
139.25		937.5
139.375		937.5
139.5		937.5
139.625		937.5
139.75		937.5
139.875		937.5
140		937.5
140.125		937.5
140.25		937.5
140.375		937.5
140.5		937.5
140.625		937.5
140.75		937.5
140.875		937.5
141		937.5
141.125		937.5
141.25		937.5
141.375		937.5
141.5		937.5
141.625		937.5
141.75		937.5
141.875		937.5
142		937.5
142.125		937.5
142.25		937.5
142.375		937.5
142.5		937.5
142.625		937.5
142.75		937.5
142.875		937.5
143		937.5
143.125		937.5
143.25		937.5
143.375		937.5
143.5		937.5
143.625		937.5
143.75		937.5
143.875		937.5
144		937.5
144.125		937.5
144.25		937.5
144.375		937.5
144.5		937.5
144.625		937.5
144.75		937.5
144.875		937.5
145		937.5
145.125		937.5
145.25		937.5
145.375		937.5
145.5		937.5
145.625		937.5
145.75		937.5
145.875		937.5
146		937.5
146.125		937.5
146.25		937.5
146.375		937.5
146.5		937.5
146.625		937.5
146.75		937.5
146.875		937.5
147		937.5
147.125		937.5
147.25		937.5
147.375		937.5
147.5		937.5
147.625		937.5
147.75		937.5
147.875		937.5
148		937.5
148.125		937.5
148.25		937.5
148.375		937.5
148.5		937.5
148.625		937.5
148.75		937.5
148.875		937.5
149		937.5
149.125		937.5
149.25		937.5
149.375		937.5
149.5		937.5
149.625		937.5
149.75		937.5
149.875		937.5
150		937.5
150.125		937.5
150.25		937.5
150.375		937.5
150.5		937.5
150.625		937.5
150.75		937.5
150.875		937.5
151		937.5
151.125		937.5
151.25		937.5
151.375		937.5
151.5		937.5
151.625		937.5
151.75		937.5
151.875		937.5
152		937.5
152.125		1250
152.25		1250
152.375		1250
152.5		1250
152.625		1250
152.75		1250
152.875		1250
153		1250
153.125		1250
153.25		1250
153.375		1250
153.5		1250
153.625		1250
153.75		1250
153.875		1250
154		1250
154.125		1250
154.25		1250
154.375		1250
154.5		1250
154.625		1250
154.75		1250
154.875		1250
155		1250
155.125		1250
155.25		1250
155.375		1250
155.5		1250
155.625		1250
155.75		1250
155.875		1250
156		1250
156.125		1250
156.25		1250
156.375		1250
156.5		1250
156.625		1250
156.75		1250
156.875		1250
157		1250
157.125		1250
157.25		1250
157.375		1250
157.5		1250
157.625		1250
157.75		1250
157.875		1250
158		1250
158.125		1250
158.25		1250
158.375		1250
158.5		1250
158.625		1250
158.75		1250
158.875		1250
159		1250
159.125		1250
159.25		1250
159.375		1250
159.5		1250
159.625		1250
159.75		1250
159.875		1250
160		1250
160.125		1250
160.25		1250
160.375		1250
160.5		1250
160.625		1250
160.75		1250
160.875		1250
161		1250
161.125		1250
161.25		1250
161.375		1250
161.5		1250
161.625		1250
161.75		1250
161.875		1250
162		1250
162.125		1250
162.25		1250
162.375		1250
162.5		1250
162.625		1250
162.75		1250
162.875		1250
163		1250
163.125		1250
163.25		1250
163.375		1250
163.5		1250
163.625		1250
163.75		1250
163.875		1250
164		1250
164.125		1250
164.25		1250
164.375		1250
164.5		1250
164.625		1250
164.75		1250
164.875		1250
165		1250
165.125		1250
165.25		1250
165.375		1250
165.5		1250
165.625		1250
165.75		1250
165.875		1250
166		1250
166.125		1250
166.25		1250
166.375		1250
166.5		1250
166.625		1250
166.75		1250
166.875		1250
167		1250
167.125		1250
167.25		1250
167.375		1250
167.5		1250
167.625		1250
167.75		1250
167.875		1250
168		1250
168.125		1250
168.25		1250
168.375		1250
168.5		1250
168.625		1250
168.75		1250
168.875		1250
169		1250
169.125		1250
169.25		1250
169.375		1250
169.5		1250
169.625		1250
169.75		1250
169.875		1250
170		1250
170.125		1250
170.25		1250
170.375		1250
170.5		1250
170.625		1250
170.75		1250
170.875		1250
171		1250
171.125		1250
171.25		1250
171.375		1250
171.5		1250
171.625		1250
171.75		1250
171.875		1250
172		1250
172.125		1250
172.25		1250
172.375		1250
172.5		1250
172.625		1250
172.75		1250
172.875		1250
173		1250
173.125		1250
173.25		1250
173.375		1250
173.5		1250
173.625		1250
173.75		1250
173.875		1250
174		1250
174.125		1250
174.25		1250
174.375		1250
174.5		1250
174.625		1250
174.75		1250
174.875		1250
175		1250
175.125		1250
175.25		1250
175.375		1250
175.5		1250
175.625		1250
175.75		1250
175.875		1250
176		1250
176.125		1250
176.25		1250
176.375		1250
176.5		1250
176.625		1250
176.75		1250
176.875		1250
177		1250
177.125		1250
177.25		1250
177.375		1250
177.5		1250
177.625		1250
177.75		1250
177.875		1250
178		1250
178.125		1250
178.25		1250
178.375		1250
178.5		1250
178.625		1250
178.75		1250
178.875		1250
179		1250
179.125		1250
179.25		1250
179.375		1250
179.5		1250
179.625		1250
179.75		1250
179.875		1250
180		1250
180.125		1250
180.25		1250
180.375		1250
180.5		1250
180.625		1250
180.75		1250
180.875		1250
181		1250
181.125		1250
181.25		1250
181.375		1250
181.5		1250
181.625		1250
181.75		1250
181.875		1250
182		1250
182.125		1250
182.25		1250
182.375		1250
182.5		1250
182.625		1250
182.75		1250
182.875		1250
183		1250
183.125		1250
183.25		1250
183.375		1250
183.5		1250
183.625		1250
183.75		1250
183.875		1250
184		1250
184.125		1250
184.25		1250
184.375		1250
184.5		1250
184.625		1250
184.75		1250
184.875		1250
185		1250
185.125		1250
185.25		1250
185.375		1250
185.5		1250
185.625		1250
185.75		1250
185.875		1250
186		1250
186.125		1250
186.25		1250
186.375		1250
186.5		1250
186.625		1250
186.75		1250
186.875		1250
187		1250
187.125		1562.5
187.25		1562.5
187.375		1562.5
187.5		1562.5
187.625		1562.5
187.75		1562.5
187.875		1562.5
188		1562.5
188.125		1562.5
188.25		1562.5
188.375		1562.5
188.5		1562.5
188.625		1562.5
188.75		1562.5
188.875		1562.5
189		1562.5
189.125		1562.5
189.25		1562.5
189.375		1562.5
189.5		1562.5
189.625		1562.5
189.75		1562.5
189.875		1562.5
190		1562.5
190.125		1562.5
190.25		1562.5
190.375		1562.5
190.5		1562.5
190.625		1562.5
190.75		1562.5
190.875		1562.5
191		1562.5
191.125		1562.5
191.25		1562.5
191.375		1562.5
191.5		1562.5
191.625		1562.5
191.75		1562.5
191.875		1562.5
192		1562.5
192.125		1562.5
192.25		1562.5
192.375		1562.5
192.5		1562.5
192.625		1562.5
192.75		1562.5
192.875		1562.5
193		1562.5
193.125		1562.5
193.25		1562.5
193.375		1562.5
193.5		1562.5
193.625		1562.5
193.75		1562.5
193.875		1562.5
194		1562.5
194.125		2187.5
194.25		2187.5
194.375		2187.5
194.5		2187.5
194.625		2187.5
194.75		2187.5
194.875		2187.5
195		2187.5
195.125		2187.5
195.25		2187.5
195.375		2187.5
195.5		2187.5
195.625		2187.5
195.75		2187.5
195.875		2187.5
196		2187.5
196.125		2187.5
196.25		2187.5
196.375		2187.5
196.5		2187.5
196.625		2187.5
196.75		2187.5
196.875		2187.5
197		2187.5
197.125		2187.5
197.25		2187.5
197.375		2187.5
197.5		2187.5
197.625		2187.5
197.75		2187.5
197.875		2187.5
198		2187.5
198.125		2187.5
198.25		2187.5
198.375		2187.5
198.5		2187.5
198.625		2187.5
198.75		2187.5
198.875		2187.5
199		2187.5
199.125		2187.5
199.25		2187.5
199.375		2187.5
199.5		2187.5
199.625		2187.5
199.75		2187.5
199.875		2187.5
200		2187.5
200.125		2187.5
200.25		2187.5
200.375		2187.5
200.5		2187.5
200.625		2187.5
200.75		2187.5
200.875		2187.5
201		2187.5
201.125		2187.5
201.25		2187.5
201.375		2187.5
201.5		2187.5
201.625		2187.5
201.75		2187.5
201.875		2187.5
202		2187.5
202.125		2187.5
202.25		2187.5
202.375		2187.5
202.5		2187.5
202.625		2187.5
202.75		2187.5
202.875		2187.5
203		2187.5
203.125		2187.5
203.25		2187.5
203.375		2187.5
203.5		2187.5
203.625		2187.5
203.75		2187.5
203.875		2187.5
204		2187.5
204.125		2187.5
204.25		2187.5
204.375		2187.5
204.5		2187.5
204.625		2187.5
204.75		2187.5
204.875		2187.5
205		2187.5
205.125		2187.5
205.25		2187.5
205.375		2187.5
205.5		2187.5
205.625		2187.5
205.75		2187.5
205.875		2187.5
206		2187.5
206.125		2187.5
206.25		2187.5
206.375		2187.5
206.5		2187.5
206.625		2187.5
206.75		2187.5
206.875		2187.5
207		2187.5
207.125		2187.5
207.25		2187.5
207.375		2187.5
207.5		2187.5
207.625		2187.5
207.75		2187.5
207.875		2187.5
208		2187.5
208.125		2187.5
208.25		2187.5
208.375		2187.5
208.5		2187.5
208.625		2187.5
208.75		2187.5
208.875		2187.5
209		2187.5
209.125		2500
209.25		2500
209.375		2500
209.5		2500
209.625		2500
209.75		2500
209.875		2500
210		2500
210.125		2500
210.25		2500
210.375		2500
210.5		2500
210.625		2500
210.75		2500
210.875		2500
211		2500
211.125		2500
211.25		2500
211.375		2500
211.5		2500
211.625		2500
211.75		2500
211.875		2500
212		2500
212.125		2500
212.25		2500
212.375		2500
212.5		2500
212.625		2500
212.75		2500
212.875		2500
213		2500
213.125		2500
213.25		2500
213.375		2500
213.5		2500
213.625		2500
213.75		2500
213.875		2500
214		2500
214.125		2500
214.25		2500
214.375		2500
214.5		2500
214.625		2500
214.75		2500
214.875		2500
215		2500
215.125		2500
215.25		2500
215.375		2500
215.5		2500
215.625		2500
215.75		2500
215.875		2500
216		2500
216.125		2500
216.25		2500
216.375		2500
216.5		2500
216.625		2500
216.75		2500
216.875		2500
217		2500
217.125		2500
217.25		2500
217.375		2500
217.5		2500
217.625		2500
217.75		2500
217.875		2500
218		2500
218.125		2500
218.25		2500
218.375		2500
218.5		2500
218.625		2500
218.75		2500
218.875		2500
219		2500
219.125		2500
219.25		2500
219.375		2500
219.5		2500
219.625		2500
219.75		2500
219.875		2500
220		2500
220.125		2500
220.25		2500
220.375		2500
220.5		2500
220.625		2500
220.75		2500
220.875		2500
221		2500
221.125		2500
221.25		2500
221.375		2500
221.5		2500
221.625		2500
221.75		2500
221.875		2500
222		2500
222.125		2500
222.25		2500
222.375		2500
222.5		2500
222.625		2500
222.75		2500
222.875		2500
223		2500
223.125		2500
223.25		2500
223.375		2500
223.5		2500
223.625		2500
223.75		2500
223.875		2500
224		2500
224.125		2500
224.25		2500
224.375		2500
224.5		2500
224.625		2500
224.75		2500
224.875		2500
225		2500
225.125		2500
225.25		2500
225.375		2500
225.5		2500
225.625		2500
225.75		2500
225.875		2500
226		2500
226.125		2500
226.25		2500
226.375		2500
226.5		2500
226.625		2500
226.75		2500
226.875		2500
227		2500
227.125		2500
227.25		2500
227.375		2500
227.5		2500
227.625		2500
227.75		2500
227.875		2500
228		2500
228.125		2500
228.25		2500
228.375		2500
228.5		2500
228.625		2500
228.75		2500
228.875		2500
229		2500
229.125		2500
229.25		2500
229.375		2500
229.5		2500
229.625		2500
229.75		2500
229.875		2500
230		2500
230.125		2500
230.25		2500
230.375		2500
230.5		2500
230.625		2500
230.75		2500
230.875		2500
231		2500
231.125		2500
231.25		2500
231.375		2500
231.5		2500
231.625		2500
231.75		2500
231.875		2500
232		2500
232.125		2500
232.25		2500
232.375		2500
232.5		2500
232.625		2500
232.75		2500
232.875		2500
233		2500
233.125		2500
233.25		2500
233.375		2500
233.5		2500
233.625		2500
233.75		2500
233.875		2500
234		2500
234.125		2500
234.25		2500
234.375		2500
234.5		2500
234.625		2500
234.75		2500
234.875		2500
235		2500
235.125		2500
235.25		2500
235.375		2500
235.5		2500
235.625		2500
235.75		2500
235.875		2500
236		2500
236.125		2500
236.25		2500
236.375		2500
236.5		2500
236.625		2500
236.75		2500
236.875		2500
237		2500
237.125		2500
237.25		2500
237.375		2500
237.5		2500
237.625		2500
237.75		2500
237.875		2500
238		2500
238.125		2500
238.25		2500
238.375		2500
238.5		2500
238.625		2500
238.75		2500
238.875		2500
239		2500
239.125		2500
239.25		2500
239.375		2500
239.5		2500
239.625		2500
239.75		2500
239.875		2500
240		2500
240.125		2500
240.25		2500
240.375		2500
240.5		2500
240.625		2500
240.75		2500
240.875		2500
241		2500
241.125		2500
241.25		2500
241.375		2500
241.5		2500
241.625		2500
241.75		2500
241.875		2500
242		2500
242.125		2500
242.25		2500
242.375		2500
242.5		2500
242.625		2500
242.75		2500
242.875		2500
243		2500
243.125		2500
243.25		2500
243.375		2500
243.5		2500
243.625		2500
243.75		2500
243.875		2500
244		2500
244.125		2500
244.25		2500
244.375		2500
244.5		2500
244.625		2500
244.75		2500
244.875		2500
245		2500
245.125		2500
245.25		2500
245.375		2500
245.5		2500
245.625		2500
245.75		2500
245.875		2500
246		2500
246.125		2500
246.25		2500
246.375		2500
246.5		2500
246.625		2500
246.75		2500
246.875		2500
247		2500
247.125		2500
247.25		2500
247.375		2500
247.5		2500
247.625		2500
247.75		2500
247.875		2500
248		2500
248.125		2500
248.25		2500
248.375		2500
248.5		2500
248.625		2500
248.75		2500
248.875		2500
249		2500
249.125		2500
249.25		2500
249.375		2500
249.5		2500
249.625		2500
249.75		2500
249.875		2500
250		2500
250.125		2500
250.25		2500
250.375		2500
250.5		2500
250.625		2500
250.75		2500
250.875		2500
251		2500
251.125		2500
251.25		2500
251.375		2500
251.5		2500
251.625		2500
251.75		2500
251.875		2500
252		2500
252.125		2812.5
252.25		2812.5
252.375		2812.5
252.5		2812.5
252.625		2812.5
252.75		2812.5
252.875		2812.5
253		2812.5
253.125		2812.5
253.25		2812.5
253.375		2812.5
253.5		2812.5
253.625		2812.5
253.75		2812.5
253.875		2812.5
254		2812.5
254.125		2812.5
254.25		2812.5
254.375		2812.5
254.5		2812.5
254.625		2812.5
254.75		2812.5
254.875		2812.5
255		2812.5
255.125		2812.5
255.25		2812.5
255.375		2812.5
255.5		2812.5
255.625		2812.5
255.75		2812.5
255.875		2812.5
256		2812.5
256.125		2812.5
256.25		2812.5
256.375		2812.5
256.5		2812.5
256.625		2812.5
256.75		2812.5
256.875		2812.5
257		2812.5
257.125		2812.5
257.25		2812.5
257.375		2812.5
257.5		2812.5
257.625		2812.5
257.75		2812.5
257.875		2812.5
258		2812.5
258.125		2812.5
258.25		2812.5
258.375		2812.5
258.5		2812.5
258.625		2812.5
258.75		2812.5
258.875		2812.5
259		2812.5
259.125		2812.5
259.25		2812.5
259.375		2812.5
259.5		2812.5
259.625		2812.5
259.75		2812.5
259.875		2812.5
260		2812.5
260.125		2812.5
260.25		2812.5
260.375		2812.5
260.5		2812.5
260.625		2812.5
260.75		2812.5
260.875		2812.5
261		2812.5
261.125		2812.5
261.25		2812.5
261.375		2812.5
261.5		2812.5
261.625		2812.5
261.75		2812.5
261.875		2812.5
262		2812.5
262.125		2812.5
262.25		2812.5
262.375		2812.5
262.5		2812.5
262.625		2812.5
262.75		2812.5
262.875		2812.5
263		2812.5
263.125		2812.5
263.25		2812.5
263.375		2812.5
263.5		2812.5
263.625		2812.5
263.75		2812.5
263.875		2812.5
264		2812.5
264.125		2812.5
264.25		2812.5
264.375		2812.5
264.5		2812.5
264.625		2812.5
264.75		2812.5
264.875		2812.5
265		2812.5
265.125		2812.5
265.25		2812.5
265.375		2812.5
265.5		2812.5
265.625		2812.5
265.75		2812.5
265.875		2812.5
266		2812.5
266.125		2812.5
266.25		2812.5
266.375		2812.5
266.5		2812.5
266.625		2812.5
266.75		2812.5
266.875		2812.5
267		2812.5
267.125		2812.5
267.25		2812.5
267.375		2812.5
267.5		2812.5
267.625		2812.5
267.75		2812.5
267.875		2812.5
268		2812.5
268.125		2812.5
268.25		2812.5
268.375		2812.5
268.5		2812.5
268.625		2812.5
268.75		2812.5
268.875		2812.5
269		2812.5
269.125		2812.5
269.25		2812.5
269.375		2812.5
269.5		2812.5
269.625		2812.5
269.75		2812.5
269.875		2812.5
270		2812.5
270.125		2812.5
270.25		2812.5
270.375		2812.5
270.5		2812.5
270.625		2812.5
270.75		2812.5
270.875		2812.5
271		2812.5
271.125		2812.5
271.25		2812.5
271.375		2812.5
271.5		2812.5
271.625		2812.5
271.75		2812.5
271.875		2812.5
272		2812.5
272.125		2812.5
272.25		2812.5
272.375		2812.5
272.5		2812.5
272.625		2812.5
272.75		2812.5
272.875		2812.5
273		2812.5
273.125		2812.5
273.25		2812.5
273.375		2812.5
273.5		2812.5
273.625		2812.5
273.75		2812.5
273.875		2812.5
274		2812.5
274.125		2812.5
274.25		2812.5
274.375		2812.5
274.5		2812.5
274.625		2812.5
274.75		2812.5
274.875		2812.5
275		2812.5
275.125		2812.5
275.25		2812.5
275.375		2812.5
275.5		2812.5
275.625		2812.5
275.75		2812.5
275.875		2812.5
276		2812.5
276.125		2812.5
276.25		2812.5
276.375		2812.5
276.5		2812.5
276.625		2812.5
276.75		2812.5
276.875		2812.5
277		2812.5
277.125		2812.5
277.25		2812.5
277.375		2812.5
277.5		2812.5
277.625		2812.5
277.75		2812.5
277.875		2812.5
278		2812.5
278.125		2812.5
278.25		2812.5
278.375		2812.5
278.5		2812.5
278.625		2812.5
278.75		2812.5
278.875		2812.5
279		2812.5
279.125		2812.5
279.25		2812.5
279.375		2812.5
279.5		2812.5
279.625		2812.5
279.75		2812.5
279.875		2812.5
280		2812.5
280.125		2812.5
280.25		2812.5
280.375		2812.5
280.5		2812.5
280.625		2812.5
280.75		2812.5
280.875		2812.5
281		2812.5
281.125		2812.5
281.25		2812.5
281.375		2812.5
281.5		2812.5
281.625		2812.5
281.75		2812.5
281.875		2812.5
282		2812.5
282.125		2812.5
282.25		2812.5
282.375		2812.5
282.5		2812.5
282.625		2812.5
282.75		2812.5
282.875		2812.5
283		2812.5
283.125		2812.5
283.25		2812.5
283.375		2812.5
283.5		2812.5
283.625		2812.5
283.75		2812.5
283.875		2812.5
284		2812.5
284.125		2812.5
284.25		2812.5
284.375		2812.5
284.5		2812.5
284.625		2812.5
284.75		2812.5
284.875		2812.5
285		2812.5
285.125		2812.5
285.25		2812.5
285.375		2812.5
285.5		2812.5
285.625		2812.5
285.75		2812.5
285.875		2812.5
286		2812.5
286.125		2812.5
286.25		2812.5
286.375		2812.5
286.5		2812.5
286.625		2812.5
286.75		2812.5
286.875		2812.5
287		2812.5
287.125		2812.5
287.25		2812.5
287.375		2812.5
287.5		2812.5
287.625		2812.5
287.75		2812.5
287.875		2812.5
288		2812.5
288.125		2812.5
288.25		2812.5
288.375		2812.5
288.5		2812.5
288.625		2812.5
288.75		2812.5
288.875		2812.5
289		2812.5
289.125		2812.5
289.25		2812.5
289.375		2812.5
289.5		2812.5
289.625		2812.5
289.75		2812.5
289.875		2812.5
290		2812.5
290.125		2812.5
290.25		2812.5
290.375		2812.5
290.5		2812.5
290.625		2812.5
290.75		2812.5
290.875		2812.5
291		2812.5
291.125		2812.5
291.25		2812.5
291.375		2812.5
291.5		2812.5
291.625		2812.5
291.75		2812.5
291.875		2812.5
292		2812.5
292.125		2812.5
292.25		2812.5
292.375		2812.5
292.5		2812.5
292.625		2812.5
292.75		2812.5
292.875		2812.5
293		2812.5
293.125		2812.5
293.25		2812.5
293.375		2812.5
293.5		2812.5
293.625		2812.5
293.75		2812.5
293.875		2812.5
294		2812.5
294.125		2812.5
294.25		2812.5
294.375		2812.5
294.5		2812.5
294.625		2812.5
294.75		2812.5
294.875		2812.5
295		2812.5
295.125		2812.5
295.25		2812.5
295.375		2812.5
295.5		2812.5
295.625		2812.5
295.75		2812.5
295.875		2812.5
296		2812.5
296.125		2812.5
296.25		2812.5
296.375		2812.5
296.5		2812.5
296.625		2812.5
296.75		2812.5
296.875		2812.5
297		2812.5
297.125		2812.5
297.25		2812.5
297.375		2812.5
297.5		2812.5
297.625		2812.5
297.75		2812.5
297.875		2812.5
298		2812.5
298.125		2812.5
298.25		2812.5
298.375		2812.5
298.5		2812.5
298.625		2812.5
298.75		2812.5
298.875		2812.5
299		2812.5
299.125		2812.5
299.25		2812.5
299.375		2812.5
299.5		2812.5
299.625		2812.5
299.75		2812.5
299.875		2812.5
300		2812.5
300.125		2812.5
300.25		2812.5
300.375		2812.5
300.5		2812.5
300.625		2812.5
300.75		2812.5
300.875		2812.5
301		2812.5
301.125		2812.5
301.25		2812.5
301.375		2812.5
301.5		2812.5
301.625		2812.5
301.75		2812.5
301.875		2812.5
302		2812.5
302.125		2812.5
302.25		2812.5
302.375		2812.5
302.5		2812.5
302.625		2812.5
302.75		2812.5
302.875		2812.5
303		2812.5
303.125		2812.5
303.25		2812.5
303.375		2812.5
303.5		2812.5
303.625		2812.5
303.75		2812.5
303.875		2812.5
304		2812.5
304.125		2812.5
304.25		2812.5
304.375		2812.5
304.5		2812.5
304.625		2812.5
304.75		2812.5
304.875		2812.5
305		2812.5
305.125		2812.5
305.25		2812.5
305.375		2812.5
305.5		2812.5
305.625		2812.5
305.75		2812.5
305.875		2812.5
306		2812.5
306.125		2812.5
306.25		2812.5
306.375		2812.5
306.5		2812.5
306.625		2812.5
306.75		2812.5
306.875		2812.5
307		2812.5
307.125		2812.5
307.25		2812.5
307.375		2812.5
307.5		2812.5
307.625		2812.5
307.75		2812.5
307.875		2812.5
308		2812.5
308.125		2812.5
308.25		2812.5
308.375		2812.5
308.5		2812.5
308.625		2812.5
308.75		2812.5
308.875		2812.5
309		2812.5
309.125		2812.5
309.25		2812.5
309.375		2812.5
309.5		2812.5
309.625		2812.5
309.75		2812.5
309.875		2812.5
310		2812.5
310.125		2812.5
310.25		2812.5
310.375		2812.5
310.5		2812.5
310.625		2812.5
310.75		2812.5
310.875		2812.5
311		2812.5
311.125		2812.5
311.25		2812.5
311.375		2812.5
311.5		2812.5
311.625		2812.5
311.75		2812.5
311.875		2812.5
312		2812.5
312.125		2812.5
312.25		2812.5
312.375		2812.5
312.5		2812.5
312.625		2812.5
312.75		2812.5
312.875		2812.5
313		2812.5
313.125		2812.5
313.25		2812.5
313.375		2812.5
313.5		2812.5
313.625		2812.5
313.75		2812.5
313.875		2812.5
314		2812.5
314.125		2812.5
314.25		2812.5
314.375		2812.5
314.5		2812.5
314.625		2812.5
314.75		2812.5
314.875		2812.5
315		2812.5
315.125		2812.5
315.25		2812.5
315.375		2812.5
315.5		2812.5
315.625		2812.5
315.75		2812.5
315.875		2812.5
316		2812.5
316.125		2812.5
316.25		2812.5
316.375		2812.5
316.5		2812.5
316.625		2812.5
316.75		2812.5
316.875		2812.5
317		2812.5
317.125		2812.5
317.25		2812.5
317.375		2812.5
317.5		2812.5
317.625		2812.5
317.75		2812.5
317.875		2812.5
318		2812.5
318.125		2812.5
318.25		2812.5
318.375		2812.5
318.5		2812.5
318.625		2812.5
318.75		2812.5
318.875		2812.5
319		2812.5
319.125		2812.5
319.25		2812.5
319.375		2812.5
319.5		2812.5
319.625		2812.5
319.75		2812.5
319.875		2812.5
320		2812.5
320.125		2812.5
320.25		2812.5
320.375		2812.5
320.5		2812.5
320.625		2812.5
320.75		2812.5
320.875		2812.5
321		2812.5
321.125		2812.5
321.25		2812.5
321.375		2812.5
321.5		2812.5
321.625		2812.5
321.75		2812.5
321.875		2812.5
322		2812.5
322.125		2812.5
322.25		2812.5
322.375		2812.5
322.5		2812.5
322.625		2812.5
322.75		2812.5
322.875		2812.5
323		2812.5
323.125		2812.5
323.25		2812.5
323.375		2812.5
323.5		2812.5
323.625		2812.5
323.75		2812.5
323.875		2812.5
324		2812.5
324.125		2812.5
324.25		2812.5
324.375		2812.5
324.5		2812.5
324.625		2812.5
324.75		2812.5
324.875		2812.5
325		2812.5
325.125		2812.5
325.25		2812.5
325.375		2812.5
325.5		2812.5
325.625		2812.5
325.75		2812.5
325.875		2812.5
326		2812.5
326.125		2812.5
326.25		2812.5
326.375		2812.5
326.5		2812.5
326.625		2812.5
326.75		2812.5
326.875		2812.5
327		2812.5
327.125		2812.5
327.25		2812.5
327.375		2812.5
327.5		2812.5
327.625		2812.5
327.75		2812.5
327.875		2812.5
328		2812.5
328.125		2812.5
328.25		2812.5
328.375		2812.5
328.5		2812.5
328.625		2812.5
328.75		2812.5
328.875		2812.5
329		2812.5
329.125		2812.5
329.25		2812.5
329.375		2812.5
329.5		2812.5
329.625		2812.5
329.75		2812.5
329.875		2812.5
330		2812.5
330.125		3125
330.25		3125
330.375		3125
330.5		3125
330.625		3125
330.75		3125
330.875		3125
331		3125
331.125		3125
331.25		3125
331.375		3125
331.5		3125
331.625		3125
331.75		3125
331.875		3125
332		3125
332.125		3125
332.25		3125
332.375		3125
332.5		3125
332.625		3125
332.75		3125
332.875		3125
333		3125
333.125		3437.5
333.25		3437.5
333.375		3437.5
333.5		3437.5
333.625		3437.5
333.75		3437.5
333.875		3437.5
334		3437.5
334.125		3437.5
334.25		3437.5
334.375		3437.5
334.5		3437.5
334.625		3437.5
334.75		3437.5
334.875		3437.5
335		3437.5
335.125		3750
335.25		3750
335.375		3750
335.5		3750
335.625		3750
335.75		3750
335.875		3750
336		3750
336.125		3750
336.25		3750
336.375		3750
336.5		3750
336.625		3750
336.75		3750
336.875		3750
337		3750
337.125		3750
337.25		3750
337.375		3750
337.5		3750
337.625		3750
337.75		3750
337.875		3750
338		3750
338.125		3750
338.25		3750
338.375		3750
338.5		3750
338.625		3750
338.75		3750
338.875		3750
339		3750
339.125		3750
339.25		3750
339.375		3750
339.5		3750
339.625		3750
339.75		3750
339.875		3750
340		3750
340.125		3750
340.25		3750
340.375		3750
340.5		3750
340.625		3750
340.75		3750
340.875		3750
341		3750
341.125		3750
341.25		3750
341.375		3750
341.5		3750
341.625		3750
341.75		3750
341.875		3750
342		3750
342.125		3750
342.25		3750
342.375		3750
342.5		3750
342.625		3750
342.75		3750
342.875		3750
343		3750
343.125		3750
343.25		3750
343.375		3750
343.5		3750
343.625		3750
343.75		3750
343.875		3750
344		3750
344.125		3750
344.25		3750
344.375		3750
344.5		3750
344.625		3750
344.75		3750
344.875		3750
345		3750
345.125		3750
345.25		3750
345.375		3750
345.5		3750
345.625		3750
345.75		3750
345.875		3750
346		3750
346.125		3750
346.25		3750
346.375		3750
346.5		3750
346.625		3750
346.75		3750
346.875		3750
347		3750
347.125		3750
347.25		3750
347.375		3750
347.5		3750
347.625		3750
347.75		3750
347.875		3750
348		3750
348.125		3750
348.25		3750
348.375		3750
348.5		3750
348.625		3750
348.75		3750
348.875		3750
349		3750
349.125		3750
349.25		3750
349.375		3750
349.5		3750
349.625		3750
349.75		3750
349.875		3750
350		3750
350.125		3750
350.25		3750
350.375		3750
350.5		3750
350.625		3750
350.75		3750
350.875		3750
351		3750
351.125		3750
351.25		3750
351.375		3750
351.5		3750
351.625		3750
351.75		3750
351.875		3750
352		3750
352.125		3750
352.25		3750
352.375		3750
352.5		3750
352.625		3750
352.75		3750
352.875		3750
353		3750
353.125		3750
353.25		3750
353.375		3750
353.5		3750
353.625		3750
353.75		3750
353.875		3750
354		3750
354.125		3750
354.25		3750
354.375		3750
354.5		3750
354.625		3750
354.75		3750
354.875		3750
355		3750
355.125		3750
355.25		3750
355.375		3750
355.5		3750
355.625		3750
355.75		3750
355.875		3750
356		3750
356.125		3750
356.25		3750
356.375		3750
356.5		3750
356.625		3750
356.75		3750
356.875		3750
357		3750
357.125		3750
357.25		3750
357.375		3750
357.5		3750
357.625		3750
357.75		3750
357.875		3750
358		3750
358.125		3750
358.25		3750
358.375		3750
358.5		3750
358.625		3750
358.75		3750
358.875		3750
359		3750
359.125		3750
359.25		3750
359.375		3750
359.5		3750
359.625		3750
359.75		3750
359.875		3750
360		3750
360.125		3750
360.25		3750
360.375		3750
360.5		3750
360.625		3750
360.75		3750
360.875		3750
361		3750
361.125		3750
361.25		3750
361.375		3750
361.5		3750
361.625		3750
361.75		3750
361.875		3750
362		3750
362.125		3750
362.25		3750
362.375		3750
362.5		3750
362.625		3750
362.75		3750
362.875		3750
363		3750
363.125		3750
363.25		3750
363.375		3750
363.5		3750
363.625		3750
363.75		3750
363.875		3750
364		3750
364.125		3750
364.25		3750
364.375		3750
364.5		3750
364.625		3750
364.75		3750
364.875		3750
365		3750
365.125		3750
365.25		3750
365.375		3750
365.5		3750
365.625		3750
365.75		3750
365.875		3750
366		3750
366.125		3750
366.25		3750
366.375		3750
366.5		3750
366.625		3750
366.75		3750
366.875		3750
367		3750
367.125		3750
367.25		3750
367.375		3750
367.5		3750
367.625		3750
367.75		3750
367.875		3750
368		3750
368.125		3750
368.25		3750
368.375		3750
368.5		3750
368.625		3750
368.75		3750
368.875		3750
369		3750
369.125		3750
369.25		3750
369.375		3750
369.5		3750
369.625		3750
369.75		3750
369.875		3750
370		3750
370.125		3750
370.25		3750
370.375		3750
370.5		3750
370.625		3750
370.75		3750
370.875		3750
371		3750
371.125		3750
371.25		3750
371.375		3750
371.5		3750
371.625		3750
371.75		3750
371.875		3750
372		3750
372.125		3750
372.25		3750
372.375		3750
372.5		3750
372.625		3750
372.75		3750
372.875		3750
373		3750
373.125		3750
373.25		3750
373.375		3750
373.5		3750
373.625		3750
373.75		3750
373.875		3750
374		3750
374.125		3750
374.25		3750
374.375		3750
374.5		3750
374.625		3750
374.75		3750
374.875		3750
375		3750
375.125		3750
375.25		3750
375.375		3750
375.5		3750
375.625		3750
375.75		3750
375.875		3750
376		3750
376.125		3750
376.25		3750
376.375		3750
376.5		3750
376.625		3750
376.75		3750
376.875		3750
377		3750
377.125		3750
377.25		3750
377.375		3750
377.5		3750
377.625		3750
377.75		3750
377.875		3750
378		3750
378.125		3750
378.25		3750
378.375		3750
378.5		3750
378.625		3750
378.75		3750
378.875		3750
379		3750
379.125		3750
379.25		3750
379.375		3750
379.5		3750
379.625		3750
379.75		3750
379.875		3750
380		3750
380.125		4062.5
380.25		4062.5
380.375		4062.5
380.5		4062.5
380.625		4062.5
380.75		4062.5
380.875		4062.5
381		4062.5
381.125		4062.5
381.25		4062.5
381.375		4062.5
381.5		4062.5
381.625		4062.5
381.75		4062.5
381.875		4062.5
382		4062.5
382.125		4062.5
382.25		4062.5
382.375		4062.5
382.5		4062.5
382.625		4062.5
382.75		4062.5
382.875		4062.5
383		4062.5
383.125		4062.5
383.25		4062.5
383.375		4062.5
383.5		4062.5
383.625		4062.5
383.75		4062.5
383.875		4062.5
384		4062.5
384.125		4062.5
384.25		4062.5
384.375		4062.5
384.5		4062.5
384.625		4062.5
384.75		4062.5
384.875		4062.5
385		4062.5
385.125		4062.5
385.25		4062.5
385.375		4062.5
385.5		4062.5
385.625		4062.5
385.75		4062.5
385.875		4062.5
386		4062.5
386.125		4062.5
386.25		4062.5
386.375		4062.5
386.5		4062.5
386.625		4062.5
386.75		4062.5
386.875		4062.5
387		4062.5
387.125		4062.5
387.25		4062.5
387.375		4062.5
387.5		4062.5
387.625		4062.5
387.75		4062.5
387.875		4062.5
388		4062.5
388.125		4062.5
388.25		4062.5
388.375		4062.5
388.5		4062.5
388.625		4062.5
388.75		4062.5
388.875		4062.5
389		4062.5
389.125		4062.5
389.25		4062.5
389.375		4062.5
389.5		4062.5
389.625		4062.5
389.75		4062.5
389.875		4062.5
390		4062.5
390.125		4062.5
390.25		4062.5
390.375		4062.5
390.5		4062.5
390.625		4062.5
390.75		4062.5
390.875		4062.5
391		4062.5
391.125		4062.5
391.25		4062.5
391.375		4062.5
391.5		4062.5
391.625		4062.5
391.75		4062.5
391.875		4062.5
392		4062.5
392.125		4062.5
392.25		4062.5
392.375		4062.5
392.5		4062.5
392.625		4062.5
392.75		4062.5
392.875		4062.5
393		4062.5
393.125		4062.5
393.25		4062.5
393.375		4062.5
393.5		4062.5
393.625		4062.5
393.75		4062.5
393.875		4062.5
394		4062.5
394.125		4062.5
394.25		4062.5
394.375		4062.5
394.5		4062.5
394.625		4062.5
394.75		4062.5
394.875		4062.5
395		4062.5
395.125		4062.5
395.25		4062.5
395.375		4062.5
395.5		4062.5
395.625		4062.5
395.75		4062.5
395.875		4062.5
396		4062.5
396.125		4062.5
396.25		4062.5
396.375		4062.5
396.5		4062.5
396.625		4062.5
396.75		4062.5
396.875		4062.5
397		4062.5
397.125		4062.5
397.25		4062.5
397.375		4062.5
397.5		4062.5
397.625		4062.5
397.75		4062.5
397.875		4062.5
398		4062.5
398.125		4062.5
398.25		4062.5
398.375		4062.5
398.5		4062.5
398.625		4062.5
398.75		4062.5
398.875		4062.5
399		4062.5
399.125		4062.5
399.25		4062.5
399.375		4062.5
399.5		4062.5
399.625		4062.5
399.75		4062.5
399.875		4062.5
400		4062.5
400.125		4062.5
400.25		4062.5
400.375		4062.5
400.5		4062.5
400.625		4062.5
400.75		4062.5
400.875		4062.5
401		4062.5
401.125		4062.5
401.25		4062.5
401.375		4062.5
401.5		4062.5
401.625		4062.5
401.75		4062.5
401.875		4062.5
402		4062.5
402.125		4062.5
402.25		4062.5
402.375		4062.5
402.5		4062.5
402.625		4062.5
402.75		4062.5
402.875		4062.5
403		4062.5
403.125		4062.5
403.25		4062.5
403.375		4062.5
403.5		4062.5
403.625		4062.5
403.75		4062.5
403.875		4062.5
404		4062.5
404.125		4062.5
404.25		4062.5
404.375		4062.5
404.5		4062.5
404.625		4062.5
404.75		4062.5
404.875		4062.5
405		4062.5
405.125		4062.5
405.25		4062.5
405.375		4062.5
405.5		4062.5
405.625		4062.5
405.75		4062.5
405.875		4062.5
406		4062.5
406.125		4062.5
406.25		4062.5
406.375		4062.5
406.5		4062.5
406.625		4062.5
406.75		4062.5
406.875		4062.5
407		4062.5
407.125		4062.5
407.25		4062.5
407.375		4062.5
407.5		4062.5
407.625		4062.5
407.75		4062.5
407.875		4062.5
408		4062.5
408.125		4062.5
408.25		4062.5
408.375		4062.5
408.5		4062.5
408.625		4062.5
408.75		4062.5
408.875		4062.5
409		4062.5
409.125		4062.5
409.25		4062.5
409.375		4062.5
409.5		4062.5
409.625		4062.5
409.75		4062.5
409.875		4062.5
410		4062.5
410.125		4062.5
410.25		4062.5
410.375		4062.5
410.5		4062.5
410.625		4062.5
410.75		4062.5
410.875		4062.5
411		4062.5
411.125		4062.5
411.25		4062.5
411.375		4062.5
411.5		4062.5
411.625		4062.5
411.75		4062.5
411.875		4062.5
412		4062.5
412.125		4687.5
412.25		4687.5
412.375		4687.5
412.5		4687.5
412.625		4687.5
412.75		4687.5
412.875		4687.5
413		4687.5
413.125		4687.5
413.25		4687.5
413.375		4687.5
413.5		4687.5
413.625		4687.5
413.75		4687.5
413.875		4687.5
414		4687.5
414.125		4687.5
414.25		4687.5
414.375		4687.5
414.5		4687.5
414.625		4687.5
414.75		4687.5
414.875		4687.5
415		4687.5
415.125		4687.5
415.25		4687.5
415.375		4687.5
415.5		4687.5
415.625		4687.5
415.75		4687.5
415.875		4687.5
416		4687.5
416.125		4687.5
416.25		4687.5
416.375		4687.5
416.5		4687.5
416.625		4687.5
416.75		4687.5
416.875		4687.5
417		4687.5
417.125		4687.5
417.25		4687.5
417.375		4687.5
417.5		4687.5
417.625		4687.5
417.75		4687.5
417.875		4687.5
418		4687.5
418.125		4687.5
418.25		4687.5
418.375		4687.5
418.5		4687.5
418.625		4687.5
418.75		4687.5
418.875		4687.5
419		4687.5
419.125		4687.5
419.25		4687.5
419.375		4687.5
419.5		4687.5
419.625		4687.5
419.75		4687.5
419.875		4687.5
420		4687.5
420.125		4687.5
420.25		4687.5
420.375		4687.5
420.5		4687.5
420.625		4687.5
420.75		4687.5
420.875		4687.5
421		4687.5
421.125		4687.5
421.25		4687.5
421.375		4687.5
421.5		4687.5
421.625		4687.5
421.75		4687.5
421.875		4687.5
422		4687.5
422.125		4687.5
422.25		4687.5
422.375		4687.5
422.5		4687.5
422.625		4687.5
422.75		4687.5
422.875		4687.5
423		4687.5
423.125		4687.5
423.25		4687.5
423.375		4687.5
423.5		4687.5
423.625		4687.5
423.75		4687.5
423.875		4687.5
424		4687.5
424.125		4687.5
424.25		4687.5
424.375		4687.5
424.5		4687.5
424.625		4687.5
424.75		4687.5
424.875		4687.5
425		4687.5
425.125		4687.5
425.25		4687.5
425.375		4687.5
425.5		4687.5
425.625		4687.5
425.75		4687.5
425.875		4687.5
426		4687.5
426.125		4687.5
426.25		4687.5
426.375		4687.5
426.5		4687.5
426.625		4687.5
426.75		4687.5
426.875		4687.5
427		4687.5
427.125		4687.5
427.25		4687.5
427.375		4687.5
427.5		4687.5
427.625		4687.5
427.75		4687.5
427.875		4687.5
428		4687.5
428.125		4687.5
428.25		4687.5
428.375		4687.5
428.5		4687.5
428.625		4687.5
428.75		4687.5
428.875		4687.5
429		4687.5
429.125		4687.5
429.25		4687.5
429.375		4687.5
429.5		4687.5
429.625		4687.5
429.75		4687.5
429.875		4687.5
430		4687.5
430.125		4687.5
430.25		4687.5
430.375		4687.5
430.5		4687.5
430.625		4687.5
430.75		4687.5
430.875		4687.5
431		4687.5
431.125		4687.5
431.25		4687.5
431.375		4687.5
431.5		4687.5
431.625		4687.5
431.75		4687.5
431.875		4687.5
432		4687.5
432.125		4687.5
432.25		4687.5
432.375		4687.5
432.5		4687.5
432.625		4687.5
432.75		4687.5
432.875		4687.5
433		4687.5
433.125		4687.5
433.25		4687.5
433.375		4687.5
433.5		4687.5
433.625		4687.5
433.75		4687.5
433.875		4687.5
434		4687.5
434.125		4687.5
434.25		4687.5
434.375		4687.5
434.5		4687.5
434.625		4687.5
434.75		4687.5
434.875		4687.5
435		4687.5
435.125		4687.5
435.25		4687.5
435.375		4687.5
435.5		4687.5
435.625		4687.5
435.75		4687.5
435.875		4687.5
436		4687.5
436.125		4687.5
436.25		4687.5
436.375		4687.5
436.5		4687.5
436.625		4687.5
436.75		4687.5
436.875		4687.5
437		4687.5
437.125		4687.5
437.25		4687.5
437.375		4687.5
437.5		4687.5
437.625		4687.5
437.75		4687.5
437.875		4687.5
438		4687.5
438.125		4687.5
438.25		4687.5
438.375		4687.5
438.5		4687.5
438.625		4687.5
438.75		4687.5
438.875		4687.5
439		4687.5
439.125		4687.5
439.25		4687.5
439.375		4687.5
439.5		4687.5
439.625		4687.5
439.75		4687.5
439.875		4687.5
440		4687.5
440.125		4687.5
440.25		4687.5
440.375		4687.5
440.5		4687.5
440.625		4687.5
440.75		4687.5
440.875		4687.5
441		4687.5
441.125		4687.5
441.25		4687.5
441.375		4687.5
441.5		4687.5
441.625		4687.5
441.75		4687.5
441.875		4687.5
442		4687.5
442.125		4687.5
442.25		4687.5
442.375		4687.5
442.5		4687.5
442.625		4687.5
442.75		4687.5
442.875		4687.5
443		4687.5
443.125		4687.5
443.25		4687.5
443.375		4687.5
443.5		4687.5
443.625		4687.5
443.75		4687.5
443.875		4687.5
444		4687.5
444.125		4687.5
444.25		4687.5
444.375		4687.5
444.5		4687.5
444.625		4687.5
444.75		4687.5
444.875		4687.5
445		4687.5
445.125		4687.5
445.25		4687.5
445.375		4687.5
445.5		4687.5
445.625		4687.5
445.75		4687.5
445.875		4687.5
446		4687.5
446.125		4687.5
446.25		4687.5
446.375		4687.5
446.5		4687.5
446.625		4687.5
446.75		4687.5
446.875		4687.5
447		4687.5
447.125		4687.5
447.25		4687.5
447.375		4687.5
447.5		4687.5
447.625		4687.5
447.75		4687.5
447.875		4687.5
448		4687.5
448.125		4687.5
448.25		4687.5
448.375		4687.5
448.5		4687.5
448.625		4687.5
448.75		4687.5
448.875		4687.5
449		4687.5
449.125		4687.5
449.25		4687.5
449.375		4687.5
449.5		4687.5
449.625		4687.5
449.75		4687.5
449.875		4687.5
450		4687.5
450.125		4687.5
450.25		4687.5
450.375		4687.5
450.5		4687.5
450.625		4687.5
450.75		4687.5
450.875		4687.5
451		4687.5
451.125		4687.5
451.25		4687.5
451.375		4687.5
451.5		4687.5
451.625		4687.5
451.75		4687.5
451.875		4687.5
452		4687.5
452.125		4687.5
452.25		4687.5
452.375		4687.5
452.5		4687.5
452.625		4687.5
452.75		4687.5
452.875		4687.5
453		4687.5
453.125		4687.5
453.25		4687.5
453.375		4687.5
453.5		4687.5
453.625		4687.5
453.75		4687.5
453.875		4687.5
454		4687.5
454.125		4687.5
454.25		4687.5
454.375		4687.5
454.5		4687.5
454.625		4687.5
454.75		4687.5
454.875		4687.5
455		4687.5
455.125		4687.5
455.25		4687.5
455.375		4687.5
455.5		4687.5
455.625		4687.5
455.75		4687.5
455.875		4687.5
456		4687.5
456.125		4687.5
456.25		4687.5
456.375		4687.5
456.5		4687.5
456.625		4687.5
456.75		4687.5
456.875		4687.5
457		4687.5
457.125		4687.5
457.25		4687.5
457.375		4687.5
457.5		4687.5
457.625		4687.5
457.75		4687.5
457.875		4687.5
458		4687.5
458.125		4687.5
458.25		4687.5
458.375		4687.5
458.5		4687.5
458.625		4687.5
458.75		4687.5
458.875		4687.5
459		4687.5
459.125		4687.5
459.25		4687.5
459.375		4687.5
459.5		4687.5
459.625		4687.5
459.75		4687.5
459.875		4687.5
460		4687.5
460.125		4687.5
460.25		4687.5
460.375		4687.5
460.5		4687.5
460.625		4687.5
460.75		4687.5
460.875		4687.5
461		4687.5
461.125		4687.5
461.25		4687.5
461.375		4687.5
461.5		4687.5
461.625		4687.5
461.75		4687.5
461.875		4687.5
462		4687.5
462.125		0
462.25		0
462.375		0
462.5		0
462.625		0
462.75		0
462.875		0
463		0
463.125		0
463.25		0
463.375		0
463.5		0
463.625		0
463.75		0
463.875		0
464		0
464.125		0
464.25		0
464.375		0
464.5		0
464.625		0
464.75		0
464.875		0
465		0
465.125		0
465.25		0
465.375		0
465.5		0
465.625		0
465.75		0
465.875		0
466		0
466.125		0
466.25		0
466.375		0
466.5		0
466.625		0
466.75		0
466.875		0
467		0
467.125		0
467.25		0
467.375		0
467.5		0
467.625		0
467.75		0
467.875		0
468		0
468.125		0
468.25		0
468.375		0
468.5		0
468.625		0
468.75		0
468.875		0
469		0
469.125		0
469.25		0
469.375		0
469.5		0
469.625		0
469.75		0
469.875		0
470		0
470.125		0
470.25		0
470.375		0
470.5		0
470.625		0
470.75		0
470.875		0
471		0
471.125		0
471.25		0
471.375		0
471.5		0
471.625		0
471.75		0
471.875		0
472		0
472.125		0
472.25		0
472.375		0
472.5		0
472.625		0
472.75		0
472.875		0
473		0
473.125		0
473.25		0
473.375		0
473.5		0
473.625		0
473.75		0
473.875		0
474		0
474.125		0
474.25		0
474.375		0
474.5		0
474.625		0
474.75		0
474.875		0
475		0
475.125		0
475.25		0
475.375		0
475.5		0
475.625		0
475.75		0
475.875		0
476		0
476.125		0
476.25		0
476.375		0
476.5		0
476.625		0
476.75		0
476.875		0
477		0
477.125		0
477.25		0
477.375		0
477.5		0
477.625		0
477.75		0
477.875		0
478		0
478.125		0
478.25		0
478.375		0
478.5		0
478.625		0
478.75		0
478.875		0
479		0
479.125		0
479.25		0
479.375		0
479.5		0
479.625		0
479.75		0
479.875		0
480		0
480.125		0
480.25		0
480.375		0
480.5		0
480.625		0
480.75		0
480.875		0
481		0
481.125		0
481.25		0
481.375		0
481.5		0
481.625		0
481.75		0
481.875		0
482		0
482.125		0
482.25		0
482.375		0
482.5		0
482.625		0
482.75		0
482.875		0
483		0
483.125		0
483.25		0
483.375		0
483.5		0
483.625		0
483.75		0
483.875		0
484		0
484.125		0
484.25		0
484.375		0
484.5		0
484.625		0
484.75		0
484.875		0
485		0
485.125		0
485.25		0
485.375		0
485.5		0
485.625		0
485.75		0
485.875		0
486		0
486.125		0
486.25		0
486.375		0
486.5		0
486.625		0
486.75		0
486.875		0
487		0
487.125		0
487.25		0
487.375		0
487.5		0
487.625		0
487.75		0
487.875		0
488		0
488.125		0
488.25		0
488.375		0
488.5		0
488.625		0
488.75		0
488.875		0
489		0
489.125		0
489.25		0
489.375		0
489.5		0
489.625		0
489.75		0
489.875		0
490		0
490.125		0
490.25		0
490.375		0
490.5		0
490.625		0
490.75		0
490.875		0
491		0
491.125		0
491.25		0
491.375		0
491.5		0
491.625		0
491.75		0
491.875		0
492		0
492.125		0
492.25		0
492.375		0
492.5		0
492.625		0
492.75		0
492.875		0
493		0
493.125		0
493.25		0
493.375		0
493.5		0
493.625		0
493.75		0
493.875		0
494		0
494.125		0
494.25		0
494.375		0
494.5		0
494.625		0
494.75		0
494.875		0
495		0
495.125		0
495.25		0
495.375		0
495.5		0
495.625		0
495.75		0
495.875		0
496		0
496.125		0
496.25		0
496.375		0
496.5		0
496.625		0
496.75		0
496.875		0
497		0
497.125		0
497.25		0
497.375		0
497.5		0
497.625		0
497.75		0
497.875		0
498		0
498.125		0
498.25		0
498.375		0
498.5		0
498.625		0
498.75		0
498.875		0
499		0
499.125		0
499.25		0
499.375		0
499.5		0
499.625		0
499.75		0
499.875		0
500		0
