# Calibration file of tamex_id 0 @ channel 1
# fine_T bin		 Calibration value
0.125		0
0.25		0
0.375		0
0.5		0
0.625		0
0.75		0
0.875		0
1		0
1.125		0
1.25		0
1.375		0
1.5		0
1.625		0
1.75		0
1.875		0
2		0
2.125		0
2.25		0
2.375		0
2.5		0
2.625		0
2.75		0
2.875		0
3		0
3.125		0
3.25		0
3.375		0
3.5		0
3.625		0
3.75		0
3.875		0
4		0
4.125		0
4.25		0
4.375		0
4.5		0
4.625		0
4.75		0
4.875		0
5		0
5.125		0
5.25		0
5.375		0
5.5		0
5.625		0
5.75		0
5.875		0
6		0
6.125		0
6.25		0
6.375		0
6.5		0
6.625		0
6.75		0
6.875		0
7		0
7.125		0
7.25		0
7.375		0
7.5		0
7.625		0
7.75		0
7.875		0
8		0
8.125		0
8.25		0
8.375		0
8.5		0
8.625		0
8.75		0
8.875		0
9		0
9.125		0
9.25		0
9.375		0
9.5		0
9.625		0
9.75		0
9.875		0
10		0
10.125		0
10.25		0
10.375		0
10.5		0
10.625		0
10.75		0
10.875		0
11		0
11.125		0
11.25		0
11.375		0
11.5		0
11.625		0
11.75		0
11.875		0
12		0
12.125		0
12.25		0
12.375		0
12.5		0
12.625		0
12.75		0
12.875		0
13		0
13.125		0
13.25		0
13.375		0
13.5		0
13.625		0
13.75		0
13.875		0
14		0
14.125		0
14.25		0
14.375		0
14.5		0
14.625		0
14.75		0
14.875		0
15		0
15.125		0
15.25		0
15.375		0
15.5		0
15.625		0
15.75		0
15.875		0
16		0
16.125		16.8801
16.25		16.8801
16.375		16.8801
16.5		16.8801
16.625		16.8801
16.75		16.8801
16.875		16.8801
17		16.8801
17.125		52.6379
17.25		52.6379
17.375		52.6379
17.5		52.6379
17.625		52.6379
17.75		52.6379
17.875		52.6379
18		52.6379
18.125		54.3359
18.25		54.3359
18.375		54.3359
18.5		54.3359
18.625		54.3359
18.75		54.3359
18.875		54.3359
19		54.3359
19.125		58.2313
19.25		58.2313
19.375		58.2313
19.5		58.2313
19.625		58.2313
19.75		58.2313
19.875		58.2313
20		58.2313
20.125		92.5907
20.25		92.5907
20.375		92.5907
20.5		92.5907
20.625		92.5907
20.75		92.5907
20.875		92.5907
21		92.5907
21.125		99.982
21.25		99.982
21.375		99.982
21.5		99.982
21.625		99.982
21.75		99.982
21.875		99.982
22		99.982
22.125		100.481
22.25		100.481
22.375		100.481
22.5		100.481
22.625		100.481
22.75		100.481
22.875		100.481
23		100.481
23.125		108.372
23.25		108.372
23.375		108.372
23.5		108.372
23.625		108.372
23.75		108.372
23.875		108.372
24		108.372
24.125		110.969
24.25		110.969
24.375		110.969
24.5		110.969
24.625		110.969
24.75		110.969
24.875		110.969
25		110.969
25.125		130.047
25.25		130.047
25.375		130.047
25.5		130.047
25.625		130.047
25.75		130.047
25.875		130.047
26		130.047
26.125		133.842
26.25		133.842
26.375		133.842
26.5		133.842
26.625		133.842
26.75		133.842
26.875		133.842
27		133.842
27.125		140.135
27.25		140.135
27.375		140.135
27.5		140.135
27.625		140.135
27.75		140.135
27.875		140.135
28		140.135
28.125		150.123
28.25		150.123
28.375		150.123
28.5		150.123
28.625		150.123
28.75		150.123
28.875		150.123
29		150.123
29.125		154.118
29.25		154.118
29.375		154.118
29.5		154.118
29.625		154.118
29.75		154.118
29.875		154.118
30		154.118
30.125		161.31
30.25		161.31
30.375		161.31
30.5		161.31
30.625		161.31
30.75		161.31
30.875		161.31
31		161.31
31.125		177.491
31.25		177.491
31.375		177.491
31.5		177.491
31.625		177.491
31.75		177.491
31.875		177.491
32		177.491
32.125		182.185
32.25		182.185
32.375		182.185
32.5		182.185
32.625		182.185
32.75		182.185
32.875		182.185
33		182.185
33.125		184.382
33.25		184.382
33.375		184.382
33.5		184.382
33.625		184.382
33.75		184.382
33.875		184.382
34		184.382
34.125		202.461
34.25		202.461
34.375		202.461
34.5		202.461
34.625		202.461
34.75		202.461
34.875		202.461
35		202.461
35.125		205.458
35.25		205.458
35.375		205.458
35.5		205.458
35.625		205.458
35.75		205.458
35.875		205.458
36		205.458
36.125		212.449
36.25		212.449
36.375		212.449
36.5		212.449
36.625		212.449
36.75		212.449
36.875		212.449
37		212.449
37.125		222.438
37.25		222.438
37.375		222.438
37.5		222.438
37.625		222.438
37.75		222.438
37.875		222.438
38		222.438
38.125		228.331
38.25		228.331
38.375		228.331
38.5		228.331
38.625		228.331
38.75		228.331
38.875		228.331
39		228.331
39.125		234.024
39.25		234.024
39.375		234.024
39.5		234.024
39.625		234.024
39.75		234.024
39.875		234.024
40		234.024
40.125		249.905
40.25		249.905
40.375		249.905
40.5		249.905
40.625		249.905
40.75		249.905
40.875		249.905
41		249.905
41.125		255.099
41.25		255.099
41.375		255.099
41.5		255.099
41.625		255.099
41.75		255.099
41.875		255.099
42		255.099
42.125		267.384
42.25		267.384
42.375		267.384
42.5		267.384
42.625		267.384
42.75		267.384
42.875		267.384
43		267.384
43.125		268.483
43.25		268.483
43.375		268.483
43.5		268.483
43.625		268.483
43.75		268.483
43.875		268.483
44		268.483
44.125		271.08
44.25		271.08
44.375		271.08
44.5		271.08
44.625		271.08
44.75		271.08
44.875		271.08
45		271.08
45.125		277.273
45.25		277.273
45.375		277.273
45.5		277.273
45.625		277.273
45.75		277.273
45.875		277.273
46		277.273
46.125		291.955
46.25		291.955
46.375		291.955
46.5		291.955
46.625		291.955
46.75		291.955
46.875		291.955
47		291.955
47.125		292.255
47.25		292.255
47.375		292.255
47.5		292.255
47.625		292.255
47.75		292.255
47.875		292.255
48		292.255
48.125		304.441
48.25		304.441
48.375		304.441
48.5		304.441
48.625		304.441
48.75		304.441
48.875		304.441
49		304.441
49.125		306.538
49.25		306.538
49.375		306.538
49.5		306.538
49.625		306.538
49.75		306.538
49.875		306.538
50		306.538
50.125		316.726
50.25		316.726
50.375		316.726
50.5		316.726
50.625		316.726
50.75		316.726
50.875		316.726
51		316.726
51.125		317.326
51.25		317.326
51.375		317.326
51.5		317.326
51.625		317.326
51.75		317.326
51.875		317.326
52		317.326
52.125		326.415
52.25		326.415
52.375		326.415
52.5		326.415
52.625		326.415
52.75		326.415
52.875		326.415
53		326.415
53.125		331.808
53.25		331.808
53.375		331.808
53.5		331.808
53.625		331.808
53.75		331.808
53.875		331.808
54		331.808
54.125		346.591
54.25		346.591
54.375		346.591
54.5		346.591
54.625		346.591
54.75		346.591
54.875		346.591
55		346.591
55.125		354.582
55.25		354.582
55.375		354.582
55.5		354.582
55.625		354.582
55.75		354.582
55.875		354.582
56		354.582
56.125		355.281
56.25		355.281
56.375		355.281
56.5		355.281
56.625		355.281
56.75		355.281
56.875		355.281
57		355.281
57.125		356.28
57.25		356.28
57.375		356.28
57.5		356.28
57.625		356.28
57.75		356.28
57.875		356.28
58		356.28
58.125		377.554
58.25		377.554
58.375		377.554
58.5		377.554
58.625		377.554
58.75		377.554
58.875		377.554
59		377.554
59.125		380.651
59.25		380.651
59.375		380.651
59.5		380.651
59.625		380.651
59.75		380.651
59.875		380.651
60		380.651
60.125		389.241
60.25		389.241
60.375		389.241
60.5		389.241
60.625		389.241
60.75		389.241
60.875		389.241
61		389.241
61.125		392.737
61.25		392.737
61.375		392.737
61.5		392.737
61.625		392.737
61.75		392.737
61.875		392.737
62		392.737
62.125		402.125
62.25		402.125
62.375		402.125
62.5		402.125
62.625		402.125
62.75		402.125
62.875		402.125
63		402.125
63.125		410.216
63.25		410.216
63.375		410.216
63.5		410.216
63.625		410.216
63.75		410.216
63.875		410.216
64		410.216
64.125		416.409
64.25		416.409
64.375		416.409
64.5		416.409
64.625		416.409
64.75		416.409
64.875		416.409
65		416.409
65.125		430.991
65.25		430.991
65.375		430.991
65.5		430.991
65.625		430.991
65.75		430.991
65.875		430.991
66		430.991
66.125		435.186
66.25		435.186
66.375		435.186
66.5		435.186
66.625		435.186
66.75		435.186
66.875		435.186
67		435.186
67.125		449.07
67.25		449.07
67.375		449.07
67.5		449.07
67.625		449.07
67.75		449.07
67.875		449.07
68		449.07
68.125		458.059
68.25		458.059
68.375		458.059
68.5		458.059
68.625		458.059
68.75		458.059
68.875		458.059
69		458.059
69.125		464.452
69.25		464.452
69.375		464.452
69.5		464.452
69.625		464.452
69.75		464.452
69.875		464.452
70		464.452
70.125		465.251
70.25		465.251
70.375		465.251
70.5		465.251
70.625		465.251
70.75		465.251
70.875		465.251
71		465.251
71.125		479.934
71.25		479.934
71.375		479.934
71.5		479.934
71.625		479.934
71.75		479.934
71.875		479.934
72		479.934
72.125		499.91
72.25		499.91
72.375		499.91
72.5		499.91
72.625		499.91
72.75		499.91
72.875		499.91
73		499.91
73.125		501.508
73.25		501.508
73.375		501.508
73.5		501.508
73.625		501.508
73.75		501.508
73.875		501.508
74		501.508
74.125		507.002
74.25		507.002
74.375		507.002
74.5		507.002
74.625		507.002
74.75		507.002
74.875		507.002
75		507.002
75.125		512.096
75.25		512.096
75.375		512.096
75.5		512.096
75.625		512.096
75.75		512.096
75.875		512.096
76		512.096
76.125		530.174
76.25		530.174
76.375		530.174
76.5		530.174
76.625		530.174
76.75		530.174
76.875		530.174
77		530.174
77.125		536.866
77.25		536.866
77.375		536.866
77.5		536.866
77.625		536.866
77.75		536.866
77.875		536.866
78		536.866
78.125		550.45
78.25		550.45
78.375		550.45
78.5		550.45
78.625		550.45
78.75		550.45
78.875		550.45
79		550.45
79.125		554.046
79.25		554.046
79.375		554.046
79.5		554.046
79.625		554.046
79.75		554.046
79.875		554.046
80		554.046
80.125		579.516
80.25		579.516
80.375		579.516
80.5		579.516
80.625		579.516
80.75		579.516
80.875		579.516
81		579.516
81.125		580.515
81.25		580.515
81.375		580.515
81.5		580.515
81.625		580.515
81.75		580.515
81.875		580.515
82		580.515
82.125		585.01
82.25		585.01
82.375		585.01
82.5		585.01
82.625		585.01
82.75		585.01
82.875		585.01
83		585.01
83.125		590.204
83.25		590.204
83.375		590.204
83.5		590.204
83.625		590.204
83.75		590.204
83.875		590.204
84		590.204
84.125		602.09
84.25		602.09
84.375		602.09
84.5		602.09
84.625		602.09
84.75		602.09
84.875		602.09
85		602.09
85.125		627.759
85.25		627.759
85.375		627.759
85.5		627.759
85.625		627.759
85.75		627.759
85.875		627.759
86		627.759
86.125		631.255
86.25		631.255
86.375		631.255
86.5		631.255
86.625		631.255
86.75		631.255
86.875		631.255
87		631.255
87.125		635.55
87.25		635.55
87.375		635.55
87.5		635.55
87.625		635.55
87.75		635.55
87.875		635.55
88		635.55
88.125		647.536
88.25		647.536
88.375		647.536
88.5		647.536
88.625		647.536
88.75		647.536
88.875		647.536
89		647.536
89.125		649.534
89.25		649.534
89.375		649.534
89.5		649.534
89.625		649.534
89.75		649.534
89.875		649.534
90		649.534
90.125		668.811
90.25		668.811
90.375		668.811
90.5		668.811
90.625		668.811
90.75		668.811
90.875		668.811
91		668.811
91.125		682.395
91.25		682.395
91.375		682.395
91.5		682.395
91.625		682.395
91.75		682.395
91.875		682.395
92		682.395
92.125		692.783
92.25		692.783
92.375		692.783
92.5		692.783
92.625		692.783
92.75		692.783
92.875		692.783
93		692.783
93.125		699.575
93.25		699.575
93.375		699.575
93.5		699.575
93.625		699.575
93.75		699.575
93.875		699.575
94		699.575
94.125		707.465
94.25		707.465
94.375		707.465
94.5		707.465
94.625		707.465
94.75		707.465
94.875		707.465
95		707.465
95.125		720.849
95.25		720.849
95.375		720.849
95.5		720.849
95.625		720.849
95.75		720.849
95.875		720.849
96		720.849
96.125		722.448
96.25		722.448
96.375		722.448
96.5		722.448
96.625		722.448
96.75		722.448
96.875		722.448
97		722.448
97.125		739.827
97.25		739.827
97.375		739.827
97.5		739.827
97.625		739.827
97.75		739.827
97.875		739.827
98		739.827
98.125		744.322
98.25		744.322
98.375		744.322
98.5		744.322
98.625		744.322
98.75		744.322
98.875		744.322
99		744.322
99.125		754.41
99.25		754.41
99.375		754.41
99.5		754.41
99.625		754.41
99.75		754.41
99.875		754.41
100		754.41
100.125		767.494
100.25		767.494
100.375		767.494
100.5		767.494
100.625		767.494
100.75		767.494
100.875		767.494
101		767.494
101.125		779.68
101.25		779.68
101.375		779.68
101.5		779.68
101.625		779.68
101.75		779.68
101.875		779.68
102		779.68
102.125		796.26
102.25		796.26
102.375		796.26
102.5		796.26
102.625		796.26
102.75		796.26
102.875		796.26
103		796.26
103.125		809.045
103.25		809.045
103.375		809.045
103.5		809.045
103.625		809.045
103.75		809.045
103.875		809.045
104		809.045
104.125		811.442
104.25		811.442
104.375		811.442
104.5		811.442
104.625		811.442
104.75		811.442
104.875		811.442
105		811.442
105.125		816.936
105.25		816.936
105.375		816.936
105.5		816.936
105.625		816.936
105.75		816.936
105.875		816.936
106		816.936
106.125		838.411
106.25		838.411
106.375		838.411
106.5		838.411
106.625		838.411
106.75		838.411
106.875		838.411
107		838.411
107.125		850.696
107.25		850.696
107.375		850.696
107.5		850.696
107.625		850.696
107.75		850.696
107.875		850.696
108		850.696
108.125		851.595
108.25		851.595
108.375		851.595
108.5		851.595
108.625		851.595
108.75		851.595
108.875		851.595
109		851.595
109.125		867.277
109.25		867.277
109.375		867.277
109.5		867.277
109.625		867.277
109.75		867.277
109.875		867.277
110		867.277
110.125		881.06
110.25		881.06
110.375		881.06
110.5		881.06
110.625		881.06
110.75		881.06
110.875		881.06
111		881.06
111.125		892.147
111.25		892.147
111.375		892.147
111.5		892.147
111.625		892.147
111.75		892.147
111.875		892.147
112		892.147
112.125		896.143
112.25		896.143
112.375		896.143
112.5		896.143
112.625		896.143
112.75		896.143
112.875		896.143
113		896.143
113.125		905.931
113.25		905.931
113.375		905.931
113.5		905.931
113.625		905.931
113.75		905.931
113.875		905.931
114		905.931
114.125		906.63
114.25		906.63
114.375		906.63
114.5		906.63
114.625		906.63
114.75		906.63
114.875		906.63
115		906.63
115.125		918.716
115.25		918.716
115.375		918.716
115.5		918.716
115.625		918.716
115.75		918.716
115.875		918.716
116		918.716
116.125		927.006
116.25		927.006
116.375		927.006
116.5		927.006
116.625		927.006
116.75		927.006
116.875		927.006
117		927.006
117.125		950.578
117.25		950.578
117.375		950.578
117.5		950.578
117.625		950.578
117.75		950.578
117.875		950.578
118		950.578
118.125		952.376
118.25		952.376
118.375		952.376
118.5		952.376
118.625		952.376
118.75		952.376
118.875		952.376
119		952.376
119.125		953.175
119.25		953.175
119.375		953.175
119.5		953.175
119.625		953.175
119.75		953.175
119.875		953.175
120		953.175
120.125		977.846
120.25		977.846
120.375		977.846
120.5		977.846
120.625		977.846
120.75		977.846
120.875		977.846
121		977.846
121.125		987.135
121.25		987.135
121.375		987.135
121.5		987.135
121.625		987.135
121.75		987.135
121.875		987.135
122		987.135
122.125		988.034
122.25		988.034
122.375		988.034
122.5		988.034
122.625		988.034
122.75		988.034
122.875		988.034
123		988.034
123.125		994.227
123.25		994.227
123.375		994.227
123.5		994.227
123.625		994.227
123.75		994.227
123.875		994.227
124		994.227
124.125		1027.09
124.25		1027.09
124.375		1027.09
124.5		1027.09
124.625		1027.09
124.75		1027.09
124.875		1027.09
125		1027.09
125.125		1033.28
125.25		1033.28
125.375		1033.28
125.5		1033.28
125.625		1033.28
125.75		1033.28
125.875		1033.28
126		1033.28
126.125		1037.98
126.25		1037.98
126.375		1037.98
126.5		1037.98
126.625		1037.98
126.75		1037.98
126.875		1037.98
127		1037.98
127.125		1039.07
127.25		1039.07
127.375		1039.07
127.5		1039.07
127.625		1039.07
127.75		1039.07
127.875		1039.07
128		1039.07
128.125		1067.64
128.25		1067.64
128.375		1067.64
128.5		1067.64
128.625		1067.64
128.75		1067.64
128.875		1067.64
129		1067.64
129.125		1071.24
129.25		1071.24
129.375		1071.24
129.5		1071.24
129.625		1071.24
129.75		1071.24
129.875		1071.24
130		1071.24
130.125		1090.11
130.25		1090.11
130.375		1090.11
130.5		1090.11
130.625		1090.11
130.75		1090.11
130.875		1090.11
131		1090.11
131.125		1093.51
131.25		1093.51
131.375		1093.51
131.5		1093.51
131.625		1093.51
131.75		1093.51
131.875		1093.51
132		1093.51
132.125		1106.89
132.25		1106.89
132.375		1106.89
132.5		1106.89
132.625		1106.89
132.75		1106.89
132.875		1106.89
133		1106.89
133.125		1126.17
133.25		1126.17
133.375		1126.17
133.5		1126.17
133.625		1126.17
133.75		1126.17
133.875		1126.17
134		1126.17
134.125		1126.97
134.25		1126.97
134.375		1126.97
134.5		1126.97
134.625		1126.97
134.75		1126.97
134.875		1126.97
135		1126.97
135.125		1130.97
135.25		1130.97
135.375		1130.97
135.5		1130.97
135.625		1130.97
135.75		1130.97
135.875		1130.97
136		1130.97
136.125		1157.33
136.25		1157.33
136.375		1157.33
136.5		1157.33
136.625		1157.33
136.75		1157.33
136.875		1157.33
137		1157.33
137.125		1166.02
137.25		1166.02
137.375		1166.02
137.5		1166.02
137.625		1166.02
137.75		1166.02
137.875		1166.02
138		1166.02
138.125		1185.8
138.25		1185.8
138.375		1185.8
138.5		1185.8
138.625		1185.8
138.75		1185.8
138.875		1185.8
139		1185.8
139.125		1187
139.25		1187
139.375		1187
139.5		1187
139.625		1187
139.75		1187
139.875		1187
140		1187
140.125		1210.07
140.25		1210.07
140.375		1210.07
140.5		1210.07
140.625		1210.07
140.75		1210.07
140.875		1210.07
141		1210.07
141.125		1215.47
141.25		1215.47
141.375		1215.47
141.5		1215.47
141.625		1215.47
141.75		1215.47
141.875		1215.47
142		1215.47
142.125		1227.65
142.25		1227.65
142.375		1227.65
142.5		1227.65
142.625		1227.65
142.75		1227.65
142.875		1227.65
143		1227.65
143.125		1248.13
143.25		1248.13
143.375		1248.13
143.5		1248.13
143.625		1248.13
143.75		1248.13
143.875		1248.13
144		1248.13
144.125		1255.72
144.25		1255.72
144.375		1255.72
144.5		1255.72
144.625		1255.72
144.75		1255.72
144.875		1255.72
145		1255.72
145.125		1261.11
145.25		1261.11
145.375		1261.11
145.5		1261.11
145.625		1261.11
145.75		1261.11
145.875		1261.11
146		1261.11
146.125		1281.99
146.25		1281.99
146.375		1281.99
146.5		1281.99
146.625		1281.99
146.75		1281.99
146.875		1281.99
147		1281.99
147.125		1284.38
147.25		1284.38
147.375		1284.38
147.5		1284.38
147.625		1284.38
147.75		1284.38
147.875		1284.38
148		1284.38
148.125		1305.36
148.25		1305.36
148.375		1305.36
148.5		1305.36
148.625		1305.36
148.75		1305.36
148.875		1305.36
149		1305.36
149.125		1315.15
149.25		1315.15
149.375		1315.15
149.5		1315.15
149.625		1315.15
149.75		1315.15
149.875		1315.15
150		1315.15
150.125		1330.63
150.25		1330.63
150.375		1330.63
150.5		1330.63
150.625		1330.63
150.75		1330.63
150.875		1330.63
151		1330.63
151.125		1341.12
151.25		1341.12
151.375		1341.12
151.5		1341.12
151.625		1341.12
151.75		1341.12
151.875		1341.12
152		1341.12
152.125		1351.11
152.25		1351.11
152.375		1351.11
152.5		1351.11
152.625		1351.11
152.75		1351.11
152.875		1351.11
153		1351.11
153.125		1384.37
153.25		1384.37
153.375		1384.37
153.5		1384.37
153.625		1384.37
153.75		1384.37
153.875		1384.37
154		1384.37
154.125		1389.46
154.25		1389.46
154.375		1389.46
154.5		1389.46
154.625		1389.46
154.75		1389.46
154.875		1389.46
155		1389.46
155.125		1406.84
155.25		1406.84
155.375		1406.84
155.5		1406.84
155.625		1406.84
155.75		1406.84
155.875		1406.84
156		1406.84
156.125		1412.13
156.25		1412.13
156.375		1412.13
156.5		1412.13
156.625		1412.13
156.75		1412.13
156.875		1412.13
157		1412.13
157.125		1422.42
157.25		1422.42
157.375		1422.42
157.5		1422.42
157.625		1422.42
157.75		1422.42
157.875		1422.42
158		1422.42
158.125		1451.19
158.25		1451.19
158.375		1451.19
158.5		1451.19
158.625		1451.19
158.75		1451.19
158.875		1451.19
159		1451.19
159.125		1452.69
159.25		1452.69
159.375		1452.69
159.5		1452.69
159.625		1452.69
159.75		1452.69
159.875		1452.69
160		1452.69
160.125		1453.58
160.25		1453.58
160.375		1453.58
160.5		1453.58
160.625		1453.58
160.75		1453.58
160.875		1453.58
161		1453.58
161.125		1477.26
161.25		1477.26
161.375		1477.26
161.5		1477.26
161.625		1477.26
161.75		1477.26
161.875		1477.26
162		1477.26
162.125		1502.83
162.25		1502.83
162.375		1502.83
162.5		1502.83
162.625		1502.83
162.75		1502.83
162.875		1502.83
163		1502.83
163.125		1523.9
163.25		1523.9
163.375		1523.9
163.5		1523.9
163.625		1523.9
163.75		1523.9
163.875		1523.9
164		1523.9
164.125		1529.3
164.25		1529.3
164.375		1529.3
164.5		1529.3
164.625		1529.3
164.75		1529.3
164.875		1529.3
165		1529.3
165.125		1531.09
165.25		1531.09
165.375		1531.09
165.5		1531.09
165.625		1531.09
165.75		1531.09
165.875		1531.09
166		1531.09
166.125		1572.04
166.25		1572.04
166.375		1572.04
166.5		1572.04
166.625		1572.04
166.75		1572.04
166.875		1572.04
167		1572.04
167.125		1575.64
167.25		1575.64
167.375		1575.64
167.5		1575.64
167.625		1575.64
167.75		1575.64
167.875		1575.64
168		1575.64
168.125		1577.14
168.25		1577.14
168.375		1577.14
168.5		1577.14
168.625		1577.14
168.75		1577.14
168.875		1577.14
169		1577.14
169.125		1604.01
169.25		1604.01
169.375		1604.01
169.5		1604.01
169.625		1604.01
169.75		1604.01
169.875		1604.01
170		1604.01
170.125		1627.48
170.25		1627.48
170.375		1627.48
170.5		1627.48
170.625		1627.48
170.75		1627.48
170.875		1627.48
171		1627.48
171.125		1654.25
171.25		1654.25
171.375		1654.25
171.5		1654.25
171.625		1654.25
171.75		1654.25
171.875		1654.25
172		1654.25
172.125		1662.44
172.25		1662.44
172.375		1662.44
172.5		1662.44
172.625		1662.44
172.75		1662.44
172.875		1662.44
173		1662.44
173.125		1665.83
173.25		1665.83
173.375		1665.83
173.5		1665.83
173.625		1665.83
173.75		1665.83
173.875		1665.83
174		1665.83
174.125		1667.73
174.25		1667.73
174.375		1667.73
174.5		1667.73
174.625		1667.73
174.75		1667.73
174.875		1667.73
175		1667.73
175.125		1692.8
175.25		1692.8
175.375		1692.8
175.5		1692.8
175.625		1692.8
175.75		1692.8
175.875		1692.8
176		1692.8
176.125		1705.49
176.25		1705.49
176.375		1705.49
176.5		1705.49
176.625		1705.49
176.75		1705.49
176.875		1705.49
177		1705.49
177.125		1715.48
177.25		1715.48
177.375		1715.48
177.5		1715.48
177.625		1715.48
177.75		1715.48
177.875		1715.48
178		1715.48
178.125		1726.16
178.25		1726.16
178.375		1726.16
178.5		1726.16
178.625		1726.16
178.75		1726.16
178.875		1726.16
179		1726.16
179.125		1739.35
179.25		1739.35
179.375		1739.35
179.5		1739.35
179.625		1739.35
179.75		1739.35
179.875		1739.35
180		1739.35
180.125		1754.53
180.25		1754.53
180.375		1754.53
180.5		1754.53
180.625		1754.53
180.75		1754.53
180.875		1754.53
181		1754.53
181.125		1776.4
181.25		1776.4
181.375		1776.4
181.5		1776.4
181.625		1776.4
181.75		1776.4
181.875		1776.4
182		1776.4
182.125		1778.7
182.25		1778.7
182.375		1778.7
182.5		1778.7
182.625		1778.7
182.75		1778.7
182.875		1778.7
183		1778.7
183.125		1780
183.25		1780
183.375		1780
183.5		1780
183.625		1780
183.75		1780
183.875		1780
184		1780
184.125		1806.97
184.25		1806.97
184.375		1806.97
184.5		1806.97
184.625		1806.97
184.75		1806.97
184.875		1806.97
185		1806.97
185.125		1814.46
185.25		1814.46
185.375		1814.46
185.5		1814.46
185.625		1814.46
185.75		1814.46
185.875		1814.46
186		1814.46
186.125		1818.95
186.25		1818.95
186.375		1818.95
186.5		1818.95
186.625		1818.95
186.75		1818.95
186.875		1818.95
187		1818.95
187.125		1834.44
187.25		1834.44
187.375		1834.44
187.5		1834.44
187.625		1834.44
187.75		1834.44
187.875		1834.44
188		1834.44
188.125		1847.62
188.25		1847.62
188.375		1847.62
188.5		1847.62
188.625		1847.62
188.75		1847.62
188.875		1847.62
189		1847.62
189.125		1857.41
189.25		1857.41
189.375		1857.41
189.5		1857.41
189.625		1857.41
189.75		1857.41
189.875		1857.41
190		1857.41
190.125		1860.7
190.25		1860.7
190.375		1860.7
190.5		1860.7
190.625		1860.7
190.75		1860.7
190.875		1860.7
191		1860.7
191.125		1862.7
191.25		1862.7
191.375		1862.7
191.5		1862.7
191.625		1862.7
191.75		1862.7
191.875		1862.7
192		1862.7
192.125		1893.57
192.25		1893.57
192.375		1893.57
192.5		1893.57
192.625		1893.57
192.75		1893.57
192.875		1893.57
193		1893.57
193.125		1898.86
193.25		1898.86
193.375		1898.86
193.5		1898.86
193.625		1898.86
193.75		1898.86
193.875		1898.86
194		1898.86
194.125		1901.76
194.25		1901.76
194.375		1901.76
194.5		1901.76
194.625		1901.76
194.75		1901.76
194.875		1901.76
195		1901.76
195.125		1914.94
195.25		1914.94
195.375		1914.94
195.5		1914.94
195.625		1914.94
195.75		1914.94
195.875		1914.94
196		1914.94
196.125		1920.83
196.25		1920.83
196.375		1920.83
196.5		1920.83
196.625		1920.83
196.75		1920.83
196.875		1920.83
197		1920.83
197.125		1937.31
197.25		1937.31
197.375		1937.31
197.5		1937.31
197.625		1937.31
197.75		1937.31
197.875		1937.31
198		1937.31
198.125		1945.4
198.25		1945.4
198.375		1945.4
198.5		1945.4
198.625		1945.4
198.75		1945.4
198.875		1945.4
199		1945.4
199.125		1953.69
199.25		1953.69
199.375		1953.69
199.5		1953.69
199.625		1953.69
199.75		1953.69
199.875		1953.69
200		1953.69
200.125		1956.19
200.25		1956.19
200.375		1956.19
200.5		1956.19
200.625		1956.19
200.75		1956.19
200.875		1956.19
201		1956.19
201.125		1965.48
201.25		1965.48
201.375		1965.48
201.5		1965.48
201.625		1965.48
201.75		1965.48
201.875		1965.48
202		1965.48
202.125		1975.17
202.25		1975.17
202.375		1975.17
202.5		1975.17
202.625		1975.17
202.75		1975.17
202.875		1975.17
203		1975.17
203.125		1983.56
203.25		1983.56
203.375		1983.56
203.5		1983.56
203.625		1983.56
203.75		1983.56
203.875		1983.56
204		1983.56
204.125		1986.06
204.25		1986.06
204.375		1986.06
204.5		1986.06
204.625		1986.06
204.75		1986.06
204.875		1986.06
205		1986.06
205.125		2004.33
205.25		2004.33
205.375		2004.33
205.5		2004.33
205.625		2004.33
205.75		2004.33
205.875		2004.33
206		2004.33
206.125		2006.73
206.25		2006.73
206.375		2006.73
206.5		2006.73
206.625		2006.73
206.75		2006.73
206.875		2006.73
207		2006.73
207.125		2028.81
207.25		2028.81
207.375		2028.81
207.5		2028.81
207.625		2028.81
207.75		2028.81
207.875		2028.81
208		2028.81
208.125		2030.4
208.25		2030.4
208.375		2030.4
208.5		2030.4
208.625		2030.4
208.75		2030.4
208.875		2030.4
209		2030.4
209.125		2032.4
209.25		2032.4
209.375		2032.4
209.5		2032.4
209.625		2032.4
209.75		2032.4
209.875		2032.4
210		2032.4
210.125		2044.89
210.25		2044.89
210.375		2044.89
210.5		2044.89
210.625		2044.89
210.75		2044.89
210.875		2044.89
211		2044.89
211.125		2055.08
211.25		2055.08
211.375		2055.08
211.5		2055.08
211.625		2055.08
211.75		2055.08
211.875		2055.08
212		2055.08
212.125		2056.47
212.25		2056.47
212.375		2056.47
212.5		2056.47
212.625		2056.47
212.75		2056.47
212.875		2056.47
213		2056.47
213.125		2071.36
213.25		2071.36
213.375		2071.36
213.5		2071.36
213.625		2071.36
213.75		2071.36
213.875		2071.36
214		2071.36
214.125		2100.42
214.25		2100.42
214.375		2100.42
214.5		2100.42
214.625		2100.42
214.75		2100.42
214.875		2100.42
215		2100.42
215.125		2106.61
215.25		2106.61
215.375		2106.61
215.5		2106.61
215.625		2106.61
215.75		2106.61
215.875		2106.61
216		2106.61
216.125		2108.51
216.25		2108.51
216.375		2108.51
216.5		2108.51
216.625		2108.51
216.75		2108.51
216.875		2108.51
217		2108.51
217.125		2111.81
217.25		2111.81
217.375		2111.81
217.5		2111.81
217.625		2111.81
217.75		2111.81
217.875		2111.81
218		2111.81
218.125		2137.88
218.25		2137.88
218.375		2137.88
218.5		2137.88
218.625		2137.88
218.75		2137.88
218.875		2137.88
219		2137.88
219.125		2142.77
219.25		2142.77
219.375		2142.77
219.5		2142.77
219.625		2142.77
219.75		2142.77
219.875		2142.77
220		2142.77
220.125		2150.26
220.25		2150.26
220.375		2150.26
220.5		2150.26
220.625		2150.26
220.75		2150.26
220.875		2150.26
221		2150.26
221.125		2162.95
221.25		2162.95
221.375		2162.95
221.5		2162.95
221.625		2162.95
221.75		2162.95
221.875		2162.95
222		2162.95
222.125		2178.83
222.25		2178.83
222.375		2178.83
222.5		2178.83
222.625		2178.83
222.75		2178.83
222.875		2178.83
223		2178.83
223.125		2183.82
223.25		2183.82
223.375		2183.82
223.5		2183.82
223.625		2183.82
223.75		2183.82
223.875		2183.82
224		2183.82
224.125		2197.91
224.25		2197.91
224.375		2197.91
224.5		2197.91
224.625		2197.91
224.75		2197.91
224.875		2197.91
225		2197.91
225.125		2200.8
225.25		2200.8
225.375		2200.8
225.5		2200.8
225.625		2200.8
225.75		2200.8
225.875		2200.8
226		2200.8
226.125		2222.78
226.25		2222.78
226.375		2222.78
226.5		2222.78
226.625		2222.78
226.75		2222.78
226.875		2222.78
227		2222.78
227.125		2232.57
227.25		2232.57
227.375		2232.57
227.5		2232.57
227.625		2232.57
227.75		2232.57
227.875		2232.57
228		2232.57
228.125		2243.65
228.25		2243.65
228.375		2243.65
228.5		2243.65
228.625		2243.65
228.75		2243.65
228.875		2243.65
229		2243.65
229.125		2250.64
229.25		2250.64
229.375		2250.64
229.5		2250.64
229.625		2250.64
229.75		2250.64
229.875		2250.64
230		2250.64
230.125		2261.83
230.25		2261.83
230.375		2261.83
230.5		2261.83
230.625		2261.83
230.75		2261.83
230.875		2261.83
231		2261.83
231.125		2270.62
231.25		2270.62
231.375		2270.62
231.5		2270.62
231.625		2270.62
231.75		2270.62
231.875		2270.62
232		2270.62
232.125		2288.7
232.25		2288.7
232.375		2288.7
232.5		2288.7
232.625		2288.7
232.75		2288.7
232.875		2288.7
233		2288.7
233.125		2301.08
233.25		2301.08
233.375		2301.08
233.5		2301.08
233.625		2301.08
233.75		2301.08
233.875		2301.08
234		2301.08
234.125		2301.68
234.25		2301.68
234.375		2301.68
234.5		2301.68
234.625		2301.68
234.75		2301.68
234.875		2301.68
235		2301.68
235.125		2312.17
235.25		2312.17
235.375		2312.17
235.5		2312.17
235.625		2312.17
235.75		2312.17
235.875		2312.17
236		2312.17
236.125		2331.45
236.25		2331.45
236.375		2331.45
236.5		2331.45
236.625		2331.45
236.75		2331.45
236.875		2331.45
237		2331.45
237.125		2336.84
237.25		2336.84
237.375		2336.84
237.5		2336.84
237.625		2336.84
237.75		2336.84
237.875		2336.84
238		2336.84
238.125		2339.34
238.25		2339.34
238.375		2339.34
238.5		2339.34
238.625		2339.34
238.75		2339.34
238.875		2339.34
239		2339.34
239.125		2358.72
239.25		2358.72
239.375		2358.72
239.5		2358.72
239.625		2358.72
239.75		2358.72
239.875		2358.72
240		2358.72
240.125		2379.59
240.25		2379.59
240.375		2379.59
240.5		2379.59
240.625		2379.59
240.75		2379.59
240.875		2379.59
241		2379.59
241.125		2390.78
241.25		2390.78
241.375		2390.78
241.5		2390.78
241.625		2390.78
241.75		2390.78
241.875		2390.78
242		2390.78
242.125		2392.28
242.25		2392.28
242.375		2392.28
242.5		2392.28
242.625		2392.28
242.75		2392.28
242.875		2392.28
243		2392.28
243.125		2398.17
243.25		2398.17
243.375		2398.17
243.5		2398.17
243.625		2398.17
243.75		2398.17
243.875		2398.17
244		2398.17
244.125		2410.56
244.25		2410.56
244.375		2410.56
244.5		2410.56
244.625		2410.56
244.75		2410.56
244.875		2410.56
245		2410.56
245.125		2421.14
245.25		2421.14
245.375		2421.14
245.5		2421.14
245.625		2421.14
245.75		2421.14
245.875		2421.14
246		2421.14
246.125		2433.23
246.25		2433.23
246.375		2433.23
246.5		2433.23
246.625		2433.23
246.75		2433.23
246.875		2433.23
247		2433.23
247.125		2445.61
247.25		2445.61
247.375		2445.61
247.5		2445.61
247.625		2445.61
247.75		2445.61
247.875		2445.61
248		2445.61
248.125		2448.51
248.25		2448.51
248.375		2448.51
248.5		2448.51
248.625		2448.51
248.75		2448.51
248.875		2448.51
249		2448.51
249.125		2463.79
249.25		2463.79
249.375		2463.79
249.5		2463.79
249.625		2463.79
249.75		2463.79
249.875		2463.79
250		2463.79
250.125		2470.68
250.25		2470.68
250.375		2470.68
250.5		2470.68
250.625		2470.68
250.75		2470.68
250.875		2470.68
251		2470.68
251.125		2473.18
251.25		2473.18
251.375		2473.18
251.5		2473.18
251.625		2473.18
251.75		2473.18
251.875		2473.18
252		2473.18
252.125		2482.47
252.25		2482.47
252.375		2482.47
252.5		2482.47
252.625		2482.47
252.75		2482.47
252.875		2482.47
253		2482.47
253.125		2497.55
253.25		2497.55
253.375		2497.55
253.5		2497.55
253.625		2497.55
253.75		2497.55
253.875		2497.55
254		2497.55
254.125		2511.14
254.25		2511.14
254.375		2511.14
254.5		2511.14
254.625		2511.14
254.75		2511.14
254.875		2511.14
255		2511.14
255.125		2523.32
255.25		2523.32
255.375		2523.32
255.5		2523.32
255.625		2523.32
255.75		2523.32
255.875		2523.32
256		2523.32
256.125		2526.22
256.25		2526.22
256.375		2526.22
256.5		2526.22
256.625		2526.22
256.75		2526.22
256.875		2526.22
257		2526.22
257.125		2528.72
257.25		2528.72
257.375		2528.72
257.5		2528.72
257.625		2528.72
257.75		2528.72
257.875		2528.72
258		2528.72
258.125		2546
258.25		2546
258.375		2546
258.5		2546
258.625		2546
258.75		2546
258.875		2546
259		2546
259.125		2559.88
259.25		2559.88
259.375		2559.88
259.5		2559.88
259.625		2559.88
259.75		2559.88
259.875		2559.88
260		2559.88
260.125		2562.38
260.25		2562.38
260.375		2562.38
260.5		2562.38
260.625		2562.38
260.75		2562.38
260.875		2562.38
261		2562.38
261.125		2563.18
261.25		2563.18
261.375		2563.18
261.5		2563.18
261.625		2563.18
261.75		2563.18
261.875		2563.18
262		2563.18
262.125		2581.45
262.25		2581.45
262.375		2581.45
262.5		2581.45
262.625		2581.45
262.75		2581.45
262.875		2581.45
263		2581.45
263.125		2589.24
263.25		2589.24
263.375		2589.24
263.5		2589.24
263.625		2589.24
263.75		2589.24
263.875		2589.24
264		2589.24
264.125		2598.93
264.25		2598.93
264.375		2598.93
264.5		2598.93
264.625		2598.93
264.75		2598.93
264.875		2598.93
265		2598.93
265.125		2616.51
265.25		2616.51
265.375		2616.51
265.5		2616.51
265.625		2616.51
265.75		2616.51
265.875		2616.51
266		2616.51
266.125		2624.1
266.25		2624.1
266.375		2624.1
266.5		2624.1
266.625		2624.1
266.75		2624.1
266.875		2624.1
267		2624.1
267.125		2625.6
267.25		2625.6
267.375		2625.6
267.5		2625.6
267.625		2625.6
267.75		2625.6
267.875		2625.6
268		2625.6
268.125		2634.69
268.25		2634.69
268.375		2634.69
268.5		2634.69
268.625		2634.69
268.75		2634.69
268.875		2634.69
269		2634.69
269.125		2637.29
269.25		2637.29
269.375		2637.29
269.5		2637.29
269.625		2637.29
269.75		2637.29
269.875		2637.29
270		2637.29
270.125		2654.27
270.25		2654.27
270.375		2654.27
270.5		2654.27
270.625		2654.27
270.75		2654.27
270.875		2654.27
271		2654.27
271.125		2666.95
271.25		2666.95
271.375		2666.95
271.5		2666.95
271.625		2666.95
271.75		2666.95
271.875		2666.95
272		2666.95
272.125		2678.44
272.25		2678.44
272.375		2678.44
272.5		2678.44
272.625		2678.44
272.75		2678.44
272.875		2678.44
273		2678.44
273.125		2684.93
273.25		2684.93
273.375		2684.93
273.5		2684.93
273.625		2684.93
273.75		2684.93
273.875		2684.93
274		2684.93
274.125		2687.43
274.25		2687.43
274.375		2687.43
274.5		2687.43
274.625		2687.43
274.75		2687.43
274.875		2687.43
275		2687.43
275.125		2703.71
275.25		2703.71
275.375		2703.71
275.5		2703.71
275.625		2703.71
275.75		2703.71
275.875		2703.71
276		2703.71
276.125		2713.4
276.25		2713.4
276.375		2713.4
276.5		2713.4
276.625		2713.4
276.75		2713.4
276.875		2713.4
277		2713.4
277.125		2722.09
277.25		2722.09
277.375		2722.09
277.5		2722.09
277.625		2722.09
277.75		2722.09
277.875		2722.09
278		2722.09
278.125		2729.58
278.25		2729.58
278.375		2729.58
278.5		2729.58
278.625		2729.58
278.75		2729.58
278.875		2729.58
279		2729.58
279.125		2743.76
279.25		2743.76
279.375		2743.76
279.5		2743.76
279.625		2743.76
279.75		2743.76
279.875		2743.76
280		2743.76
280.125		2767.13
280.25		2767.13
280.375		2767.13
280.5		2767.13
280.625		2767.13
280.75		2767.13
280.875		2767.13
281		2767.13
281.125		2770.33
281.25		2770.33
281.375		2770.33
281.5		2770.33
281.625		2770.33
281.75		2770.33
281.875		2770.33
282		2770.33
282.125		2777.32
282.25		2777.32
282.375		2777.32
282.5		2777.32
282.625		2777.32
282.75		2777.32
282.875		2777.32
283		2777.32
283.125		2811.28
283.25		2811.28
283.375		2811.28
283.5		2811.28
283.625		2811.28
283.75		2811.28
283.875		2811.28
284		2811.28
284.125		2813.28
284.25		2813.28
284.375		2813.28
284.5		2813.28
284.625		2813.28
284.75		2813.28
284.875		2813.28
285		2813.28
285.125		2818.97
285.25		2818.97
285.375		2818.97
285.5		2818.97
285.625		2818.97
285.75		2818.97
285.875		2818.97
286		2818.97
286.125		2840.45
286.25		2840.45
286.375		2840.45
286.5		2840.45
286.625		2840.45
286.75		2840.45
286.875		2840.45
287		2840.45
287.125		2847.74
287.25		2847.74
287.375		2847.74
287.5		2847.74
287.625		2847.74
287.75		2847.74
287.875		2847.74
288		2847.74
288.125		2853.73
288.25		2853.73
288.375		2853.73
288.5		2853.73
288.625		2853.73
288.75		2853.73
288.875		2853.73
289		2853.73
289.125		2865.62
289.25		2865.62
289.375		2865.62
289.5		2865.62
289.625		2865.62
289.75		2865.62
289.875		2865.62
290		2865.62
290.125		2865.62
290.25		2865.62
290.375		2865.62
290.5		2865.62
290.625		2865.62
290.75		2865.62
290.875		2865.62
291		2865.62
291.125		2881.7
291.25		2881.7
291.375		2881.7
291.5		2881.7
291.625		2881.7
291.75		2881.7
291.875		2881.7
292		2881.7
292.125		2891.69
292.25		2891.69
292.375		2891.69
292.5		2891.69
292.625		2891.69
292.75		2891.69
292.875		2891.69
293		2891.69
293.125		2906.37
293.25		2906.37
293.375		2906.37
293.5		2906.37
293.625		2906.37
293.75		2906.37
293.875		2906.37
294		2906.37
294.125		2919.46
294.25		2919.46
294.375		2919.46
294.5		2919.46
294.625		2919.46
294.75		2919.46
294.875		2919.46
295		2919.46
295.125		2947.62
295.25		2947.62
295.375		2947.62
295.5		2947.62
295.625		2947.62
295.75		2947.62
295.875		2947.62
296		2947.62
296.125		2959.31
296.25		2959.31
296.375		2959.31
296.5		2959.31
296.625		2959.31
296.75		2959.31
296.875		2959.31
297		2959.31
297.125		2967.6
297.25		2967.6
297.375		2967.6
297.5		2967.6
297.625		2967.6
297.75		2967.6
297.875		2967.6
298		2967.6
298.125		2978.98
298.25		2978.98
298.375		2978.98
298.5		2978.98
298.625		2978.98
298.75		2978.98
298.875		2978.98
299		2978.98
299.125		2999.76
299.25		2999.76
299.375		2999.76
299.5		2999.76
299.625		2999.76
299.75		2999.76
299.875		2999.76
300		2999.76
300.125		3010.85
300.25		3010.85
300.375		3010.85
300.5		3010.85
300.625		3010.85
300.75		3010.85
300.875		3010.85
301		3010.85
301.125		3026.03
301.25		3026.03
301.375		3026.03
301.5		3026.03
301.625		3026.03
301.75		3026.03
301.875		3026.03
302		3026.03
302.125		3029.03
302.25		3029.03
302.375		3029.03
302.5		3029.03
302.625		3029.03
302.75		3029.03
302.875		3029.03
303		3029.03
303.125		3035.42
303.25		3035.42
303.375		3035.42
303.5		3035.42
303.625		3035.42
303.75		3035.42
303.875		3035.42
304		3035.42
304.125		3047.9
304.25		3047.9
304.375		3047.9
304.5		3047.9
304.625		3047.9
304.75		3047.9
304.875		3047.9
305		3047.9
305.125		3052.3
305.25		3052.3
305.375		3052.3
305.5		3052.3
305.625		3052.3
305.75		3052.3
305.875		3052.3
306		3052.3
306.125		3069.58
306.25		3069.58
306.375		3069.58
306.5		3069.58
306.625		3069.58
306.75		3069.58
306.875		3069.58
307		3069.58
307.125		3082.46
307.25		3082.46
307.375		3082.46
307.5		3082.46
307.625		3082.46
307.75		3082.46
307.875		3082.46
308		3082.46
308.125		3084.46
308.25		3084.46
308.375		3084.46
308.5		3084.46
308.625		3084.46
308.75		3084.46
308.875		3084.46
309		3084.46
309.125		3091.55
309.25		3091.55
309.375		3091.55
309.5		3091.55
309.625		3091.55
309.75		3091.55
309.875		3091.55
310		3091.55
310.125		3102.84
310.25		3102.84
310.375		3102.84
310.5		3102.84
310.625		3102.84
310.75		3102.84
310.875		3102.84
311		3102.84
311.125		3112.33
311.25		3112.33
311.375		3112.33
311.5		3112.33
311.625		3112.33
311.75		3112.33
311.875		3112.33
312		3112.33
312.125		3117.42
312.25		3117.42
312.375		3117.42
312.5		3117.42
312.625		3117.42
312.75		3117.42
312.875		3117.42
313		3117.42
313.125		3131.5
313.25		3131.5
313.375		3131.5
313.5		3131.5
313.625		3131.5
313.75		3131.5
313.875		3131.5
314		3131.5
314.125		3155.88
314.25		3155.88
314.375		3155.88
314.5		3155.88
314.625		3155.88
314.75		3155.88
314.875		3155.88
315		3155.88
315.125		3162.17
315.25		3162.17
315.375		3162.17
315.5		3162.17
315.625		3162.17
315.75		3162.17
315.875		3162.17
316		3162.17
316.125		3166.76
316.25		3166.76
316.375		3166.76
316.5		3166.76
316.625		3166.76
316.75		3166.76
316.875		3166.76
317		3166.76
317.125		3168.96
317.25		3168.96
317.375		3168.96
317.5		3168.96
317.625		3168.96
317.75		3168.96
317.875		3168.96
318		3168.96
318.125		3196.03
318.25		3196.03
318.375		3196.03
318.5		3196.03
318.625		3196.03
318.75		3196.03
318.875		3196.03
319		3196.03
319.125		3198.83
319.25		3198.83
319.375		3198.83
319.5		3198.83
319.625		3198.83
319.75		3198.83
319.875		3198.83
320		3198.83
320.125		3199.32
320.25		3199.32
320.375		3199.32
320.5		3199.32
320.625		3199.32
320.75		3199.32
320.875		3199.32
321		3199.32
321.125		3219.3
321.25		3219.3
321.375		3219.3
321.5		3219.3
321.625		3219.3
321.75		3219.3
321.875		3219.3
322		3219.3
322.125		3224.2
322.25		3224.2
322.375		3224.2
322.5		3224.2
322.625		3224.2
322.75		3224.2
322.875		3224.2
323		3224.2
323.125		3236.48
323.25		3236.48
323.375		3236.48
323.5		3236.48
323.625		3236.48
323.75		3236.48
323.875		3236.48
324		3236.48
324.125		3243.27
324.25		3243.27
324.375		3243.27
324.5		3243.27
324.625		3243.27
324.75		3243.27
324.875		3243.27
325		3243.27
325.125		3251.76
325.25		3251.76
325.375		3251.76
325.5		3251.76
325.625		3251.76
325.75		3251.76
325.875		3251.76
326		3251.76
326.125		3259.35
326.25		3259.35
326.375		3259.35
326.5		3259.35
326.625		3259.35
326.75		3259.35
326.875		3259.35
327		3259.35
327.125		3274.84
327.25		3274.84
327.375		3274.84
327.5		3274.84
327.625		3274.84
327.75		3274.84
327.875		3274.84
328		3274.84
328.125		3275.93
328.25		3275.93
328.375		3275.93
328.5		3275.93
328.625		3275.93
328.75		3275.93
328.875		3275.93
329		3275.93
329.125		3287.92
329.25		3287.92
329.375		3287.92
329.5		3287.92
329.625		3287.92
329.75		3287.92
329.875		3287.92
330		3287.92
330.125		3304.1
330.25		3304.1
330.375		3304.1
330.5		3304.1
330.625		3304.1
330.75		3304.1
330.875		3304.1
331		3304.1
331.125		3314.19
331.25		3314.19
331.375		3314.19
331.5		3314.19
331.625		3314.19
331.75		3314.19
331.875		3314.19
332		3314.19
332.125		3315.49
332.25		3315.49
332.375		3315.49
332.5		3315.49
332.625		3315.49
332.75		3315.49
332.875		3315.49
333		3315.49
333.125		3337.76
333.25		3337.76
333.375		3337.76
333.5		3337.76
333.625		3337.76
333.75		3337.76
333.875		3337.76
334		3337.76
334.125		3338.96
334.25		3338.96
334.375		3338.96
334.5		3338.96
334.625		3338.96
334.75		3338.96
334.875		3338.96
335		3338.96
335.125		3361.53
335.25		3361.53
335.375		3361.53
335.5		3361.53
335.625		3361.53
335.75		3361.53
335.875		3361.53
336		3361.53
336.125		3364.13
336.25		3364.13
336.375		3364.13
336.5		3364.13
336.625		3364.13
336.75		3364.13
336.875		3364.13
337		3364.13
337.125		3370.62
337.25		3370.62
337.375		3370.62
337.5		3370.62
337.625		3370.62
337.75		3370.62
337.875		3370.62
338		3370.62
338.125		3382.41
338.25		3382.41
338.375		3382.41
338.5		3382.41
338.625		3382.41
338.75		3382.41
338.875		3382.41
339		3382.41
339.125		3398.09
339.25		3398.09
339.375		3398.09
339.5		3398.09
339.625		3398.09
339.75		3398.09
339.875		3398.09
340		3398.09
340.125		3409.88
340.25		3409.88
340.375		3409.88
340.5		3409.88
340.625		3409.88
340.75		3409.88
340.875		3409.88
341		3409.88
341.125		3416.27
341.25		3416.27
341.375		3416.27
341.5		3416.27
341.625		3416.27
341.75		3416.27
341.875		3416.27
342		3416.27
342.125		3430.05
342.25		3430.05
342.375		3430.05
342.5		3430.05
342.625		3430.05
342.75		3430.05
342.875		3430.05
343		3430.05
343.125		3443.44
343.25		3443.44
343.375		3443.44
343.5		3443.44
343.625		3443.44
343.75		3443.44
343.875		3443.44
344		3443.44
344.125		3469.91
344.25		3469.91
344.375		3469.91
344.5		3469.91
344.625		3469.91
344.75		3469.91
344.875		3469.91
345		3469.91
345.125		3477.1
345.25		3477.1
345.375		3477.1
345.5		3477.1
345.625		3477.1
345.75		3477.1
345.875		3477.1
346		3477.1
346.125		3478.3
346.25		3478.3
346.375		3478.3
346.5		3478.3
346.625		3478.3
346.75		3478.3
346.875		3478.3
347		3478.3
347.125		3486.89
347.25		3486.89
347.375		3486.89
347.5		3486.89
347.625		3486.89
347.75		3486.89
347.875		3486.89
348		3486.89
348.125		3488.78
348.25		3488.78
348.375		3488.78
348.5		3488.78
348.625		3488.78
348.75		3488.78
348.875		3488.78
349		3488.78
349.125		3520.55
349.25		3520.55
349.375		3520.55
349.5		3520.55
349.625		3520.55
349.75		3520.55
349.875		3520.55
350		3520.55
350.125		3521.64
350.25		3521.64
350.375		3521.64
350.5		3521.64
350.625		3521.64
350.75		3521.64
350.875		3521.64
351		3521.64
351.125		3532.93
351.25		3532.93
351.375		3532.93
351.5		3532.93
351.625		3532.93
351.75		3532.93
351.875		3532.93
352		3532.93
352.125		3532.93
352.25		3532.93
352.375		3532.93
352.5		3532.93
352.625		3532.93
352.75		3532.93
352.875		3532.93
353		3532.93
353.125		3542.32
353.25		3542.32
353.375		3542.32
353.5		3542.32
353.625		3542.32
353.75		3542.32
353.875		3542.32
354		3542.32
354.125		3549.01
354.25		3549.01
354.375		3549.01
354.5		3549.01
354.625		3549.01
354.75		3549.01
354.875		3549.01
355		3549.01
355.125		3568.39
355.25		3568.39
355.375		3568.39
355.5		3568.39
355.625		3568.39
355.75		3568.39
355.875		3568.39
356		3568.39
356.125		3580.97
356.25		3580.97
356.375		3580.97
356.5		3580.97
356.625		3580.97
356.75		3580.97
356.875		3580.97
357		3580.97
357.125		3592.66
357.25		3592.66
357.375		3592.66
357.5		3592.66
357.625		3592.66
357.75		3592.66
357.875		3592.66
358		3592.66
358.125		3600.65
358.25		3600.65
358.375		3600.65
358.5		3600.65
358.625		3600.65
358.75		3600.65
358.875		3600.65
359		3600.65
359.125		3627.02
359.25		3627.02
359.375		3627.02
359.5		3627.02
359.625		3627.02
359.75		3627.02
359.875		3627.02
360		3627.02
360.125		3629.32
360.25		3629.32
360.375		3629.32
360.5		3629.32
360.625		3629.32
360.75		3629.32
360.875		3629.32
361		3629.32
361.125		3652.49
361.25		3652.49
361.375		3652.49
361.5		3652.49
361.625		3652.49
361.75		3652.49
361.875		3652.49
362		3652.49
362.125		3670.27
362.25		3670.27
362.375		3670.27
362.5		3670.27
362.625		3670.27
362.75		3670.27
362.875		3670.27
363		3670.27
363.125		3671.97
363.25		3671.97
363.375		3671.97
363.5		3671.97
363.625		3671.97
363.75		3671.97
363.875		3671.97
364		3671.97
364.125		3686.05
364.25		3686.05
364.375		3686.05
364.5		3686.05
364.625		3686.05
364.75		3686.05
364.875		3686.05
365		3686.05
365.125		3696.64
365.25		3696.64
365.375		3696.64
365.5		3696.64
365.625		3696.64
365.75		3696.64
365.875		3696.64
366		3696.64
366.125		3709.12
366.25		3709.12
366.375		3709.12
366.5		3709.12
366.625		3709.12
366.75		3709.12
366.875		3709.12
367		3709.12
367.125		3731.5
367.25		3731.5
367.375		3731.5
367.5		3731.5
367.625		3731.5
367.75		3731.5
367.875		3731.5
368		3731.5
368.125		3734.99
368.25		3734.99
368.375		3734.99
368.5		3734.99
368.625		3734.99
368.75		3734.99
368.875		3734.99
369		3734.99
369.125		3746.78
369.25		3746.78
369.375		3746.78
369.5		3746.78
369.625		3746.78
369.75		3746.78
369.875		3746.78
370		3746.78
370.125		3764.26
370.25		3764.26
370.375		3764.26
370.5		3764.26
370.625		3764.26
370.75		3764.26
370.875		3764.26
371		3764.26
371.125		3767.25
371.25		3767.25
371.375		3767.25
371.5		3767.25
371.625		3767.25
371.75		3767.25
371.875		3767.25
372		3767.25
372.125		3789.83
372.25		3789.83
372.375		3789.83
372.5		3789.83
372.625		3789.83
372.75		3789.83
372.875		3789.83
373		3789.83
373.125		3793.42
373.25		3793.42
373.375		3793.42
373.5		3793.42
373.625		3793.42
373.75		3793.42
373.875		3793.42
374		3793.42
374.125		3812.7
374.25		3812.7
374.375		3812.7
374.5		3812.7
374.625		3812.7
374.75		3812.7
374.875		3812.7
375		3812.7
375.125		3824.39
375.25		3824.39
375.375		3824.39
375.5		3824.39
375.625		3824.39
375.75		3824.39
375.875		3824.39
376		3824.39
376.125		3825.19
376.25		3825.19
376.375		3825.19
376.5		3825.19
376.625		3825.19
376.75		3825.19
376.875		3825.19
377		3825.19
377.125		3851.26
377.25		3851.26
377.375		3851.26
377.5		3851.26
377.625		3851.26
377.75		3851.26
377.875		3851.26
378		3851.26
378.125		3855.25
378.25		3855.25
378.375		3855.25
378.5		3855.25
378.625		3855.25
378.75		3855.25
378.875		3855.25
379		3855.25
379.125		3858.85
379.25		3858.85
379.375		3858.85
379.5		3858.85
379.625		3858.85
379.75		3858.85
379.875		3858.85
380		3858.85
380.125		3885.42
380.25		3885.42
380.375		3885.42
380.5		3885.42
380.625		3885.42
380.75		3885.42
380.875		3885.42
381		3885.42
381.125		3886.21
381.25		3886.21
381.375		3886.21
381.5		3886.21
381.625		3886.21
381.75		3886.21
381.875		3886.21
382		3886.21
382.125		3902.99
382.25		3902.99
382.375		3902.99
382.5		3902.99
382.625		3902.99
382.75		3902.99
382.875		3902.99
383		3902.99
383.125		3916.28
383.25		3916.28
383.375		3916.28
383.5		3916.28
383.625		3916.28
383.75		3916.28
383.875		3916.28
384		3916.28
384.125		3924.27
384.25		3924.27
384.375		3924.27
384.5		3924.27
384.625		3924.27
384.75		3924.27
384.875		3924.27
385		3924.27
385.125		3949.24
385.25		3949.24
385.375		3949.24
385.5		3949.24
385.625		3949.24
385.75		3949.24
385.875		3949.24
386		3949.24
386.125		3956.43
386.25		3956.43
386.375		3956.43
386.5		3956.43
386.625		3956.43
386.75		3956.43
386.875		3956.43
387		3956.43
387.125		3966.02
387.25		3966.02
387.375		3966.02
387.5		3966.02
387.625		3966.02
387.75		3966.02
387.875		3966.02
388		3966.02
388.125		3977.81
388.25		3977.81
388.375		3977.81
388.5		3977.81
388.625		3977.81
388.75		3977.81
388.875		3977.81
389		3977.81
389.125		3989.19
389.25		3989.19
389.375		3989.19
389.5		3989.19
389.625		3989.19
389.75		3989.19
389.875		3989.19
390		3989.19
390.125		4000.98
390.25		4000.98
390.375		4000.98
390.5		4000.98
390.625		4000.98
390.75		4000.98
390.875		4000.98
391		4000.98
391.125		4021.16
391.25		4021.16
391.375		4021.16
391.5		4021.16
391.625		4021.16
391.75		4021.16
391.875		4021.16
392		4021.16
392.125		4032.74
392.25		4032.74
392.375		4032.74
392.5		4032.74
392.625		4032.74
392.75		4032.74
392.875		4032.74
393		4032.74
393.125		4044.53
393.25		4044.53
393.375		4044.53
393.5		4044.53
393.625		4044.53
393.75		4044.53
393.875		4044.53
394		4044.53
394.125		4051.92
394.25		4051.92
394.375		4051.92
394.5		4051.92
394.625		4051.92
394.75		4051.92
394.875		4051.92
395		4051.92
395.125		4058.11
395.25		4058.11
395.375		4058.11
395.5		4058.11
395.625		4058.11
395.75		4058.11
395.875		4058.11
396		4058.11
396.125		4069.5
396.25		4069.5
396.375		4069.5
396.5		4069.5
396.625		4069.5
396.75		4069.5
396.875		4069.5
397		4069.5
397.125		4105.46
397.25		4105.46
397.375		4105.46
397.5		4105.46
397.625		4105.46
397.75		4105.46
397.875		4105.46
398		4105.46
398.125		4106.75
398.25		4106.75
398.375		4106.75
398.5		4106.75
398.625		4106.75
398.75		4106.75
398.875		4106.75
399		4106.75
399.125		4109.65
399.25		4109.65
399.375		4109.65
399.5		4109.65
399.625		4109.65
399.75		4109.65
399.875		4109.65
400		4109.65
400.125		4126.63
400.25		4126.63
400.375		4126.63
400.5		4126.63
400.625		4126.63
400.75		4126.63
400.875		4126.63
401		4126.63
401.125		4130.03
401.25		4130.03
401.375		4130.03
401.5		4130.03
401.625		4130.03
401.75		4130.03
401.875		4130.03
402		4130.03
402.125		4163.99
402.25		4163.99
402.375		4163.99
402.5		4163.99
402.625		4163.99
402.75		4163.99
402.875		4163.99
403		4163.99
403.125		4171.18
403.25		4171.18
403.375		4171.18
403.5		4171.18
403.625		4171.18
403.75		4171.18
403.875		4171.18
404		4171.18
404.125		4172.58
404.25		4172.58
404.375		4172.58
404.5		4172.58
404.625		4172.58
404.75		4172.58
404.875		4172.58
405		4172.58
405.125		4190.85
405.25		4190.85
405.375		4190.85
405.5		4190.85
405.625		4190.85
405.75		4190.85
405.875		4190.85
406		4190.85
406.125		4205.14
406.25		4205.14
406.375		4205.14
406.5		4205.14
406.625		4205.14
406.75		4205.14
406.875		4205.14
407		4205.14
407.125		4213.63
407.25		4213.63
407.375		4213.63
407.5		4213.63
407.625		4213.63
407.75		4213.63
407.875		4213.63
408		4213.63
408.125		4222.42
408.25		4222.42
408.375		4222.42
408.5		4222.42
408.625		4222.42
408.75		4222.42
408.875		4222.42
409		4222.42
409.125		4230.01
409.25		4230.01
409.375		4230.01
409.5		4230.01
409.625		4230.01
409.75		4230.01
409.875		4230.01
410		4230.01
410.125		4243.79
410.25		4243.79
410.375		4243.79
410.5		4243.79
410.625		4243.79
410.75		4243.79
410.875		4243.79
411		4243.79
411.125		4255.38
411.25		4255.38
411.375		4255.38
411.5		4255.38
411.625		4255.38
411.75		4255.38
411.875		4255.38
412		4255.38
412.125		4264.87
412.25		4264.87
412.375		4264.87
412.5		4264.87
412.625		4264.87
412.75		4264.87
412.875		4264.87
413		4264.87
413.125		4275.06
413.25		4275.06
413.375		4275.06
413.5		4275.06
413.625		4275.06
413.75		4275.06
413.875		4275.06
414		4275.06
414.125		4282.35
414.25		4282.35
414.375		4282.35
414.5		4282.35
414.625		4282.35
414.75		4282.35
414.875		4282.35
415		4282.35
415.125		4297.33
415.25		4297.33
415.375		4297.33
415.5		4297.33
415.625		4297.33
415.75		4297.33
415.875		4297.33
416		4297.33
416.125		4304.72
416.25		4304.72
416.375		4304.72
416.5		4304.72
416.625		4304.72
416.75		4304.72
416.875		4304.72
417		4304.72
417.125		4319.6
417.25		4319.6
417.375		4319.6
417.5		4319.6
417.625		4319.6
417.75		4319.6
417.875		4319.6
418		4319.6
418.125		4324
418.25		4324
418.375		4324
418.5		4324
418.625		4324
418.75		4324
418.875		4324
419		4324
419.125		4339.88
419.25		4339.88
419.375		4339.88
419.5		4339.88
419.625		4339.88
419.75		4339.88
419.875		4339.88
420		4339.88
420.125		4340.58
420.25		4340.58
420.375		4340.58
420.5		4340.58
420.625		4340.58
420.75		4340.58
420.875		4340.58
421		4340.58
421.125		4356.56
421.25		4356.56
421.375		4356.56
421.5		4356.56
421.625		4356.56
421.75		4356.56
421.875		4356.56
422		4356.56
422.125		4358.16
422.25		4358.16
422.375		4358.16
422.5		4358.16
422.625		4358.16
422.75		4358.16
422.875		4358.16
423		4358.16
423.125		4388.62
423.25		4388.62
423.375		4388.62
423.5		4388.62
423.625		4388.62
423.75		4388.62
423.875		4388.62
424		4388.62
424.125		4395.21
424.25		4395.21
424.375		4395.21
424.5		4395.21
424.625		4395.21
424.75		4395.21
424.875		4395.21
425		4395.21
425.125		4400.91
425.25		4400.91
425.375		4400.91
425.5		4400.91
425.625		4400.91
425.75		4400.91
425.875		4400.91
426		4400.91
426.125		4409
426.25		4409
426.375		4409
426.5		4409
426.625		4409
426.75		4409
426.875		4409
427		4409
427.125		4425.78
427.25		4425.78
427.375		4425.78
427.5		4425.78
427.625		4425.78
427.75		4425.78
427.875		4425.78
428		4425.78
428.125		4427.38
428.25		4427.38
428.375		4427.38
428.5		4427.38
428.625		4427.38
428.75		4427.38
428.875		4427.38
429		4427.38
429.125		4450.85
429.25		4450.85
429.375		4450.85
429.5		4450.85
429.625		4450.85
429.75		4450.85
429.875		4450.85
430		4450.85
430.125		4455.74
430.25		4455.74
430.375		4455.74
430.5		4455.74
430.625		4455.74
430.75		4455.74
430.875		4455.74
431		4455.74
431.125		4459.54
431.25		4459.54
431.375		4459.54
431.5		4459.54
431.625		4459.54
431.75		4459.54
431.875		4459.54
432		4459.54
432.125		4485.11
432.25		4485.11
432.375		4485.11
432.5		4485.11
432.625		4485.11
432.75		4485.11
432.875		4485.11
433		4485.11
433.125		4486.91
433.25		4486.91
433.375		4486.91
433.5		4486.91
433.625		4486.91
433.75		4486.91
433.875		4486.91
434		4486.91
434.125		4498.29
434.25		4498.29
434.375		4498.29
434.5		4498.29
434.625		4498.29
434.75		4498.29
434.875		4498.29
435		4498.29
435.125		4499.79
435.25		4499.79
435.375		4499.79
435.5		4499.79
435.625		4499.79
435.75		4499.79
435.875		4499.79
436		4499.79
436.125		4535.05
436.25		4535.05
436.375		4535.05
436.5		4535.05
436.625		4535.05
436.75		4535.05
436.875		4535.05
437		4535.05
437.125		4536.45
437.25		4536.45
437.375		4536.45
437.5		4536.45
437.625		4536.45
437.75		4536.45
437.875		4536.45
438		4536.45
438.125		4543.74
438.25		4543.74
438.375		4543.74
438.5		4543.74
438.625		4543.74
438.75		4543.74
438.875		4543.74
439		4543.74
439.125		4551.83
439.25		4551.83
439.375		4551.83
439.5		4551.83
439.625		4551.83
439.75		4551.83
439.875		4551.83
440		4551.83
440.125		4584.09
440.25		4584.09
440.375		4584.09
440.5		4584.09
440.625		4584.09
440.75		4584.09
440.875		4584.09
441		4584.09
441.125		4587.69
441.25		4587.69
441.375		4587.69
441.5		4587.69
441.625		4587.69
441.75		4587.69
441.875		4587.69
442		4587.69
442.125		4600.37
442.25		4600.37
442.375		4600.37
442.5		4600.37
442.625		4600.37
442.75		4600.37
442.875		4600.37
443		4600.37
443.125		4609.96
443.25		4609.96
443.375		4609.96
443.5		4609.96
443.625		4609.96
443.75		4609.96
443.875		4609.96
444		4609.96
444.125		4620.85
444.25		4620.85
444.375		4620.85
444.5		4620.85
444.625		4620.85
444.75		4620.85
444.875		4620.85
445		4620.85
445.125		4628.44
445.25		4628.44
445.375		4628.44
445.5		4628.44
445.625		4628.44
445.75		4628.44
445.875		4628.44
446		4628.44
446.125		4636.73
446.25		4636.73
446.375		4636.73
446.5		4636.73
446.625		4636.73
446.75		4636.73
446.875		4636.73
447		4636.73
447.125		4643.72
447.25		4643.72
447.375		4643.72
447.5		4643.72
447.625		4643.72
447.75		4643.72
447.875		4643.72
448		4643.72
448.125		4664.4
448.25		4664.4
448.375		4664.4
448.5		4664.4
448.625		4664.4
448.75		4664.4
448.875		4664.4
449		4664.4
449.125		4676.88
449.25		4676.88
449.375		4676.88
449.5		4676.88
449.625		4676.88
449.75		4676.88
449.875		4676.88
450		4676.88
450.125		4687.17
450.25		4687.17
450.375		4687.17
450.5		4687.17
450.625		4687.17
450.75		4687.17
450.875		4687.17
451		4687.17
451.125		4687.37
451.25		4687.37
451.375		4687.37
451.5		4687.37
451.625		4687.37
451.75		4687.37
451.875		4687.37
452		4687.37
452.125		4703.65
452.25		4703.65
452.375		4703.65
452.5		4703.65
452.625		4703.65
452.75		4703.65
452.875		4703.65
453		4703.65
453.125		4716.83
453.25		4716.83
453.375		4716.83
453.5		4716.83
453.625		4716.83
453.75		4716.83
453.875		4716.83
454		4716.83
454.125		4727.62
454.25		4727.62
454.375		4727.62
454.5		4727.62
454.625		4727.62
454.75		4727.62
454.875		4727.62
455		4727.62
455.125		4747.1
455.25		4747.1
455.375		4747.1
455.5		4747.1
455.625		4747.1
455.75		4747.1
455.875		4747.1
456		4747.1
456.125		4751.19
456.25		4751.19
456.375		4751.19
456.5		4751.19
456.625		4751.19
456.75		4751.19
456.875		4751.19
457		4751.19
457.125		4761.68
457.25		4761.68
457.375		4761.68
457.5		4761.68
457.625		4761.68
457.75		4761.68
457.875		4761.68
458		4761.68
458.125		4782.46
458.25		4782.46
458.375		4782.46
458.5		4782.46
458.625		4782.46
458.75		4782.46
458.875		4782.46
459		4782.46
459.125		4789.65
459.25		4789.65
459.375		4789.65
459.5		4789.65
459.625		4789.65
459.75		4789.65
459.875		4789.65
460		4789.65
460.125		4791.45
460.25		4791.45
460.375		4791.45
460.5		4791.45
460.625		4791.45
460.75		4791.45
460.875		4791.45
461		4791.45
461.125		4810.62
461.25		4810.62
461.375		4810.62
461.5		4810.62
461.625		4810.62
461.75		4810.62
461.875		4810.62
462		4810.62
462.125		4837.29
462.25		4837.29
462.375		4837.29
462.5		4837.29
462.625		4837.29
462.75		4837.29
462.875		4837.29
463		4837.29
463.125		4842.39
463.25		4842.39
463.375		4842.39
463.5		4842.39
463.625		4842.39
463.75		4842.39
463.875		4842.39
464		4842.39
464.125		4845.68
464.25		4845.68
464.375		4845.68
464.5		4845.68
464.625		4845.68
464.75		4845.68
464.875		4845.68
465		4845.68
465.125		4850.58
465.25		4850.58
465.375		4850.58
465.5		4850.58
465.625		4850.58
465.75		4850.58
465.875		4850.58
466		4850.58
466.125		4853.97
466.25		4853.97
466.375		4853.97
466.5		4853.97
466.625		4853.97
466.75		4853.97
466.875		4853.97
467		4853.97
467.125		4879.04
467.25		4879.04
467.375		4879.04
467.5		4879.04
467.625		4879.04
467.75		4879.04
467.875		4879.04
468		4879.04
468.125		4888.73
468.25		4888.73
468.375		4888.73
468.5		4888.73
468.625		4888.73
468.75		4888.73
468.875		4888.73
469		4888.73
469.125		4893.33
469.25		4893.33
469.375		4893.33
469.5		4893.33
469.625		4893.33
469.75		4893.33
469.875		4893.33
470		4893.33
470.125		4915.8
470.25		4915.8
470.375		4915.8
470.5		4915.8
470.625		4915.8
470.75		4915.8
470.875		4915.8
471		4915.8
471.125		4917.3
471.25		4917.3
471.375		4917.3
471.5		4917.3
471.625		4917.3
471.75		4917.3
471.875		4917.3
472		4917.3
472.125		4931.48
472.25		4931.48
472.375		4931.48
472.5		4931.48
472.625		4931.48
472.75		4931.48
472.875		4931.48
473		4931.48
473.125		4938.47
473.25		4938.47
473.375		4938.47
473.5		4938.47
473.625		4938.47
473.75		4938.47
473.875		4938.47
474		4938.47
474.125		4951.46
474.25		4951.46
474.375		4951.46
474.5		4951.46
474.625		4951.46
474.75		4951.46
474.875		4951.46
475		4951.46
475.125		4971.03
475.25		4971.03
475.375		4971.03
475.5		4971.03
475.625		4971.03
475.75		4971.03
475.875		4971.03
476		4971.03
476.125		4977.03
476.25		4977.03
476.375		4977.03
476.5		4977.03
476.625		4977.03
476.75		4977.03
476.875		4977.03
477		4977.03
477.125		4978.73
477.25		4978.73
477.375		4978.73
477.5		4978.73
477.625		4978.73
477.75		4978.73
477.875		4978.73
478		4978.73
478.125		4990.81
478.25		4990.81
478.375		4990.81
478.5		4990.81
478.625		4990.81
478.75		4990.81
478.875		4990.81
479		4990.81
479.125		0
479.25		0
479.375		0
479.5		0
479.625		0
479.75		0
479.875		0
480		0
480.125		0
480.25		0
480.375		0
480.5		0
480.625		0
480.75		0
480.875		0
481		0
481.125		0
481.25		0
481.375		0
481.5		0
481.625		0
481.75		0
481.875		0
482		0
482.125		0
482.25		0
482.375		0
482.5		0
482.625		0
482.75		0
482.875		0
483		0
483.125		0
483.25		0
483.375		0
483.5		0
483.625		0
483.75		0
483.875		0
484		0
484.125		0
484.25		0
484.375		0
484.5		0
484.625		0
484.75		0
484.875		0
485		0
485.125		0
485.25		0
485.375		0
485.5		0
485.625		0
485.75		0
485.875		0
486		0
486.125		0
486.25		0
486.375		0
486.5		0
486.625		0
486.75		0
486.875		0
487		0
487.125		0
487.25		0
487.375		0
487.5		0
487.625		0
487.75		0
487.875		0
488		0
488.125		0
488.25		0
488.375		0
488.5		0
488.625		0
488.75		0
488.875		0
489		0
489.125		0
489.25		0
489.375		0
489.5		0
489.625		0
489.75		0
489.875		0
490		0
490.125		0
490.25		0
490.375		0
490.5		0
490.625		0
490.75		0
490.875		0
491		0
491.125		0
491.25		0
491.375		0
491.5		0
491.625		0
491.75		0
491.875		0
492		0
492.125		0
492.25		0
492.375		0
492.5		0
492.625		0
492.75		0
492.875		0
493		0
493.125		0
493.25		0
493.375		0
493.5		0
493.625		0
493.75		0
493.875		0
494		0
494.125		0
494.25		0
494.375		0
494.5		0
494.625		0
494.75		0
494.875		0
495		0
495.125		0
495.25		0
495.375		0
495.5		0
495.625		0
495.75		0
495.875		0
496		0
496.125		0
496.25		0
496.375		0
496.5		0
496.625		0
496.75		0
496.875		0
497		0
497.125		0
497.25		0
497.375		0
497.5		0
497.625		0
497.75		0
497.875		0
498		0
498.125		0
498.25		0
498.375		0
498.5		0
498.625		0
498.75		0
498.875		0
499		0
499.125		0
499.25		0
499.375		0
499.5		0
499.625		0
499.75		0
499.875		0
500		0
