# Calibration file of tamex_id 0 @ channel 32
# fine_T bin		 Calibration value
0.125		0
0.25		0
0.375		0
0.5		0
0.625		0
0.75		0
0.875		0
1		0
1.125		0
1.25		0
1.375		0
1.5		0
1.625		0
1.75		0
1.875		0
2		0
2.125		0
2.25		0
2.375		0
2.5		0
2.625		0
2.75		0
2.875		0
3		0
3.125		0
3.25		0
3.375		0
3.5		0
3.625		0
3.75		0
3.875		0
4		0
4.125		0
4.25		0
4.375		0
4.5		0
4.625		0
4.75		0
4.875		0
5		0
5.125		0
5.25		0
5.375		0
5.5		0
5.625		0
5.75		0
5.875		0
6		0
6.125		0
6.25		0
6.375		0
6.5		0
6.625		0
6.75		0
6.875		0
7		0
7.125		0
7.25		0
7.375		0
7.5		0
7.625		0
7.75		0
7.875		0
8		0
8.125		0
8.25		0
8.375		0
8.5		0
8.625		0
8.75		0
8.875		0
9		0
9.125		0
9.25		0
9.375		0
9.5		0
9.625		0
9.75		0
9.875		0
10		0
10.125		0
10.25		0
10.375		0
10.5		0
10.625		0
10.75		0
10.875		0
11		0
11.125		0
11.25		0
11.375		0
11.5		0
11.625		0
11.75		0
11.875		0
12		0
12.125		0
12.25		0
12.375		0
12.5		0
12.625		0
12.75		0
12.875		0
13		0
13.125		0
13.25		0
13.375		0
13.5		0
13.625		0
13.75		0
13.875		0
14		0
14.125		0
14.25		0
14.375		0
14.5		0
14.625		0
14.75		0
14.875		0
15		0
15.125		0
15.25		0
15.375		0
15.5		0
15.625		0
15.75		0
15.875		0
16		0
16.125		0
16.25		0
16.375		0
16.5		0
16.625		0
16.75		0
16.875		0
17		0
17.125		0
17.25		0
17.375		0
17.5		0
17.625		0
17.75		0
17.875		0
18		0
18.125		0
18.25		0
18.375		0
18.5		0
18.625		0
18.75		0
18.875		0
19		0
19.125		0
19.25		0
19.375		0
19.5		0
19.625		0
19.75		0
19.875		0
20		0
20.125		0
20.25		0
20.375		0
20.5		0
20.625		0
20.75		0
20.875		0
21		0
21.125		0
21.25		0
21.375		0
21.5		0
21.625		0
21.75		0
21.875		0
22		0
22.125		0
22.25		0
22.375		0
22.5		0
22.625		0
22.75		0
22.875		0
23		0
23.125		0
23.25		0
23.375		0
23.5		0
23.625		0
23.75		0
23.875		0
24		0
24.125		0
24.25		0
24.375		0
24.5		0
24.625		0
24.75		0
24.875		0
25		0
25.125		0
25.25		0
25.375		0
25.5		0
25.625		0
25.75		0
25.875		0
26		0
26.125		0
26.25		0
26.375		0
26.5		0
26.625		0
26.75		0
26.875		0
27		0
27.125		0
27.25		0
27.375		0
27.5		0
27.625		0
27.75		0
27.875		0
28		0
28.125		0
28.25		0
28.375		0
28.5		0
28.625		0
28.75		0
28.875		0
29		0
29.125		0
29.25		0
29.375		0
29.5		0
29.625		0
29.75		0
29.875		0
30		0
30.125		0
30.25		0
30.375		0
30.5		0
30.625		0
30.75		0
30.875		0
31		0
31.125		0
31.25		0
31.375		0
31.5		0
31.625		0
31.75		0
31.875		0
32		0
32.125		0
32.25		0
32.375		0
32.5		0
32.625		0
32.75		0
32.875		0
33		0
33.125		0
33.25		0
33.375		0
33.5		0
33.625		0
33.75		0
33.875		0
34		0
34.125		0
34.25		0
34.375		0
34.5		0
34.625		0
34.75		0
34.875		0
35		0
35.125		0
35.25		0
35.375		0
35.5		0
35.625		0
35.75		0
35.875		0
36		0
36.125		0
36.25		0
36.375		0
36.5		0
36.625		0
36.75		0
36.875		0
37		0
37.125		0
37.25		0
37.375		0
37.5		0
37.625		0
37.75		0
37.875		0
38		0
38.125		0
38.25		0
38.375		0
38.5		0
38.625		0
38.75		0
38.875		0
39		0
39.125		0
39.25		0
39.375		0
39.5		0
39.625		0
39.75		0
39.875		0
40		0
40.125		0
40.25		0
40.375		0
40.5		0
40.625		0
40.75		0
40.875		0
41		0
41.125		0
41.25		0
41.375		0
41.5		0
41.625		0
41.75		0
41.875		0
42		0
42.125		0
42.25		0
42.375		0
42.5		0
42.625		0
42.75		0
42.875		0
43		0
43.125		0
43.25		0
43.375		0
43.5		0
43.625		0
43.75		0
43.875		0
44		0
44.125		0
44.25		0
44.375		0
44.5		0
44.625		0
44.75		0
44.875		0
45		0
45.125		0
45.25		0
45.375		0
45.5		0
45.625		0
45.75		0
45.875		0
46		0
46.125		0
46.25		0
46.375		0
46.5		0
46.625		0
46.75		0
46.875		0
47		0
47.125		0
47.25		0
47.375		0
47.5		0
47.625		0
47.75		0
47.875		0
48		0
48.125		0
48.25		0
48.375		0
48.5		0
48.625		0
48.75		0
48.875		0
49		0
49.125		0
49.25		0
49.375		0
49.5		0
49.625		0
49.75		0
49.875		0
50		0
50.125		0
50.25		0
50.375		0
50.5		0
50.625		0
50.75		0
50.875		0
51		0
51.125		0
51.25		0
51.375		0
51.5		0
51.625		0
51.75		0
51.875		0
52		0
52.125		0
52.25		0
52.375		0
52.5		0
52.625		0
52.75		0
52.875		0
53		0
53.125		0
53.25		0
53.375		0
53.5		0
53.625		0
53.75		0
53.875		0
54		0
54.125		0
54.25		0
54.375		0
54.5		0
54.625		0
54.75		0
54.875		0
55		0
55.125		0
55.25		0
55.375		0
55.5		0
55.625		0
55.75		0
55.875		0
56		0
56.125		0
56.25		0
56.375		0
56.5		0
56.625		0
56.75		0
56.875		0
57		0
57.125		0
57.25		0
57.375		0
57.5		0
57.625		0
57.75		0
57.875		0
58		0
58.125		0
58.25		0
58.375		0
58.5		0
58.625		0
58.75		0
58.875		0
59		0
59.125		0
59.25		0
59.375		0
59.5		0
59.625		0
59.75		0
59.875		0
60		0
60.125		0
60.25		0
60.375		0
60.5		0
60.625		0
60.75		0
60.875		0
61		0
61.125		0
61.25		0
61.375		0
61.5		0
61.625		0
61.75		0
61.875		0
62		0
62.125		0
62.25		0
62.375		0
62.5		0
62.625		0
62.75		0
62.875		0
63		0
63.125		0
63.25		0
63.375		0
63.5		0
63.625		0
63.75		0
63.875		0
64		0
64.125		0
64.25		0
64.375		0
64.5		0
64.625		0
64.75		0
64.875		0
65		0
65.125		0
65.25		0
65.375		0
65.5		0
65.625		0
65.75		0
65.875		0
66		0
66.125		0
66.25		0
66.375		0
66.5		0
66.625		0
66.75		0
66.875		0
67		0
67.125		0
67.25		0
67.375		0
67.5		0
67.625		0
67.75		0
67.875		0
68		0
68.125		0
68.25		0
68.375		0
68.5		0
68.625		0
68.75		0
68.875		0
69		0
69.125		0
69.25		0
69.375		0
69.5		0
69.625		0
69.75		0
69.875		0
70		0
70.125		0
70.25		0
70.375		0
70.5		0
70.625		0
70.75		0
70.875		0
71		0
71.125		0
71.25		0
71.375		0
71.5		0
71.625		0
71.75		0
71.875		0
72		0
72.125		0
72.25		0
72.375		0
72.5		0
72.625		0
72.75		0
72.875		0
73		0
73.125		0
73.25		0
73.375		0
73.5		0
73.625		0
73.75		0
73.875		0
74		0
74.125		0
74.25		0
74.375		0
74.5		0
74.625		0
74.75		0
74.875		0
75		0
75.125		416.667
75.25		416.667
75.375		416.667
75.5		416.667
75.625		416.667
75.75		416.667
75.875		416.667
76		416.667
76.125		416.667
76.25		416.667
76.375		416.667
76.5		416.667
76.625		416.667
76.75		416.667
76.875		416.667
77		416.667
77.125		416.667
77.25		416.667
77.375		416.667
77.5		416.667
77.625		416.667
77.75		416.667
77.875		416.667
78		416.667
78.125		416.667
78.25		416.667
78.375		416.667
78.5		416.667
78.625		416.667
78.75		416.667
78.875		416.667
79		416.667
79.125		416.667
79.25		416.667
79.375		416.667
79.5		416.667
79.625		416.667
79.75		416.667
79.875		416.667
80		416.667
80.125		416.667
80.25		416.667
80.375		416.667
80.5		416.667
80.625		416.667
80.75		416.667
80.875		416.667
81		416.667
81.125		416.667
81.25		416.667
81.375		416.667
81.5		416.667
81.625		416.667
81.75		416.667
81.875		416.667
82		416.667
82.125		416.667
82.25		416.667
82.375		416.667
82.5		416.667
82.625		416.667
82.75		416.667
82.875		416.667
83		416.667
83.125		416.667
83.25		416.667
83.375		416.667
83.5		416.667
83.625		416.667
83.75		416.667
83.875		416.667
84		416.667
84.125		416.667
84.25		416.667
84.375		416.667
84.5		416.667
84.625		416.667
84.75		416.667
84.875		416.667
85		416.667
85.125		416.667
85.25		416.667
85.375		416.667
85.5		416.667
85.625		416.667
85.75		416.667
85.875		416.667
86		416.667
86.125		416.667
86.25		416.667
86.375		416.667
86.5		416.667
86.625		416.667
86.75		416.667
86.875		416.667
87		416.667
87.125		416.667
87.25		416.667
87.375		416.667
87.5		416.667
87.625		416.667
87.75		416.667
87.875		416.667
88		416.667
88.125		416.667
88.25		416.667
88.375		416.667
88.5		416.667
88.625		416.667
88.75		416.667
88.875		416.667
89		416.667
89.125		416.667
89.25		416.667
89.375		416.667
89.5		416.667
89.625		416.667
89.75		416.667
89.875		416.667
90		416.667
90.125		416.667
90.25		416.667
90.375		416.667
90.5		416.667
90.625		416.667
90.75		416.667
90.875		416.667
91		416.667
91.125		416.667
91.25		416.667
91.375		416.667
91.5		416.667
91.625		416.667
91.75		416.667
91.875		416.667
92		416.667
92.125		416.667
92.25		416.667
92.375		416.667
92.5		416.667
92.625		416.667
92.75		416.667
92.875		416.667
93		416.667
93.125		416.667
93.25		416.667
93.375		416.667
93.5		416.667
93.625		416.667
93.75		416.667
93.875		416.667
94		416.667
94.125		416.667
94.25		416.667
94.375		416.667
94.5		416.667
94.625		416.667
94.75		416.667
94.875		416.667
95		416.667
95.125		416.667
95.25		416.667
95.375		416.667
95.5		416.667
95.625		416.667
95.75		416.667
95.875		416.667
96		416.667
96.125		416.667
96.25		416.667
96.375		416.667
96.5		416.667
96.625		416.667
96.75		416.667
96.875		416.667
97		416.667
97.125		416.667
97.25		416.667
97.375		416.667
97.5		416.667
97.625		416.667
97.75		416.667
97.875		416.667
98		416.667
98.125		416.667
98.25		416.667
98.375		416.667
98.5		416.667
98.625		416.667
98.75		416.667
98.875		416.667
99		416.667
99.125		416.667
99.25		416.667
99.375		416.667
99.5		416.667
99.625		416.667
99.75		416.667
99.875		416.667
100		416.667
100.125		416.667
100.25		416.667
100.375		416.667
100.5		416.667
100.625		416.667
100.75		416.667
100.875		416.667
101		416.667
101.125		416.667
101.25		416.667
101.375		416.667
101.5		416.667
101.625		416.667
101.75		416.667
101.875		416.667
102		416.667
102.125		416.667
102.25		416.667
102.375		416.667
102.5		416.667
102.625		416.667
102.75		416.667
102.875		416.667
103		416.667
103.125		416.667
103.25		416.667
103.375		416.667
103.5		416.667
103.625		416.667
103.75		416.667
103.875		416.667
104		416.667
104.125		416.667
104.25		416.667
104.375		416.667
104.5		416.667
104.625		416.667
104.75		416.667
104.875		416.667
105		416.667
105.125		416.667
105.25		416.667
105.375		416.667
105.5		416.667
105.625		416.667
105.75		416.667
105.875		416.667
106		416.667
106.125		416.667
106.25		416.667
106.375		416.667
106.5		416.667
106.625		416.667
106.75		416.667
106.875		416.667
107		416.667
107.125		416.667
107.25		416.667
107.375		416.667
107.5		416.667
107.625		416.667
107.75		416.667
107.875		416.667
108		416.667
108.125		416.667
108.25		416.667
108.375		416.667
108.5		416.667
108.625		416.667
108.75		416.667
108.875		416.667
109		416.667
109.125		416.667
109.25		416.667
109.375		416.667
109.5		416.667
109.625		416.667
109.75		416.667
109.875		416.667
110		416.667
110.125		416.667
110.25		416.667
110.375		416.667
110.5		416.667
110.625		416.667
110.75		416.667
110.875		416.667
111		416.667
111.125		416.667
111.25		416.667
111.375		416.667
111.5		416.667
111.625		416.667
111.75		416.667
111.875		416.667
112		416.667
112.125		416.667
112.25		416.667
112.375		416.667
112.5		416.667
112.625		416.667
112.75		416.667
112.875		416.667
113		416.667
113.125		416.667
113.25		416.667
113.375		416.667
113.5		416.667
113.625		416.667
113.75		416.667
113.875		416.667
114		416.667
114.125		416.667
114.25		416.667
114.375		416.667
114.5		416.667
114.625		416.667
114.75		416.667
114.875		416.667
115		416.667
115.125		416.667
115.25		416.667
115.375		416.667
115.5		416.667
115.625		416.667
115.75		416.667
115.875		416.667
116		416.667
116.125		416.667
116.25		416.667
116.375		416.667
116.5		416.667
116.625		416.667
116.75		416.667
116.875		416.667
117		416.667
117.125		416.667
117.25		416.667
117.375		416.667
117.5		416.667
117.625		416.667
117.75		416.667
117.875		416.667
118		416.667
118.125		416.667
118.25		416.667
118.375		416.667
118.5		416.667
118.625		416.667
118.75		416.667
118.875		416.667
119		416.667
119.125		416.667
119.25		416.667
119.375		416.667
119.5		416.667
119.625		416.667
119.75		416.667
119.875		416.667
120		416.667
120.125		416.667
120.25		416.667
120.375		416.667
120.5		416.667
120.625		416.667
120.75		416.667
120.875		416.667
121		416.667
121.125		416.667
121.25		416.667
121.375		416.667
121.5		416.667
121.625		416.667
121.75		416.667
121.875		416.667
122		416.667
122.125		416.667
122.25		416.667
122.375		416.667
122.5		416.667
122.625		416.667
122.75		416.667
122.875		416.667
123		416.667
123.125		416.667
123.25		416.667
123.375		416.667
123.5		416.667
123.625		416.667
123.75		416.667
123.875		416.667
124		416.667
124.125		416.667
124.25		416.667
124.375		416.667
124.5		416.667
124.625		416.667
124.75		416.667
124.875		416.667
125		416.667
125.125		416.667
125.25		416.667
125.375		416.667
125.5		416.667
125.625		416.667
125.75		416.667
125.875		416.667
126		416.667
126.125		416.667
126.25		416.667
126.375		416.667
126.5		416.667
126.625		416.667
126.75		416.667
126.875		416.667
127		416.667
127.125		416.667
127.25		416.667
127.375		416.667
127.5		416.667
127.625		416.667
127.75		416.667
127.875		416.667
128		416.667
128.125		416.667
128.25		416.667
128.375		416.667
128.5		416.667
128.625		416.667
128.75		416.667
128.875		416.667
129		416.667
129.125		416.667
129.25		416.667
129.375		416.667
129.5		416.667
129.625		416.667
129.75		416.667
129.875		416.667
130		416.667
130.125		416.667
130.25		416.667
130.375		416.667
130.5		416.667
130.625		416.667
130.75		416.667
130.875		416.667
131		416.667
131.125		416.667
131.25		416.667
131.375		416.667
131.5		416.667
131.625		416.667
131.75		416.667
131.875		416.667
132		416.667
132.125		416.667
132.25		416.667
132.375		416.667
132.5		416.667
132.625		416.667
132.75		416.667
132.875		416.667
133		416.667
133.125		416.667
133.25		416.667
133.375		416.667
133.5		416.667
133.625		416.667
133.75		416.667
133.875		416.667
134		416.667
134.125		416.667
134.25		416.667
134.375		416.667
134.5		416.667
134.625		416.667
134.75		416.667
134.875		416.667
135		416.667
135.125		416.667
135.25		416.667
135.375		416.667
135.5		416.667
135.625		416.667
135.75		416.667
135.875		416.667
136		416.667
136.125		416.667
136.25		416.667
136.375		416.667
136.5		416.667
136.625		416.667
136.75		416.667
136.875		416.667
137		416.667
137.125		416.667
137.25		416.667
137.375		416.667
137.5		416.667
137.625		416.667
137.75		416.667
137.875		416.667
138		416.667
138.125		416.667
138.25		416.667
138.375		416.667
138.5		416.667
138.625		416.667
138.75		416.667
138.875		416.667
139		416.667
139.125		416.667
139.25		416.667
139.375		416.667
139.5		416.667
139.625		416.667
139.75		416.667
139.875		416.667
140		416.667
140.125		416.667
140.25		416.667
140.375		416.667
140.5		416.667
140.625		416.667
140.75		416.667
140.875		416.667
141		416.667
141.125		416.667
141.25		416.667
141.375		416.667
141.5		416.667
141.625		416.667
141.75		416.667
141.875		416.667
142		416.667
142.125		416.667
142.25		416.667
142.375		416.667
142.5		416.667
142.625		416.667
142.75		416.667
142.875		416.667
143		416.667
143.125		416.667
143.25		416.667
143.375		416.667
143.5		416.667
143.625		416.667
143.75		416.667
143.875		416.667
144		416.667
144.125		416.667
144.25		416.667
144.375		416.667
144.5		416.667
144.625		416.667
144.75		416.667
144.875		416.667
145		416.667
145.125		833.333
145.25		833.333
145.375		833.333
145.5		833.333
145.625		833.333
145.75		833.333
145.875		833.333
146		833.333
146.125		833.333
146.25		833.333
146.375		833.333
146.5		833.333
146.625		833.333
146.75		833.333
146.875		833.333
147		833.333
147.125		833.333
147.25		833.333
147.375		833.333
147.5		833.333
147.625		833.333
147.75		833.333
147.875		833.333
148		833.333
148.125		833.333
148.25		833.333
148.375		833.333
148.5		833.333
148.625		833.333
148.75		833.333
148.875		833.333
149		833.333
149.125		833.333
149.25		833.333
149.375		833.333
149.5		833.333
149.625		833.333
149.75		833.333
149.875		833.333
150		833.333
150.125		833.333
150.25		833.333
150.375		833.333
150.5		833.333
150.625		833.333
150.75		833.333
150.875		833.333
151		833.333
151.125		833.333
151.25		833.333
151.375		833.333
151.5		833.333
151.625		833.333
151.75		833.333
151.875		833.333
152		833.333
152.125		833.333
152.25		833.333
152.375		833.333
152.5		833.333
152.625		833.333
152.75		833.333
152.875		833.333
153		833.333
153.125		833.333
153.25		833.333
153.375		833.333
153.5		833.333
153.625		833.333
153.75		833.333
153.875		833.333
154		833.333
154.125		833.333
154.25		833.333
154.375		833.333
154.5		833.333
154.625		833.333
154.75		833.333
154.875		833.333
155		833.333
155.125		833.333
155.25		833.333
155.375		833.333
155.5		833.333
155.625		833.333
155.75		833.333
155.875		833.333
156		833.333
156.125		833.333
156.25		833.333
156.375		833.333
156.5		833.333
156.625		833.333
156.75		833.333
156.875		833.333
157		833.333
157.125		833.333
157.25		833.333
157.375		833.333
157.5		833.333
157.625		833.333
157.75		833.333
157.875		833.333
158		833.333
158.125		833.333
158.25		833.333
158.375		833.333
158.5		833.333
158.625		833.333
158.75		833.333
158.875		833.333
159		833.333
159.125		833.333
159.25		833.333
159.375		833.333
159.5		833.333
159.625		833.333
159.75		833.333
159.875		833.333
160		833.333
160.125		833.333
160.25		833.333
160.375		833.333
160.5		833.333
160.625		833.333
160.75		833.333
160.875		833.333
161		833.333
161.125		833.333
161.25		833.333
161.375		833.333
161.5		833.333
161.625		833.333
161.75		833.333
161.875		833.333
162		833.333
162.125		833.333
162.25		833.333
162.375		833.333
162.5		833.333
162.625		833.333
162.75		833.333
162.875		833.333
163		833.333
163.125		833.333
163.25		833.333
163.375		833.333
163.5		833.333
163.625		833.333
163.75		833.333
163.875		833.333
164		833.333
164.125		833.333
164.25		833.333
164.375		833.333
164.5		833.333
164.625		833.333
164.75		833.333
164.875		833.333
165		833.333
165.125		833.333
165.25		833.333
165.375		833.333
165.5		833.333
165.625		833.333
165.75		833.333
165.875		833.333
166		833.333
166.125		833.333
166.25		833.333
166.375		833.333
166.5		833.333
166.625		833.333
166.75		833.333
166.875		833.333
167		833.333
167.125		833.333
167.25		833.333
167.375		833.333
167.5		833.333
167.625		833.333
167.75		833.333
167.875		833.333
168		833.333
168.125		833.333
168.25		833.333
168.375		833.333
168.5		833.333
168.625		833.333
168.75		833.333
168.875		833.333
169		833.333
169.125		833.333
169.25		833.333
169.375		833.333
169.5		833.333
169.625		833.333
169.75		833.333
169.875		833.333
170		833.333
170.125		833.333
170.25		833.333
170.375		833.333
170.5		833.333
170.625		833.333
170.75		833.333
170.875		833.333
171		833.333
171.125		833.333
171.25		833.333
171.375		833.333
171.5		833.333
171.625		833.333
171.75		833.333
171.875		833.333
172		833.333
172.125		833.333
172.25		833.333
172.375		833.333
172.5		833.333
172.625		833.333
172.75		833.333
172.875		833.333
173		833.333
173.125		833.333
173.25		833.333
173.375		833.333
173.5		833.333
173.625		833.333
173.75		833.333
173.875		833.333
174		833.333
174.125		833.333
174.25		833.333
174.375		833.333
174.5		833.333
174.625		833.333
174.75		833.333
174.875		833.333
175		833.333
175.125		833.333
175.25		833.333
175.375		833.333
175.5		833.333
175.625		833.333
175.75		833.333
175.875		833.333
176		833.333
176.125		833.333
176.25		833.333
176.375		833.333
176.5		833.333
176.625		833.333
176.75		833.333
176.875		833.333
177		833.333
177.125		833.333
177.25		833.333
177.375		833.333
177.5		833.333
177.625		833.333
177.75		833.333
177.875		833.333
178		833.333
178.125		833.333
178.25		833.333
178.375		833.333
178.5		833.333
178.625		833.333
178.75		833.333
178.875		833.333
179		833.333
179.125		833.333
179.25		833.333
179.375		833.333
179.5		833.333
179.625		833.333
179.75		833.333
179.875		833.333
180		833.333
180.125		833.333
180.25		833.333
180.375		833.333
180.5		833.333
180.625		833.333
180.75		833.333
180.875		833.333
181		833.333
181.125		833.333
181.25		833.333
181.375		833.333
181.5		833.333
181.625		833.333
181.75		833.333
181.875		833.333
182		833.333
182.125		833.333
182.25		833.333
182.375		833.333
182.5		833.333
182.625		833.333
182.75		833.333
182.875		833.333
183		833.333
183.125		833.333
183.25		833.333
183.375		833.333
183.5		833.333
183.625		833.333
183.75		833.333
183.875		833.333
184		833.333
184.125		833.333
184.25		833.333
184.375		833.333
184.5		833.333
184.625		833.333
184.75		833.333
184.875		833.333
185		833.333
185.125		833.333
185.25		833.333
185.375		833.333
185.5		833.333
185.625		833.333
185.75		833.333
185.875		833.333
186		833.333
186.125		833.333
186.25		833.333
186.375		833.333
186.5		833.333
186.625		833.333
186.75		833.333
186.875		833.333
187		833.333
187.125		1250
187.25		1250
187.375		1250
187.5		1250
187.625		1250
187.75		1250
187.875		1250
188		1250
188.125		1250
188.25		1250
188.375		1250
188.5		1250
188.625		1250
188.75		1250
188.875		1250
189		1250
189.125		1250
189.25		1250
189.375		1250
189.5		1250
189.625		1250
189.75		1250
189.875		1250
190		1250
190.125		1250
190.25		1250
190.375		1250
190.5		1250
190.625		1250
190.75		1250
190.875		1250
191		1250
191.125		1250
191.25		1250
191.375		1250
191.5		1250
191.625		1250
191.75		1250
191.875		1250
192		1250
192.125		1250
192.25		1250
192.375		1250
192.5		1250
192.625		1250
192.75		1250
192.875		1250
193		1250
193.125		1250
193.25		1250
193.375		1250
193.5		1250
193.625		1250
193.75		1250
193.875		1250
194		1250
194.125		1250
194.25		1250
194.375		1250
194.5		1250
194.625		1250
194.75		1250
194.875		1250
195		1250
195.125		1250
195.25		1250
195.375		1250
195.5		1250
195.625		1250
195.75		1250
195.875		1250
196		1250
196.125		1250
196.25		1250
196.375		1250
196.5		1250
196.625		1250
196.75		1250
196.875		1250
197		1250
197.125		1250
197.25		1250
197.375		1250
197.5		1250
197.625		1250
197.75		1250
197.875		1250
198		1250
198.125		1250
198.25		1250
198.375		1250
198.5		1250
198.625		1250
198.75		1250
198.875		1250
199		1250
199.125		1250
199.25		1250
199.375		1250
199.5		1250
199.625		1250
199.75		1250
199.875		1250
200		1250
200.125		1250
200.25		1250
200.375		1250
200.5		1250
200.625		1250
200.75		1250
200.875		1250
201		1250
201.125		1250
201.25		1250
201.375		1250
201.5		1250
201.625		1250
201.75		1250
201.875		1250
202		1250
202.125		1250
202.25		1250
202.375		1250
202.5		1250
202.625		1250
202.75		1250
202.875		1250
203		1250
203.125		1250
203.25		1250
203.375		1250
203.5		1250
203.625		1250
203.75		1250
203.875		1250
204		1250
204.125		1250
204.25		1250
204.375		1250
204.5		1250
204.625		1250
204.75		1250
204.875		1250
205		1250
205.125		1250
205.25		1250
205.375		1250
205.5		1250
205.625		1250
205.75		1250
205.875		1250
206		1250
206.125		1250
206.25		1250
206.375		1250
206.5		1250
206.625		1250
206.75		1250
206.875		1250
207		1250
207.125		1250
207.25		1250
207.375		1250
207.5		1250
207.625		1250
207.75		1250
207.875		1250
208		1250
208.125		1250
208.25		1250
208.375		1250
208.5		1250
208.625		1250
208.75		1250
208.875		1250
209		1250
209.125		1250
209.25		1250
209.375		1250
209.5		1250
209.625		1250
209.75		1250
209.875		1250
210		1250
210.125		1250
210.25		1250
210.375		1250
210.5		1250
210.625		1250
210.75		1250
210.875		1250
211		1250
211.125		1250
211.25		1250
211.375		1250
211.5		1250
211.625		1250
211.75		1250
211.875		1250
212		1250
212.125		1250
212.25		1250
212.375		1250
212.5		1250
212.625		1250
212.75		1250
212.875		1250
213		1250
213.125		1250
213.25		1250
213.375		1250
213.5		1250
213.625		1250
213.75		1250
213.875		1250
214		1250
214.125		1250
214.25		1250
214.375		1250
214.5		1250
214.625		1250
214.75		1250
214.875		1250
215		1250
215.125		1250
215.25		1250
215.375		1250
215.5		1250
215.625		1250
215.75		1250
215.875		1250
216		1250
216.125		1250
216.25		1250
216.375		1250
216.5		1250
216.625		1250
216.75		1250
216.875		1250
217		1250
217.125		1250
217.25		1250
217.375		1250
217.5		1250
217.625		1250
217.75		1250
217.875		1250
218		1250
218.125		1250
218.25		1250
218.375		1250
218.5		1250
218.625		1250
218.75		1250
218.875		1250
219		1250
219.125		1250
219.25		1250
219.375		1250
219.5		1250
219.625		1250
219.75		1250
219.875		1250
220		1250
220.125		1250
220.25		1250
220.375		1250
220.5		1250
220.625		1250
220.75		1250
220.875		1250
221		1250
221.125		1250
221.25		1250
221.375		1250
221.5		1250
221.625		1250
221.75		1250
221.875		1250
222		1250
222.125		1250
222.25		1250
222.375		1250
222.5		1250
222.625		1250
222.75		1250
222.875		1250
223		1250
223.125		1250
223.25		1250
223.375		1250
223.5		1250
223.625		1250
223.75		1250
223.875		1250
224		1250
224.125		1250
224.25		1250
224.375		1250
224.5		1250
224.625		1250
224.75		1250
224.875		1250
225		1250
225.125		1250
225.25		1250
225.375		1250
225.5		1250
225.625		1250
225.75		1250
225.875		1250
226		1250
226.125		1250
226.25		1250
226.375		1250
226.5		1250
226.625		1250
226.75		1250
226.875		1250
227		1250
227.125		1250
227.25		1250
227.375		1250
227.5		1250
227.625		1250
227.75		1250
227.875		1250
228		1250
228.125		1250
228.25		1250
228.375		1250
228.5		1250
228.625		1250
228.75		1250
228.875		1250
229		1250
229.125		1666.67
229.25		1666.67
229.375		1666.67
229.5		1666.67
229.625		1666.67
229.75		1666.67
229.875		1666.67
230		1666.67
230.125		1666.67
230.25		1666.67
230.375		1666.67
230.5		1666.67
230.625		1666.67
230.75		1666.67
230.875		1666.67
231		1666.67
231.125		1666.67
231.25		1666.67
231.375		1666.67
231.5		1666.67
231.625		1666.67
231.75		1666.67
231.875		1666.67
232		1666.67
232.125		1666.67
232.25		1666.67
232.375		1666.67
232.5		1666.67
232.625		1666.67
232.75		1666.67
232.875		1666.67
233		1666.67
233.125		1666.67
233.25		1666.67
233.375		1666.67
233.5		1666.67
233.625		1666.67
233.75		1666.67
233.875		1666.67
234		1666.67
234.125		1666.67
234.25		1666.67
234.375		1666.67
234.5		1666.67
234.625		1666.67
234.75		1666.67
234.875		1666.67
235		1666.67
235.125		1666.67
235.25		1666.67
235.375		1666.67
235.5		1666.67
235.625		1666.67
235.75		1666.67
235.875		1666.67
236		1666.67
236.125		1666.67
236.25		1666.67
236.375		1666.67
236.5		1666.67
236.625		1666.67
236.75		1666.67
236.875		1666.67
237		1666.67
237.125		1666.67
237.25		1666.67
237.375		1666.67
237.5		1666.67
237.625		1666.67
237.75		1666.67
237.875		1666.67
238		1666.67
238.125		1666.67
238.25		1666.67
238.375		1666.67
238.5		1666.67
238.625		1666.67
238.75		1666.67
238.875		1666.67
239		1666.67
239.125		1666.67
239.25		1666.67
239.375		1666.67
239.5		1666.67
239.625		1666.67
239.75		1666.67
239.875		1666.67
240		1666.67
240.125		1666.67
240.25		1666.67
240.375		1666.67
240.5		1666.67
240.625		1666.67
240.75		1666.67
240.875		1666.67
241		1666.67
241.125		1666.67
241.25		1666.67
241.375		1666.67
241.5		1666.67
241.625		1666.67
241.75		1666.67
241.875		1666.67
242		1666.67
242.125		1666.67
242.25		1666.67
242.375		1666.67
242.5		1666.67
242.625		1666.67
242.75		1666.67
242.875		1666.67
243		1666.67
243.125		1666.67
243.25		1666.67
243.375		1666.67
243.5		1666.67
243.625		1666.67
243.75		1666.67
243.875		1666.67
244		1666.67
244.125		1666.67
244.25		1666.67
244.375		1666.67
244.5		1666.67
244.625		1666.67
244.75		1666.67
244.875		1666.67
245		1666.67
245.125		1666.67
245.25		1666.67
245.375		1666.67
245.5		1666.67
245.625		1666.67
245.75		1666.67
245.875		1666.67
246		1666.67
246.125		1666.67
246.25		1666.67
246.375		1666.67
246.5		1666.67
246.625		1666.67
246.75		1666.67
246.875		1666.67
247		1666.67
247.125		1666.67
247.25		1666.67
247.375		1666.67
247.5		1666.67
247.625		1666.67
247.75		1666.67
247.875		1666.67
248		1666.67
248.125		1666.67
248.25		1666.67
248.375		1666.67
248.5		1666.67
248.625		1666.67
248.75		1666.67
248.875		1666.67
249		1666.67
249.125		1666.67
249.25		1666.67
249.375		1666.67
249.5		1666.67
249.625		1666.67
249.75		1666.67
249.875		1666.67
250		1666.67
250.125		1666.67
250.25		1666.67
250.375		1666.67
250.5		1666.67
250.625		1666.67
250.75		1666.67
250.875		1666.67
251		1666.67
251.125		1666.67
251.25		1666.67
251.375		1666.67
251.5		1666.67
251.625		1666.67
251.75		1666.67
251.875		1666.67
252		1666.67
252.125		1666.67
252.25		1666.67
252.375		1666.67
252.5		1666.67
252.625		1666.67
252.75		1666.67
252.875		1666.67
253		1666.67
253.125		1666.67
253.25		1666.67
253.375		1666.67
253.5		1666.67
253.625		1666.67
253.75		1666.67
253.875		1666.67
254		1666.67
254.125		1666.67
254.25		1666.67
254.375		1666.67
254.5		1666.67
254.625		1666.67
254.75		1666.67
254.875		1666.67
255		1666.67
255.125		1666.67
255.25		1666.67
255.375		1666.67
255.5		1666.67
255.625		1666.67
255.75		1666.67
255.875		1666.67
256		1666.67
256.125		1666.67
256.25		1666.67
256.375		1666.67
256.5		1666.67
256.625		1666.67
256.75		1666.67
256.875		1666.67
257		1666.67
257.125		1666.67
257.25		1666.67
257.375		1666.67
257.5		1666.67
257.625		1666.67
257.75		1666.67
257.875		1666.67
258		1666.67
258.125		1666.67
258.25		1666.67
258.375		1666.67
258.5		1666.67
258.625		1666.67
258.75		1666.67
258.875		1666.67
259		1666.67
259.125		1666.67
259.25		1666.67
259.375		1666.67
259.5		1666.67
259.625		1666.67
259.75		1666.67
259.875		1666.67
260		1666.67
260.125		1666.67
260.25		1666.67
260.375		1666.67
260.5		1666.67
260.625		1666.67
260.75		1666.67
260.875		1666.67
261		1666.67
261.125		1666.67
261.25		1666.67
261.375		1666.67
261.5		1666.67
261.625		1666.67
261.75		1666.67
261.875		1666.67
262		1666.67
262.125		1666.67
262.25		1666.67
262.375		1666.67
262.5		1666.67
262.625		1666.67
262.75		1666.67
262.875		1666.67
263		1666.67
263.125		1666.67
263.25		1666.67
263.375		1666.67
263.5		1666.67
263.625		1666.67
263.75		1666.67
263.875		1666.67
264		1666.67
264.125		1666.67
264.25		1666.67
264.375		1666.67
264.5		1666.67
264.625		1666.67
264.75		1666.67
264.875		1666.67
265		1666.67
265.125		1666.67
265.25		1666.67
265.375		1666.67
265.5		1666.67
265.625		1666.67
265.75		1666.67
265.875		1666.67
266		1666.67
266.125		1666.67
266.25		1666.67
266.375		1666.67
266.5		1666.67
266.625		1666.67
266.75		1666.67
266.875		1666.67
267		1666.67
267.125		1666.67
267.25		1666.67
267.375		1666.67
267.5		1666.67
267.625		1666.67
267.75		1666.67
267.875		1666.67
268		1666.67
268.125		1666.67
268.25		1666.67
268.375		1666.67
268.5		1666.67
268.625		1666.67
268.75		1666.67
268.875		1666.67
269		1666.67
269.125		1666.67
269.25		1666.67
269.375		1666.67
269.5		1666.67
269.625		1666.67
269.75		1666.67
269.875		1666.67
270		1666.67
270.125		1666.67
270.25		1666.67
270.375		1666.67
270.5		1666.67
270.625		1666.67
270.75		1666.67
270.875		1666.67
271		1666.67
271.125		1666.67
271.25		1666.67
271.375		1666.67
271.5		1666.67
271.625		1666.67
271.75		1666.67
271.875		1666.67
272		1666.67
272.125		1666.67
272.25		1666.67
272.375		1666.67
272.5		1666.67
272.625		1666.67
272.75		1666.67
272.875		1666.67
273		1666.67
273.125		1666.67
273.25		1666.67
273.375		1666.67
273.5		1666.67
273.625		1666.67
273.75		1666.67
273.875		1666.67
274		1666.67
274.125		1666.67
274.25		1666.67
274.375		1666.67
274.5		1666.67
274.625		1666.67
274.75		1666.67
274.875		1666.67
275		1666.67
275.125		1666.67
275.25		1666.67
275.375		1666.67
275.5		1666.67
275.625		1666.67
275.75		1666.67
275.875		1666.67
276		1666.67
276.125		1666.67
276.25		1666.67
276.375		1666.67
276.5		1666.67
276.625		1666.67
276.75		1666.67
276.875		1666.67
277		1666.67
277.125		2083.33
277.25		2083.33
277.375		2083.33
277.5		2083.33
277.625		2083.33
277.75		2083.33
277.875		2083.33
278		2083.33
278.125		2500
278.25		2500
278.375		2500
278.5		2500
278.625		2500
278.75		2500
278.875		2500
279		2500
279.125		2500
279.25		2500
279.375		2500
279.5		2500
279.625		2500
279.75		2500
279.875		2500
280		2500
280.125		2500
280.25		2500
280.375		2500
280.5		2500
280.625		2500
280.75		2500
280.875		2500
281		2500
281.125		2500
281.25		2500
281.375		2500
281.5		2500
281.625		2500
281.75		2500
281.875		2500
282		2500
282.125		2500
282.25		2500
282.375		2500
282.5		2500
282.625		2500
282.75		2500
282.875		2500
283		2500
283.125		2500
283.25		2500
283.375		2500
283.5		2500
283.625		2500
283.75		2500
283.875		2500
284		2500
284.125		2500
284.25		2500
284.375		2500
284.5		2500
284.625		2500
284.75		2500
284.875		2500
285		2500
285.125		2500
285.25		2500
285.375		2500
285.5		2500
285.625		2500
285.75		2500
285.875		2500
286		2500
286.125		2916.67
286.25		2916.67
286.375		2916.67
286.5		2916.67
286.625		2916.67
286.75		2916.67
286.875		2916.67
287		2916.67
287.125		2916.67
287.25		2916.67
287.375		2916.67
287.5		2916.67
287.625		2916.67
287.75		2916.67
287.875		2916.67
288		2916.67
288.125		2916.67
288.25		2916.67
288.375		2916.67
288.5		2916.67
288.625		2916.67
288.75		2916.67
288.875		2916.67
289		2916.67
289.125		2916.67
289.25		2916.67
289.375		2916.67
289.5		2916.67
289.625		2916.67
289.75		2916.67
289.875		2916.67
290		2916.67
290.125		2916.67
290.25		2916.67
290.375		2916.67
290.5		2916.67
290.625		2916.67
290.75		2916.67
290.875		2916.67
291		2916.67
291.125		2916.67
291.25		2916.67
291.375		2916.67
291.5		2916.67
291.625		2916.67
291.75		2916.67
291.875		2916.67
292		2916.67
292.125		2916.67
292.25		2916.67
292.375		2916.67
292.5		2916.67
292.625		2916.67
292.75		2916.67
292.875		2916.67
293		2916.67
293.125		2916.67
293.25		2916.67
293.375		2916.67
293.5		2916.67
293.625		2916.67
293.75		2916.67
293.875		2916.67
294		2916.67
294.125		2916.67
294.25		2916.67
294.375		2916.67
294.5		2916.67
294.625		2916.67
294.75		2916.67
294.875		2916.67
295		2916.67
295.125		2916.67
295.25		2916.67
295.375		2916.67
295.5		2916.67
295.625		2916.67
295.75		2916.67
295.875		2916.67
296		2916.67
296.125		2916.67
296.25		2916.67
296.375		2916.67
296.5		2916.67
296.625		2916.67
296.75		2916.67
296.875		2916.67
297		2916.67
297.125		2916.67
297.25		2916.67
297.375		2916.67
297.5		2916.67
297.625		2916.67
297.75		2916.67
297.875		2916.67
298		2916.67
298.125		2916.67
298.25		2916.67
298.375		2916.67
298.5		2916.67
298.625		2916.67
298.75		2916.67
298.875		2916.67
299		2916.67
299.125		2916.67
299.25		2916.67
299.375		2916.67
299.5		2916.67
299.625		2916.67
299.75		2916.67
299.875		2916.67
300		2916.67
300.125		2916.67
300.25		2916.67
300.375		2916.67
300.5		2916.67
300.625		2916.67
300.75		2916.67
300.875		2916.67
301		2916.67
301.125		2916.67
301.25		2916.67
301.375		2916.67
301.5		2916.67
301.625		2916.67
301.75		2916.67
301.875		2916.67
302		2916.67
302.125		2916.67
302.25		2916.67
302.375		2916.67
302.5		2916.67
302.625		2916.67
302.75		2916.67
302.875		2916.67
303		2916.67
303.125		2916.67
303.25		2916.67
303.375		2916.67
303.5		2916.67
303.625		2916.67
303.75		2916.67
303.875		2916.67
304		2916.67
304.125		2916.67
304.25		2916.67
304.375		2916.67
304.5		2916.67
304.625		2916.67
304.75		2916.67
304.875		2916.67
305		2916.67
305.125		2916.67
305.25		2916.67
305.375		2916.67
305.5		2916.67
305.625		2916.67
305.75		2916.67
305.875		2916.67
306		2916.67
306.125		2916.67
306.25		2916.67
306.375		2916.67
306.5		2916.67
306.625		2916.67
306.75		2916.67
306.875		2916.67
307		2916.67
307.125		2916.67
307.25		2916.67
307.375		2916.67
307.5		2916.67
307.625		2916.67
307.75		2916.67
307.875		2916.67
308		2916.67
308.125		2916.67
308.25		2916.67
308.375		2916.67
308.5		2916.67
308.625		2916.67
308.75		2916.67
308.875		2916.67
309		2916.67
309.125		2916.67
309.25		2916.67
309.375		2916.67
309.5		2916.67
309.625		2916.67
309.75		2916.67
309.875		2916.67
310		2916.67
310.125		2916.67
310.25		2916.67
310.375		2916.67
310.5		2916.67
310.625		2916.67
310.75		2916.67
310.875		2916.67
311		2916.67
311.125		2916.67
311.25		2916.67
311.375		2916.67
311.5		2916.67
311.625		2916.67
311.75		2916.67
311.875		2916.67
312		2916.67
312.125		2916.67
312.25		2916.67
312.375		2916.67
312.5		2916.67
312.625		2916.67
312.75		2916.67
312.875		2916.67
313		2916.67
313.125		2916.67
313.25		2916.67
313.375		2916.67
313.5		2916.67
313.625		2916.67
313.75		2916.67
313.875		2916.67
314		2916.67
314.125		2916.67
314.25		2916.67
314.375		2916.67
314.5		2916.67
314.625		2916.67
314.75		2916.67
314.875		2916.67
315		2916.67
315.125		2916.67
315.25		2916.67
315.375		2916.67
315.5		2916.67
315.625		2916.67
315.75		2916.67
315.875		2916.67
316		2916.67
316.125		2916.67
316.25		2916.67
316.375		2916.67
316.5		2916.67
316.625		2916.67
316.75		2916.67
316.875		2916.67
317		2916.67
317.125		2916.67
317.25		2916.67
317.375		2916.67
317.5		2916.67
317.625		2916.67
317.75		2916.67
317.875		2916.67
318		2916.67
318.125		2916.67
318.25		2916.67
318.375		2916.67
318.5		2916.67
318.625		2916.67
318.75		2916.67
318.875		2916.67
319		2916.67
319.125		3333.33
319.25		3333.33
319.375		3333.33
319.5		3333.33
319.625		3333.33
319.75		3333.33
319.875		3333.33
320		3333.33
320.125		3333.33
320.25		3333.33
320.375		3333.33
320.5		3333.33
320.625		3333.33
320.75		3333.33
320.875		3333.33
321		3333.33
321.125		3333.33
321.25		3333.33
321.375		3333.33
321.5		3333.33
321.625		3333.33
321.75		3333.33
321.875		3333.33
322		3333.33
322.125		3750
322.25		3750
322.375		3750
322.5		3750
322.625		3750
322.75		3750
322.875		3750
323		3750
323.125		3750
323.25		3750
323.375		3750
323.5		3750
323.625		3750
323.75		3750
323.875		3750
324		3750
324.125		3750
324.25		3750
324.375		3750
324.5		3750
324.625		3750
324.75		3750
324.875		3750
325		3750
325.125		3750
325.25		3750
325.375		3750
325.5		3750
325.625		3750
325.75		3750
325.875		3750
326		3750
326.125		3750
326.25		3750
326.375		3750
326.5		3750
326.625		3750
326.75		3750
326.875		3750
327		3750
327.125		3750
327.25		3750
327.375		3750
327.5		3750
327.625		3750
327.75		3750
327.875		3750
328		3750
328.125		3750
328.25		3750
328.375		3750
328.5		3750
328.625		3750
328.75		3750
328.875		3750
329		3750
329.125		3750
329.25		3750
329.375		3750
329.5		3750
329.625		3750
329.75		3750
329.875		3750
330		3750
330.125		3750
330.25		3750
330.375		3750
330.5		3750
330.625		3750
330.75		3750
330.875		3750
331		3750
331.125		3750
331.25		3750
331.375		3750
331.5		3750
331.625		3750
331.75		3750
331.875		3750
332		3750
332.125		3750
332.25		3750
332.375		3750
332.5		3750
332.625		3750
332.75		3750
332.875		3750
333		3750
333.125		3750
333.25		3750
333.375		3750
333.5		3750
333.625		3750
333.75		3750
333.875		3750
334		3750
334.125		3750
334.25		3750
334.375		3750
334.5		3750
334.625		3750
334.75		3750
334.875		3750
335		3750
335.125		3750
335.25		3750
335.375		3750
335.5		3750
335.625		3750
335.75		3750
335.875		3750
336		3750
336.125		3750
336.25		3750
336.375		3750
336.5		3750
336.625		3750
336.75		3750
336.875		3750
337		3750
337.125		3750
337.25		3750
337.375		3750
337.5		3750
337.625		3750
337.75		3750
337.875		3750
338		3750
338.125		3750
338.25		3750
338.375		3750
338.5		3750
338.625		3750
338.75		3750
338.875		3750
339		3750
339.125		3750
339.25		3750
339.375		3750
339.5		3750
339.625		3750
339.75		3750
339.875		3750
340		3750
340.125		3750
340.25		3750
340.375		3750
340.5		3750
340.625		3750
340.75		3750
340.875		3750
341		3750
341.125		3750
341.25		3750
341.375		3750
341.5		3750
341.625		3750
341.75		3750
341.875		3750
342		3750
342.125		3750
342.25		3750
342.375		3750
342.5		3750
342.625		3750
342.75		3750
342.875		3750
343		3750
343.125		3750
343.25		3750
343.375		3750
343.5		3750
343.625		3750
343.75		3750
343.875		3750
344		3750
344.125		3750
344.25		3750
344.375		3750
344.5		3750
344.625		3750
344.75		3750
344.875		3750
345		3750
345.125		3750
345.25		3750
345.375		3750
345.5		3750
345.625		3750
345.75		3750
345.875		3750
346		3750
346.125		3750
346.25		3750
346.375		3750
346.5		3750
346.625		3750
346.75		3750
346.875		3750
347		3750
347.125		3750
347.25		3750
347.375		3750
347.5		3750
347.625		3750
347.75		3750
347.875		3750
348		3750
348.125		3750
348.25		3750
348.375		3750
348.5		3750
348.625		3750
348.75		3750
348.875		3750
349		3750
349.125		3750
349.25		3750
349.375		3750
349.5		3750
349.625		3750
349.75		3750
349.875		3750
350		3750
350.125		3750
350.25		3750
350.375		3750
350.5		3750
350.625		3750
350.75		3750
350.875		3750
351		3750
351.125		3750
351.25		3750
351.375		3750
351.5		3750
351.625		3750
351.75		3750
351.875		3750
352		3750
352.125		3750
352.25		3750
352.375		3750
352.5		3750
352.625		3750
352.75		3750
352.875		3750
353		3750
353.125		3750
353.25		3750
353.375		3750
353.5		3750
353.625		3750
353.75		3750
353.875		3750
354		3750
354.125		3750
354.25		3750
354.375		3750
354.5		3750
354.625		3750
354.75		3750
354.875		3750
355		3750
355.125		3750
355.25		3750
355.375		3750
355.5		3750
355.625		3750
355.75		3750
355.875		3750
356		3750
356.125		3750
356.25		3750
356.375		3750
356.5		3750
356.625		3750
356.75		3750
356.875		3750
357		3750
357.125		3750
357.25		3750
357.375		3750
357.5		3750
357.625		3750
357.75		3750
357.875		3750
358		3750
358.125		3750
358.25		3750
358.375		3750
358.5		3750
358.625		3750
358.75		3750
358.875		3750
359		3750
359.125		3750
359.25		3750
359.375		3750
359.5		3750
359.625		3750
359.75		3750
359.875		3750
360		3750
360.125		4166.67
360.25		4166.67
360.375		4166.67
360.5		4166.67
360.625		4166.67
360.75		4166.67
360.875		4166.67
361		4166.67
361.125		4166.67
361.25		4166.67
361.375		4166.67
361.5		4166.67
361.625		4166.67
361.75		4166.67
361.875		4166.67
362		4166.67
362.125		4166.67
362.25		4166.67
362.375		4166.67
362.5		4166.67
362.625		4166.67
362.75		4166.67
362.875		4166.67
363		4166.67
363.125		4166.67
363.25		4166.67
363.375		4166.67
363.5		4166.67
363.625		4166.67
363.75		4166.67
363.875		4166.67
364		4166.67
364.125		4166.67
364.25		4166.67
364.375		4166.67
364.5		4166.67
364.625		4166.67
364.75		4166.67
364.875		4166.67
365		4166.67
365.125		4166.67
365.25		4166.67
365.375		4166.67
365.5		4166.67
365.625		4166.67
365.75		4166.67
365.875		4166.67
366		4166.67
366.125		4166.67
366.25		4166.67
366.375		4166.67
366.5		4166.67
366.625		4166.67
366.75		4166.67
366.875		4166.67
367		4166.67
367.125		4166.67
367.25		4166.67
367.375		4166.67
367.5		4166.67
367.625		4166.67
367.75		4166.67
367.875		4166.67
368		4166.67
368.125		4166.67
368.25		4166.67
368.375		4166.67
368.5		4166.67
368.625		4166.67
368.75		4166.67
368.875		4166.67
369		4166.67
369.125		4166.67
369.25		4166.67
369.375		4166.67
369.5		4166.67
369.625		4166.67
369.75		4166.67
369.875		4166.67
370		4166.67
370.125		4166.67
370.25		4166.67
370.375		4166.67
370.5		4166.67
370.625		4166.67
370.75		4166.67
370.875		4166.67
371		4166.67
371.125		4166.67
371.25		4166.67
371.375		4166.67
371.5		4166.67
371.625		4166.67
371.75		4166.67
371.875		4166.67
372		4166.67
372.125		4166.67
372.25		4166.67
372.375		4166.67
372.5		4166.67
372.625		4166.67
372.75		4166.67
372.875		4166.67
373		4166.67
373.125		4166.67
373.25		4166.67
373.375		4166.67
373.5		4166.67
373.625		4166.67
373.75		4166.67
373.875		4166.67
374		4166.67
374.125		4166.67
374.25		4166.67
374.375		4166.67
374.5		4166.67
374.625		4166.67
374.75		4166.67
374.875		4166.67
375		4166.67
375.125		4166.67
375.25		4166.67
375.375		4166.67
375.5		4166.67
375.625		4166.67
375.75		4166.67
375.875		4166.67
376		4166.67
376.125		4583.33
376.25		4583.33
376.375		4583.33
376.5		4583.33
376.625		4583.33
376.75		4583.33
376.875		4583.33
377		4583.33
377.125		4583.33
377.25		4583.33
377.375		4583.33
377.5		4583.33
377.625		4583.33
377.75		4583.33
377.875		4583.33
378		4583.33
378.125		4583.33
378.25		4583.33
378.375		4583.33
378.5		4583.33
378.625		4583.33
378.75		4583.33
378.875		4583.33
379		4583.33
379.125		4583.33
379.25		4583.33
379.375		4583.33
379.5		4583.33
379.625		4583.33
379.75		4583.33
379.875		4583.33
380		4583.33
380.125		4583.33
380.25		4583.33
380.375		4583.33
380.5		4583.33
380.625		4583.33
380.75		4583.33
380.875		4583.33
381		4583.33
381.125		4583.33
381.25		4583.33
381.375		4583.33
381.5		4583.33
381.625		4583.33
381.75		4583.33
381.875		4583.33
382		4583.33
382.125		4583.33
382.25		4583.33
382.375		4583.33
382.5		4583.33
382.625		4583.33
382.75		4583.33
382.875		4583.33
383		4583.33
383.125		4583.33
383.25		4583.33
383.375		4583.33
383.5		4583.33
383.625		4583.33
383.75		4583.33
383.875		4583.33
384		4583.33
384.125		4583.33
384.25		4583.33
384.375		4583.33
384.5		4583.33
384.625		4583.33
384.75		4583.33
384.875		4583.33
385		4583.33
385.125		4583.33
385.25		4583.33
385.375		4583.33
385.5		4583.33
385.625		4583.33
385.75		4583.33
385.875		4583.33
386		4583.33
386.125		4583.33
386.25		4583.33
386.375		4583.33
386.5		4583.33
386.625		4583.33
386.75		4583.33
386.875		4583.33
387		4583.33
387.125		4583.33
387.25		4583.33
387.375		4583.33
387.5		4583.33
387.625		4583.33
387.75		4583.33
387.875		4583.33
388		4583.33
388.125		4583.33
388.25		4583.33
388.375		4583.33
388.5		4583.33
388.625		4583.33
388.75		4583.33
388.875		4583.33
389		4583.33
389.125		4583.33
389.25		4583.33
389.375		4583.33
389.5		4583.33
389.625		4583.33
389.75		4583.33
389.875		4583.33
390		4583.33
390.125		4583.33
390.25		4583.33
390.375		4583.33
390.5		4583.33
390.625		4583.33
390.75		4583.33
390.875		4583.33
391		4583.33
391.125		4583.33
391.25		4583.33
391.375		4583.33
391.5		4583.33
391.625		4583.33
391.75		4583.33
391.875		4583.33
392		4583.33
392.125		4583.33
392.25		4583.33
392.375		4583.33
392.5		4583.33
392.625		4583.33
392.75		4583.33
392.875		4583.33
393		4583.33
393.125		4583.33
393.25		4583.33
393.375		4583.33
393.5		4583.33
393.625		4583.33
393.75		4583.33
393.875		4583.33
394		4583.33
394.125		4583.33
394.25		4583.33
394.375		4583.33
394.5		4583.33
394.625		4583.33
394.75		4583.33
394.875		4583.33
395		4583.33
395.125		4583.33
395.25		4583.33
395.375		4583.33
395.5		4583.33
395.625		4583.33
395.75		4583.33
395.875		4583.33
396		4583.33
396.125		4583.33
396.25		4583.33
396.375		4583.33
396.5		4583.33
396.625		4583.33
396.75		4583.33
396.875		4583.33
397		4583.33
397.125		4583.33
397.25		4583.33
397.375		4583.33
397.5		4583.33
397.625		4583.33
397.75		4583.33
397.875		4583.33
398		4583.33
398.125		4583.33
398.25		4583.33
398.375		4583.33
398.5		4583.33
398.625		4583.33
398.75		4583.33
398.875		4583.33
399		4583.33
399.125		4583.33
399.25		4583.33
399.375		4583.33
399.5		4583.33
399.625		4583.33
399.75		4583.33
399.875		4583.33
400		4583.33
400.125		4583.33
400.25		4583.33
400.375		4583.33
400.5		4583.33
400.625		4583.33
400.75		4583.33
400.875		4583.33
401		4583.33
401.125		4583.33
401.25		4583.33
401.375		4583.33
401.5		4583.33
401.625		4583.33
401.75		4583.33
401.875		4583.33
402		4583.33
402.125		4583.33
402.25		4583.33
402.375		4583.33
402.5		4583.33
402.625		4583.33
402.75		4583.33
402.875		4583.33
403		4583.33
403.125		4583.33
403.25		4583.33
403.375		4583.33
403.5		4583.33
403.625		4583.33
403.75		4583.33
403.875		4583.33
404		4583.33
404.125		4583.33
404.25		4583.33
404.375		4583.33
404.5		4583.33
404.625		4583.33
404.75		4583.33
404.875		4583.33
405		4583.33
405.125		4583.33
405.25		4583.33
405.375		4583.33
405.5		4583.33
405.625		4583.33
405.75		4583.33
405.875		4583.33
406		4583.33
406.125		4583.33
406.25		4583.33
406.375		4583.33
406.5		4583.33
406.625		4583.33
406.75		4583.33
406.875		4583.33
407		4583.33
407.125		4583.33
407.25		4583.33
407.375		4583.33
407.5		4583.33
407.625		4583.33
407.75		4583.33
407.875		4583.33
408		4583.33
408.125		4583.33
408.25		4583.33
408.375		4583.33
408.5		4583.33
408.625		4583.33
408.75		4583.33
408.875		4583.33
409		4583.33
409.125		4583.33
409.25		4583.33
409.375		4583.33
409.5		4583.33
409.625		4583.33
409.75		4583.33
409.875		4583.33
410		4583.33
410.125		4583.33
410.25		4583.33
410.375		4583.33
410.5		4583.33
410.625		4583.33
410.75		4583.33
410.875		4583.33
411		4583.33
411.125		4583.33
411.25		4583.33
411.375		4583.33
411.5		4583.33
411.625		4583.33
411.75		4583.33
411.875		4583.33
412		4583.33
412.125		4583.33
412.25		4583.33
412.375		4583.33
412.5		4583.33
412.625		4583.33
412.75		4583.33
412.875		4583.33
413		4583.33
413.125		4583.33
413.25		4583.33
413.375		4583.33
413.5		4583.33
413.625		4583.33
413.75		4583.33
413.875		4583.33
414		4583.33
414.125		4583.33
414.25		4583.33
414.375		4583.33
414.5		4583.33
414.625		4583.33
414.75		4583.33
414.875		4583.33
415		4583.33
415.125		4583.33
415.25		4583.33
415.375		4583.33
415.5		4583.33
415.625		4583.33
415.75		4583.33
415.875		4583.33
416		4583.33
416.125		4583.33
416.25		4583.33
416.375		4583.33
416.5		4583.33
416.625		4583.33
416.75		4583.33
416.875		4583.33
417		4583.33
417.125		4583.33
417.25		4583.33
417.375		4583.33
417.5		4583.33
417.625		4583.33
417.75		4583.33
417.875		4583.33
418		4583.33
418.125		4583.33
418.25		4583.33
418.375		4583.33
418.5		4583.33
418.625		4583.33
418.75		4583.33
418.875		4583.33
419		4583.33
419.125		4583.33
419.25		4583.33
419.375		4583.33
419.5		4583.33
419.625		4583.33
419.75		4583.33
419.875		4583.33
420		4583.33
420.125		4583.33
420.25		4583.33
420.375		4583.33
420.5		4583.33
420.625		4583.33
420.75		4583.33
420.875		4583.33
421		4583.33
421.125		4583.33
421.25		4583.33
421.375		4583.33
421.5		4583.33
421.625		4583.33
421.75		4583.33
421.875		4583.33
422		4583.33
422.125		4583.33
422.25		4583.33
422.375		4583.33
422.5		4583.33
422.625		4583.33
422.75		4583.33
422.875		4583.33
423		4583.33
423.125		4583.33
423.25		4583.33
423.375		4583.33
423.5		4583.33
423.625		4583.33
423.75		4583.33
423.875		4583.33
424		4583.33
424.125		4583.33
424.25		4583.33
424.375		4583.33
424.5		4583.33
424.625		4583.33
424.75		4583.33
424.875		4583.33
425		4583.33
425.125		4583.33
425.25		4583.33
425.375		4583.33
425.5		4583.33
425.625		4583.33
425.75		4583.33
425.875		4583.33
426		4583.33
426.125		4583.33
426.25		4583.33
426.375		4583.33
426.5		4583.33
426.625		4583.33
426.75		4583.33
426.875		4583.33
427		4583.33
427.125		4583.33
427.25		4583.33
427.375		4583.33
427.5		4583.33
427.625		4583.33
427.75		4583.33
427.875		4583.33
428		4583.33
428.125		4583.33
428.25		4583.33
428.375		4583.33
428.5		4583.33
428.625		4583.33
428.75		4583.33
428.875		4583.33
429		4583.33
429.125		4583.33
429.25		4583.33
429.375		4583.33
429.5		4583.33
429.625		4583.33
429.75		4583.33
429.875		4583.33
430		4583.33
430.125		4583.33
430.25		4583.33
430.375		4583.33
430.5		4583.33
430.625		4583.33
430.75		4583.33
430.875		4583.33
431		4583.33
431.125		4583.33
431.25		4583.33
431.375		4583.33
431.5		4583.33
431.625		4583.33
431.75		4583.33
431.875		4583.33
432		4583.33
432.125		4583.33
432.25		4583.33
432.375		4583.33
432.5		4583.33
432.625		4583.33
432.75		4583.33
432.875		4583.33
433		4583.33
433.125		4583.33
433.25		4583.33
433.375		4583.33
433.5		4583.33
433.625		4583.33
433.75		4583.33
433.875		4583.33
434		4583.33
434.125		4583.33
434.25		4583.33
434.375		4583.33
434.5		4583.33
434.625		4583.33
434.75		4583.33
434.875		4583.33
435		4583.33
435.125		4583.33
435.25		4583.33
435.375		4583.33
435.5		4583.33
435.625		4583.33
435.75		4583.33
435.875		4583.33
436		4583.33
436.125		4583.33
436.25		4583.33
436.375		4583.33
436.5		4583.33
436.625		4583.33
436.75		4583.33
436.875		4583.33
437		4583.33
437.125		4583.33
437.25		4583.33
437.375		4583.33
437.5		4583.33
437.625		4583.33
437.75		4583.33
437.875		4583.33
438		4583.33
438.125		4583.33
438.25		4583.33
438.375		4583.33
438.5		4583.33
438.625		4583.33
438.75		4583.33
438.875		4583.33
439		4583.33
439.125		4583.33
439.25		4583.33
439.375		4583.33
439.5		4583.33
439.625		4583.33
439.75		4583.33
439.875		4583.33
440		4583.33
440.125		4583.33
440.25		4583.33
440.375		4583.33
440.5		4583.33
440.625		4583.33
440.75		4583.33
440.875		4583.33
441		4583.33
441.125		4583.33
441.25		4583.33
441.375		4583.33
441.5		4583.33
441.625		4583.33
441.75		4583.33
441.875		4583.33
442		4583.33
442.125		4583.33
442.25		4583.33
442.375		4583.33
442.5		4583.33
442.625		4583.33
442.75		4583.33
442.875		4583.33
443		4583.33
443.125		4583.33
443.25		4583.33
443.375		4583.33
443.5		4583.33
443.625		4583.33
443.75		4583.33
443.875		4583.33
444		4583.33
444.125		4583.33
444.25		4583.33
444.375		4583.33
444.5		4583.33
444.625		4583.33
444.75		4583.33
444.875		4583.33
445		4583.33
445.125		4583.33
445.25		4583.33
445.375		4583.33
445.5		4583.33
445.625		4583.33
445.75		4583.33
445.875		4583.33
446		4583.33
446.125		4583.33
446.25		4583.33
446.375		4583.33
446.5		4583.33
446.625		4583.33
446.75		4583.33
446.875		4583.33
447		4583.33
447.125		4583.33
447.25		4583.33
447.375		4583.33
447.5		4583.33
447.625		4583.33
447.75		4583.33
447.875		4583.33
448		4583.33
448.125		4583.33
448.25		4583.33
448.375		4583.33
448.5		4583.33
448.625		4583.33
448.75		4583.33
448.875		4583.33
449		4583.33
449.125		4583.33
449.25		4583.33
449.375		4583.33
449.5		4583.33
449.625		4583.33
449.75		4583.33
449.875		4583.33
450		4583.33
450.125		4583.33
450.25		4583.33
450.375		4583.33
450.5		4583.33
450.625		4583.33
450.75		4583.33
450.875		4583.33
451		4583.33
451.125		4583.33
451.25		4583.33
451.375		4583.33
451.5		4583.33
451.625		4583.33
451.75		4583.33
451.875		4583.33
452		4583.33
452.125		4583.33
452.25		4583.33
452.375		4583.33
452.5		4583.33
452.625		4583.33
452.75		4583.33
452.875		4583.33
453		4583.33
453.125		4583.33
453.25		4583.33
453.375		4583.33
453.5		4583.33
453.625		4583.33
453.75		4583.33
453.875		4583.33
454		4583.33
454.125		4583.33
454.25		4583.33
454.375		4583.33
454.5		4583.33
454.625		4583.33
454.75		4583.33
454.875		4583.33
455		4583.33
455.125		4583.33
455.25		4583.33
455.375		4583.33
455.5		4583.33
455.625		4583.33
455.75		4583.33
455.875		4583.33
456		4583.33
456.125		4583.33
456.25		4583.33
456.375		4583.33
456.5		4583.33
456.625		4583.33
456.75		4583.33
456.875		4583.33
457		4583.33
457.125		4583.33
457.25		4583.33
457.375		4583.33
457.5		4583.33
457.625		4583.33
457.75		4583.33
457.875		4583.33
458		4583.33
458.125		4583.33
458.25		4583.33
458.375		4583.33
458.5		4583.33
458.625		4583.33
458.75		4583.33
458.875		4583.33
459		4583.33
459.125		4583.33
459.25		4583.33
459.375		4583.33
459.5		4583.33
459.625		4583.33
459.75		4583.33
459.875		4583.33
460		4583.33
460.125		0
460.25		0
460.375		0
460.5		0
460.625		0
460.75		0
460.875		0
461		0
461.125		0
461.25		0
461.375		0
461.5		0
461.625		0
461.75		0
461.875		0
462		0
462.125		0
462.25		0
462.375		0
462.5		0
462.625		0
462.75		0
462.875		0
463		0
463.125		0
463.25		0
463.375		0
463.5		0
463.625		0
463.75		0
463.875		0
464		0
464.125		0
464.25		0
464.375		0
464.5		0
464.625		0
464.75		0
464.875		0
465		0
465.125		0
465.25		0
465.375		0
465.5		0
465.625		0
465.75		0
465.875		0
466		0
466.125		0
466.25		0
466.375		0
466.5		0
466.625		0
466.75		0
466.875		0
467		0
467.125		0
467.25		0
467.375		0
467.5		0
467.625		0
467.75		0
467.875		0
468		0
468.125		0
468.25		0
468.375		0
468.5		0
468.625		0
468.75		0
468.875		0
469		0
469.125		0
469.25		0
469.375		0
469.5		0
469.625		0
469.75		0
469.875		0
470		0
470.125		0
470.25		0
470.375		0
470.5		0
470.625		0
470.75		0
470.875		0
471		0
471.125		0
471.25		0
471.375		0
471.5		0
471.625		0
471.75		0
471.875		0
472		0
472.125		0
472.25		0
472.375		0
472.5		0
472.625		0
472.75		0
472.875		0
473		0
473.125		0
473.25		0
473.375		0
473.5		0
473.625		0
473.75		0
473.875		0
474		0
474.125		0
474.25		0
474.375		0
474.5		0
474.625		0
474.75		0
474.875		0
475		0
475.125		0
475.25		0
475.375		0
475.5		0
475.625		0
475.75		0
475.875		0
476		0
476.125		0
476.25		0
476.375		0
476.5		0
476.625		0
476.75		0
476.875		0
477		0
477.125		0
477.25		0
477.375		0
477.5		0
477.625		0
477.75		0
477.875		0
478		0
478.125		0
478.25		0
478.375		0
478.5		0
478.625		0
478.75		0
478.875		0
479		0
479.125		0
479.25		0
479.375		0
479.5		0
479.625		0
479.75		0
479.875		0
480		0
480.125		0
480.25		0
480.375		0
480.5		0
480.625		0
480.75		0
480.875		0
481		0
481.125		0
481.25		0
481.375		0
481.5		0
481.625		0
481.75		0
481.875		0
482		0
482.125		0
482.25		0
482.375		0
482.5		0
482.625		0
482.75		0
482.875		0
483		0
483.125		0
483.25		0
483.375		0
483.5		0
483.625		0
483.75		0
483.875		0
484		0
484.125		0
484.25		0
484.375		0
484.5		0
484.625		0
484.75		0
484.875		0
485		0
485.125		0
485.25		0
485.375		0
485.5		0
485.625		0
485.75		0
485.875		0
486		0
486.125		0
486.25		0
486.375		0
486.5		0
486.625		0
486.75		0
486.875		0
487		0
487.125		0
487.25		0
487.375		0
487.5		0
487.625		0
487.75		0
487.875		0
488		0
488.125		0
488.25		0
488.375		0
488.5		0
488.625		0
488.75		0
488.875		0
489		0
489.125		0
489.25		0
489.375		0
489.5		0
489.625		0
489.75		0
489.875		0
490		0
490.125		0
490.25		0
490.375		0
490.5		0
490.625		0
490.75		0
490.875		0
491		0
491.125		0
491.25		0
491.375		0
491.5		0
491.625		0
491.75		0
491.875		0
492		0
492.125		0
492.25		0
492.375		0
492.5		0
492.625		0
492.75		0
492.875		0
493		0
493.125		0
493.25		0
493.375		0
493.5		0
493.625		0
493.75		0
493.875		0
494		0
494.125		0
494.25		0
494.375		0
494.5		0
494.625		0
494.75		0
494.875		0
495		0
495.125		0
495.25		0
495.375		0
495.5		0
495.625		0
495.75		0
495.875		0
496		0
496.125		0
496.25		0
496.375		0
496.5		0
496.625		0
496.75		0
496.875		0
497		0
497.125		0
497.25		0
497.375		0
497.5		0
497.625		0
497.75		0
497.875		0
498		0
498.125		0
498.25		0
498.375		0
498.5		0
498.625		0
498.75		0
498.875		0
499		0
499.125		0
499.25		0
499.375		0
499.5		0
499.625		0
499.75		0
499.875		0
500		0
