# Calibration file of tamex_id 0 @ channel 16
# fine_T bin		 Calibration value
0.125		0
0.25		0
0.375		0
0.5		0
0.625		0
0.75		0
0.875		0
1		0
1.125		0
1.25		0
1.375		0
1.5		0
1.625		0
1.75		0
1.875		0
2		0
2.125		0
2.25		0
2.375		0
2.5		0
2.625		0
2.75		0
2.875		0
3		0
3.125		0
3.25		0
3.375		0
3.5		0
3.625		0
3.75		0
3.875		0
4		0
4.125		0
4.25		0
4.375		0
4.5		0
4.625		0
4.75		0
4.875		0
5		0
5.125		0
5.25		0
5.375		0
5.5		0
5.625		0
5.75		0
5.875		0
6		0
6.125		0
6.25		0
6.375		0
6.5		0
6.625		0
6.75		0
6.875		0
7		0
7.125		0
7.25		0
7.375		0
7.5		0
7.625		0
7.75		0
7.875		0
8		0
8.125		0
8.25		0
8.375		0
8.5		0
8.625		0
8.75		0
8.875		0
9		0
9.125		0
9.25		0
9.375		0
9.5		0
9.625		0
9.75		0
9.875		0
10		0
10.125		0
10.25		0
10.375		0
10.5		0
10.625		0
10.75		0
10.875		0
11		0
11.125		0
11.25		0
11.375		0
11.5		0
11.625		0
11.75		0
11.875		0
12		0
12.125		0
12.25		0
12.375		0
12.5		0
12.625		0
12.75		0
12.875		0
13		0
13.125		0
13.25		0
13.375		0
13.5		0
13.625		0
13.75		0
13.875		0
14		0
14.125		0
14.25		0
14.375		0
14.5		0
14.625		0
14.75		0
14.875		0
15		0
15.125		0
15.25		0
15.375		0
15.5		0
15.625		0
15.75		0
15.875		0
16		0
16.125		0
16.25		0
16.375		0
16.5		0
16.625		0
16.75		0
16.875		0
17		0
17.125		0
17.25		0
17.375		0
17.5		0
17.625		0
17.75		0
17.875		0
18		0
18.125		0
18.25		0
18.375		0
18.5		0
18.625		0
18.75		0
18.875		0
19		0
19.125		0
19.25		0
19.375		0
19.5		0
19.625		0
19.75		0
19.875		0
20		0
20.125		0
20.25		0
20.375		0
20.5		0
20.625		0
20.75		0
20.875		0
21		0
21.125		0
21.25		0
21.375		0
21.5		0
21.625		0
21.75		0
21.875		0
22		0
22.125		0
22.25		0
22.375		0
22.5		0
22.625		0
22.75		0
22.875		0
23		0
23.125		0
23.25		0
23.375		0
23.5		0
23.625		0
23.75		0
23.875		0
24		0
24.125		0
24.25		0
24.375		0
24.5		0
24.625		0
24.75		0
24.875		0
25		0
25.125		0
25.25		0
25.375		0
25.5		0
25.625		0
25.75		0
25.875		0
26		0
26.125		0
26.25		0
26.375		0
26.5		0
26.625		0
26.75		0
26.875		0
27		0
27.125		0.0185185
27.25		0.0185185
27.375		0.0185185
27.5		0.0185185
27.625		0.0185185
27.75		0.0185185
27.875		0.0185185
28		0.0185185
28.125		0.0185185
28.25		0.0185185
28.375		0.0185185
28.5		0.0185185
28.625		0.0185185
28.75		0.0185185
28.875		0.0185185
29		0.0185185
29.125		0.0185185
29.25		0.0185185
29.375		0.0185185
29.5		0.0185185
29.625		0.0185185
29.75		0.0185185
29.875		0.0185185
30		0.0185185
30.125		0.0185185
30.25		0.0185185
30.375		0.0185185
30.5		0.0185185
30.625		0.0185185
30.75		0.0185185
30.875		0.0185185
31		0.0185185
31.125		0.0185185
31.25		0.0185185
31.375		0.0185185
31.5		0.0185185
31.625		0.0185185
31.75		0.0185185
31.875		0.0185185
32		0.0185185
32.125		0.0185185
32.25		0.0185185
32.375		0.0185185
32.5		0.0185185
32.625		0.0185185
32.75		0.0185185
32.875		0.0185185
33		0.0185185
33.125		0.0185185
33.25		0.0185185
33.375		0.0185185
33.5		0.0185185
33.625		0.0185185
33.75		0.0185185
33.875		0.0185185
34		0.0185185
34.125		0.0185185
34.25		0.0185185
34.375		0.0185185
34.5		0.0185185
34.625		0.0185185
34.75		0.0185185
34.875		0.0185185
35		0.0185185
35.125		0.0185185
35.25		0.0185185
35.375		0.0185185
35.5		0.0185185
35.625		0.0185185
35.75		0.0185185
35.875		0.0185185
36		0.0185185
36.125		0.0185185
36.25		0.0185185
36.375		0.0185185
36.5		0.0185185
36.625		0.0185185
36.75		0.0185185
36.875		0.0185185
37		0.0185185
37.125		0.0185185
37.25		0.0185185
37.375		0.0185185
37.5		0.0185185
37.625		0.0185185
37.75		0.0185185
37.875		0.0185185
38		0.0185185
38.125		0.0185185
38.25		0.0185185
38.375		0.0185185
38.5		0.0185185
38.625		0.0185185
38.75		0.0185185
38.875		0.0185185
39		0.0185185
39.125		0.0185185
39.25		0.0185185
39.375		0.0185185
39.5		0.0185185
39.625		0.0185185
39.75		0.0185185
39.875		0.0185185
40		0.0185185
40.125		0.0185185
40.25		0.0185185
40.375		0.0185185
40.5		0.0185185
40.625		0.0185185
40.75		0.0185185
40.875		0.0185185
41		0.0185185
41.125		0.0185185
41.25		0.0185185
41.375		0.0185185
41.5		0.0185185
41.625		0.0185185
41.75		0.0185185
41.875		0.0185185
42		0.0185185
42.125		0.0185185
42.25		0.0185185
42.375		0.0185185
42.5		0.0185185
42.625		0.0185185
42.75		0.0185185
42.875		0.0185185
43		0.0185185
43.125		0.0185185
43.25		0.0185185
43.375		0.0185185
43.5		0.0185185
43.625		0.0185185
43.75		0.0185185
43.875		0.0185185
44		0.0185185
44.125		0.0185185
44.25		0.0185185
44.375		0.0185185
44.5		0.0185185
44.625		0.0185185
44.75		0.0185185
44.875		0.0185185
45		0.0185185
45.125		0.0185185
45.25		0.0185185
45.375		0.0185185
45.5		0.0185185
45.625		0.0185185
45.75		0.0185185
45.875		0.0185185
46		0.0185185
46.125		0.0185185
46.25		0.0185185
46.375		0.0185185
46.5		0.0185185
46.625		0.0185185
46.75		0.0185185
46.875		0.0185185
47		0.0185185
47.125		0.0185185
47.25		0.0185185
47.375		0.0185185
47.5		0.0185185
47.625		0.0185185
47.75		0.0185185
47.875		0.0185185
48		0.0185185
48.125		0.037037
48.25		0.037037
48.375		0.037037
48.5		0.037037
48.625		0.037037
48.75		0.037037
48.875		0.037037
49		0.037037
49.125		0.037037
49.25		0.037037
49.375		0.037037
49.5		0.037037
49.625		0.037037
49.75		0.037037
49.875		0.037037
50		0.037037
50.125		0.0740741
50.25		0.0740741
50.375		0.0740741
50.5		0.0740741
50.625		0.0740741
50.75		0.0740741
50.875		0.0740741
51		0.0740741
51.125		0.0925926
51.25		0.0925926
51.375		0.0925926
51.5		0.0925926
51.625		0.0925926
51.75		0.0925926
51.875		0.0925926
52		0.0925926
52.125		0.0925926
52.25		0.0925926
52.375		0.0925926
52.5		0.0925926
52.625		0.0925926
52.75		0.0925926
52.875		0.0925926
53		0.0925926
53.125		0.111111
53.25		0.111111
53.375		0.111111
53.5		0.111111
53.625		0.111111
53.75		0.111111
53.875		0.111111
54		0.111111
54.125		0.111111
54.25		0.111111
54.375		0.111111
54.5		0.111111
54.625		0.111111
54.75		0.111111
54.875		0.111111
55		0.111111
55.125		0.148148
55.25		0.148148
55.375		0.148148
55.5		0.148148
55.625		0.148148
55.75		0.148148
55.875		0.148148
56		0.148148
56.125		0.166667
56.25		0.166667
56.375		0.166667
56.5		0.166667
56.625		0.166667
56.75		0.166667
56.875		0.166667
57		0.166667
57.125		0.166667
57.25		0.166667
57.375		0.166667
57.5		0.166667
57.625		0.166667
57.75		0.166667
57.875		0.166667
58		0.166667
58.125		0.166667
58.25		0.166667
58.375		0.166667
58.5		0.166667
58.625		0.166667
58.75		0.166667
58.875		0.166667
59		0.166667
59.125		0.185185
59.25		0.185185
59.375		0.185185
59.5		0.185185
59.625		0.185185
59.75		0.185185
59.875		0.185185
60		0.185185
60.125		0.185185
60.25		0.185185
60.375		0.185185
60.5		0.185185
60.625		0.185185
60.75		0.185185
60.875		0.185185
61		0.185185
61.125		0.185185
61.25		0.185185
61.375		0.185185
61.5		0.185185
61.625		0.185185
61.75		0.185185
61.875		0.185185
62		0.185185
62.125		0.185185
62.25		0.185185
62.375		0.185185
62.5		0.185185
62.625		0.185185
62.75		0.185185
62.875		0.185185
63		0.185185
63.125		0.185185
63.25		0.185185
63.375		0.185185
63.5		0.185185
63.625		0.185185
63.75		0.185185
63.875		0.185185
64		0.185185
64.125		0.185185
64.25		0.185185
64.375		0.185185
64.5		0.185185
64.625		0.185185
64.75		0.185185
64.875		0.185185
65		0.185185
65.125		0.185185
65.25		0.185185
65.375		0.185185
65.5		0.185185
65.625		0.185185
65.75		0.185185
65.875		0.185185
66		0.185185
66.125		0.185185
66.25		0.185185
66.375		0.185185
66.5		0.185185
66.625		0.185185
66.75		0.185185
66.875		0.185185
67		0.185185
67.125		0.185185
67.25		0.185185
67.375		0.185185
67.5		0.185185
67.625		0.185185
67.75		0.185185
67.875		0.185185
68		0.185185
68.125		0.203704
68.25		0.203704
68.375		0.203704
68.5		0.203704
68.625		0.203704
68.75		0.203704
68.875		0.203704
69		0.203704
69.125		0.203704
69.25		0.203704
69.375		0.203704
69.5		0.203704
69.625		0.203704
69.75		0.203704
69.875		0.203704
70		0.203704
70.125		0.203704
70.25		0.203704
70.375		0.203704
70.5		0.203704
70.625		0.203704
70.75		0.203704
70.875		0.203704
71		0.203704
71.125		0.203704
71.25		0.203704
71.375		0.203704
71.5		0.203704
71.625		0.203704
71.75		0.203704
71.875		0.203704
72		0.203704
72.125		0.203704
72.25		0.203704
72.375		0.203704
72.5		0.203704
72.625		0.203704
72.75		0.203704
72.875		0.203704
73		0.203704
73.125		0.203704
73.25		0.203704
73.375		0.203704
73.5		0.203704
73.625		0.203704
73.75		0.203704
73.875		0.203704
74		0.203704
74.125		0.203704
74.25		0.203704
74.375		0.203704
74.5		0.203704
74.625		0.203704
74.75		0.203704
74.875		0.203704
75		0.203704
75.125		0.203704
75.25		0.203704
75.375		0.203704
75.5		0.203704
75.625		0.203704
75.75		0.203704
75.875		0.203704
76		0.203704
76.125		0.203704
76.25		0.203704
76.375		0.203704
76.5		0.203704
76.625		0.203704
76.75		0.203704
76.875		0.203704
77		0.203704
77.125		0.203704
77.25		0.203704
77.375		0.203704
77.5		0.203704
77.625		0.203704
77.75		0.203704
77.875		0.203704
78		0.203704
78.125		0.203704
78.25		0.203704
78.375		0.203704
78.5		0.203704
78.625		0.203704
78.75		0.203704
78.875		0.203704
79		0.203704
79.125		0.203704
79.25		0.203704
79.375		0.203704
79.5		0.203704
79.625		0.203704
79.75		0.203704
79.875		0.203704
80		0.203704
80.125		0.203704
80.25		0.203704
80.375		0.203704
80.5		0.203704
80.625		0.203704
80.75		0.203704
80.875		0.203704
81		0.203704
81.125		0.203704
81.25		0.203704
81.375		0.203704
81.5		0.203704
81.625		0.203704
81.75		0.203704
81.875		0.203704
82		0.203704
82.125		0.203704
82.25		0.203704
82.375		0.203704
82.5		0.203704
82.625		0.203704
82.75		0.203704
82.875		0.203704
83		0.203704
83.125		0.203704
83.25		0.203704
83.375		0.203704
83.5		0.203704
83.625		0.203704
83.75		0.203704
83.875		0.203704
84		0.203704
84.125		0.203704
84.25		0.203704
84.375		0.203704
84.5		0.203704
84.625		0.203704
84.75		0.203704
84.875		0.203704
85		0.203704
85.125		0.203704
85.25		0.203704
85.375		0.203704
85.5		0.203704
85.625		0.203704
85.75		0.203704
85.875		0.203704
86		0.203704
86.125		0.203704
86.25		0.203704
86.375		0.203704
86.5		0.203704
86.625		0.203704
86.75		0.203704
86.875		0.203704
87		0.203704
87.125		0.203704
87.25		0.203704
87.375		0.203704
87.5		0.203704
87.625		0.203704
87.75		0.203704
87.875		0.203704
88		0.203704
88.125		0.222222
88.25		0.222222
88.375		0.222222
88.5		0.222222
88.625		0.222222
88.75		0.222222
88.875		0.222222
89		0.222222
89.125		0.222222
89.25		0.222222
89.375		0.222222
89.5		0.222222
89.625		0.222222
89.75		0.222222
89.875		0.222222
90		0.222222
90.125		0.222222
90.25		0.222222
90.375		0.222222
90.5		0.222222
90.625		0.222222
90.75		0.222222
90.875		0.222222
91		0.222222
91.125		0.222222
91.25		0.222222
91.375		0.222222
91.5		0.222222
91.625		0.222222
91.75		0.222222
91.875		0.222222
92		0.222222
92.125		0.222222
92.25		0.222222
92.375		0.222222
92.5		0.222222
92.625		0.222222
92.75		0.222222
92.875		0.222222
93		0.222222
93.125		0.222222
93.25		0.222222
93.375		0.222222
93.5		0.222222
93.625		0.222222
93.75		0.222222
93.875		0.222222
94		0.222222
94.125		0.222222
94.25		0.222222
94.375		0.222222
94.5		0.222222
94.625		0.222222
94.75		0.222222
94.875		0.222222
95		0.222222
95.125		0.222222
95.25		0.222222
95.375		0.222222
95.5		0.222222
95.625		0.222222
95.75		0.222222
95.875		0.222222
96		0.222222
96.125		0.222222
96.25		0.222222
96.375		0.222222
96.5		0.222222
96.625		0.222222
96.75		0.222222
96.875		0.222222
97		0.222222
97.125		0.222222
97.25		0.222222
97.375		0.222222
97.5		0.222222
97.625		0.222222
97.75		0.222222
97.875		0.222222
98		0.222222
98.125		0.222222
98.25		0.222222
98.375		0.222222
98.5		0.222222
98.625		0.222222
98.75		0.222222
98.875		0.222222
99		0.222222
99.125		0.222222
99.25		0.222222
99.375		0.222222
99.5		0.222222
99.625		0.222222
99.75		0.222222
99.875		0.222222
100		0.222222
100.125		0.222222
100.25		0.222222
100.375		0.222222
100.5		0.222222
100.625		0.222222
100.75		0.222222
100.875		0.222222
101		0.222222
101.125		0.222222
101.25		0.222222
101.375		0.222222
101.5		0.222222
101.625		0.222222
101.75		0.222222
101.875		0.222222
102		0.222222
102.125		0.222222
102.25		0.222222
102.375		0.222222
102.5		0.222222
102.625		0.222222
102.75		0.222222
102.875		0.222222
103		0.222222
103.125		0.222222
103.25		0.222222
103.375		0.222222
103.5		0.222222
103.625		0.222222
103.75		0.222222
103.875		0.222222
104		0.222222
104.125		0.222222
104.25		0.222222
104.375		0.222222
104.5		0.222222
104.625		0.222222
104.75		0.222222
104.875		0.222222
105		0.222222
105.125		0.222222
105.25		0.222222
105.375		0.222222
105.5		0.222222
105.625		0.222222
105.75		0.222222
105.875		0.222222
106		0.222222
106.125		0.240741
106.25		0.240741
106.375		0.240741
106.5		0.240741
106.625		0.240741
106.75		0.240741
106.875		0.240741
107		0.240741
107.125		0.240741
107.25		0.240741
107.375		0.240741
107.5		0.240741
107.625		0.240741
107.75		0.240741
107.875		0.240741
108		0.240741
108.125		0.240741
108.25		0.240741
108.375		0.240741
108.5		0.240741
108.625		0.240741
108.75		0.240741
108.875		0.240741
109		0.240741
109.125		0.240741
109.25		0.240741
109.375		0.240741
109.5		0.240741
109.625		0.240741
109.75		0.240741
109.875		0.240741
110		0.240741
110.125		0.240741
110.25		0.240741
110.375		0.240741
110.5		0.240741
110.625		0.240741
110.75		0.240741
110.875		0.240741
111		0.240741
111.125		0.240741
111.25		0.240741
111.375		0.240741
111.5		0.240741
111.625		0.240741
111.75		0.240741
111.875		0.240741
112		0.240741
112.125		0.240741
112.25		0.240741
112.375		0.240741
112.5		0.240741
112.625		0.240741
112.75		0.240741
112.875		0.240741
113		0.240741
113.125		0.240741
113.25		0.240741
113.375		0.240741
113.5		0.240741
113.625		0.240741
113.75		0.240741
113.875		0.240741
114		0.240741
114.125		0.240741
114.25		0.240741
114.375		0.240741
114.5		0.240741
114.625		0.240741
114.75		0.240741
114.875		0.240741
115		0.240741
115.125		0.240741
115.25		0.240741
115.375		0.240741
115.5		0.240741
115.625		0.240741
115.75		0.240741
115.875		0.240741
116		0.240741
116.125		0.240741
116.25		0.240741
116.375		0.240741
116.5		0.240741
116.625		0.240741
116.75		0.240741
116.875		0.240741
117		0.240741
117.125		0.240741
117.25		0.240741
117.375		0.240741
117.5		0.240741
117.625		0.240741
117.75		0.240741
117.875		0.240741
118		0.240741
118.125		0.240741
118.25		0.240741
118.375		0.240741
118.5		0.240741
118.625		0.240741
118.75		0.240741
118.875		0.240741
119		0.240741
119.125		0.240741
119.25		0.240741
119.375		0.240741
119.5		0.240741
119.625		0.240741
119.75		0.240741
119.875		0.240741
120		0.240741
120.125		0.240741
120.25		0.240741
120.375		0.240741
120.5		0.240741
120.625		0.240741
120.75		0.240741
120.875		0.240741
121		0.240741
121.125		0.240741
121.25		0.240741
121.375		0.240741
121.5		0.240741
121.625		0.240741
121.75		0.240741
121.875		0.240741
122		0.240741
122.125		0.240741
122.25		0.240741
122.375		0.240741
122.5		0.240741
122.625		0.240741
122.75		0.240741
122.875		0.240741
123		0.240741
123.125		0.259259
123.25		0.259259
123.375		0.259259
123.5		0.259259
123.625		0.259259
123.75		0.259259
123.875		0.259259
124		0.259259
124.125		0.259259
124.25		0.259259
124.375		0.259259
124.5		0.259259
124.625		0.259259
124.75		0.259259
124.875		0.259259
125		0.259259
125.125		0.259259
125.25		0.259259
125.375		0.259259
125.5		0.259259
125.625		0.259259
125.75		0.259259
125.875		0.259259
126		0.259259
126.125		0.259259
126.25		0.259259
126.375		0.259259
126.5		0.259259
126.625		0.259259
126.75		0.259259
126.875		0.259259
127		0.259259
127.125		0.259259
127.25		0.259259
127.375		0.259259
127.5		0.259259
127.625		0.259259
127.75		0.259259
127.875		0.259259
128		0.259259
128.125		0.259259
128.25		0.259259
128.375		0.259259
128.5		0.259259
128.625		0.259259
128.75		0.259259
128.875		0.259259
129		0.259259
129.125		0.259259
129.25		0.259259
129.375		0.259259
129.5		0.259259
129.625		0.259259
129.75		0.259259
129.875		0.259259
130		0.259259
130.125		0.259259
130.25		0.259259
130.375		0.259259
130.5		0.259259
130.625		0.259259
130.75		0.259259
130.875		0.259259
131		0.259259
131.125		0.259259
131.25		0.259259
131.375		0.259259
131.5		0.259259
131.625		0.259259
131.75		0.259259
131.875		0.259259
132		0.259259
132.125		0.259259
132.25		0.259259
132.375		0.259259
132.5		0.259259
132.625		0.259259
132.75		0.259259
132.875		0.259259
133		0.259259
133.125		0.259259
133.25		0.259259
133.375		0.259259
133.5		0.259259
133.625		0.259259
133.75		0.259259
133.875		0.259259
134		0.259259
134.125		0.259259
134.25		0.259259
134.375		0.259259
134.5		0.259259
134.625		0.259259
134.75		0.259259
134.875		0.259259
135		0.259259
135.125		0.259259
135.25		0.259259
135.375		0.259259
135.5		0.259259
135.625		0.259259
135.75		0.259259
135.875		0.259259
136		0.259259
136.125		0.277778
136.25		0.277778
136.375		0.277778
136.5		0.277778
136.625		0.277778
136.75		0.277778
136.875		0.277778
137		0.277778
137.125		0.296296
137.25		0.296296
137.375		0.296296
137.5		0.296296
137.625		0.296296
137.75		0.296296
137.875		0.296296
138		0.296296
138.125		0.296296
138.25		0.296296
138.375		0.296296
138.5		0.296296
138.625		0.296296
138.75		0.296296
138.875		0.296296
139		0.296296
139.125		0.296296
139.25		0.296296
139.375		0.296296
139.5		0.296296
139.625		0.296296
139.75		0.296296
139.875		0.296296
140		0.296296
140.125		0.296296
140.25		0.296296
140.375		0.296296
140.5		0.296296
140.625		0.296296
140.75		0.296296
140.875		0.296296
141		0.296296
141.125		0.314815
141.25		0.314815
141.375		0.314815
141.5		0.314815
141.625		0.314815
141.75		0.314815
141.875		0.314815
142		0.314815
142.125		0.314815
142.25		0.314815
142.375		0.314815
142.5		0.314815
142.625		0.314815
142.75		0.314815
142.875		0.314815
143		0.314815
143.125		0.314815
143.25		0.314815
143.375		0.314815
143.5		0.314815
143.625		0.314815
143.75		0.314815
143.875		0.314815
144		0.314815
144.125		0.314815
144.25		0.314815
144.375		0.314815
144.5		0.314815
144.625		0.314815
144.75		0.314815
144.875		0.314815
145		0.314815
145.125		0.314815
145.25		0.314815
145.375		0.314815
145.5		0.314815
145.625		0.314815
145.75		0.314815
145.875		0.314815
146		0.314815
146.125		0.314815
146.25		0.314815
146.375		0.314815
146.5		0.314815
146.625		0.314815
146.75		0.314815
146.875		0.314815
147		0.314815
147.125		0.333333
147.25		0.333333
147.375		0.333333
147.5		0.333333
147.625		0.333333
147.75		0.333333
147.875		0.333333
148		0.333333
148.125		0.333333
148.25		0.333333
148.375		0.333333
148.5		0.333333
148.625		0.333333
148.75		0.333333
148.875		0.333333
149		0.333333
149.125		0.333333
149.25		0.333333
149.375		0.333333
149.5		0.333333
149.625		0.333333
149.75		0.333333
149.875		0.333333
150		0.333333
150.125		0.351852
150.25		0.351852
150.375		0.351852
150.5		0.351852
150.625		0.351852
150.75		0.351852
150.875		0.351852
151		0.351852
151.125		0.351852
151.25		0.351852
151.375		0.351852
151.5		0.351852
151.625		0.351852
151.75		0.351852
151.875		0.351852
152		0.351852
152.125		0.351852
152.25		0.351852
152.375		0.351852
152.5		0.351852
152.625		0.351852
152.75		0.351852
152.875		0.351852
153		0.351852
153.125		0.351852
153.25		0.351852
153.375		0.351852
153.5		0.351852
153.625		0.351852
153.75		0.351852
153.875		0.351852
154		0.351852
154.125		0.351852
154.25		0.351852
154.375		0.351852
154.5		0.351852
154.625		0.351852
154.75		0.351852
154.875		0.351852
155		0.351852
155.125		0.351852
155.25		0.351852
155.375		0.351852
155.5		0.351852
155.625		0.351852
155.75		0.351852
155.875		0.351852
156		0.351852
156.125		0.351852
156.25		0.351852
156.375		0.351852
156.5		0.351852
156.625		0.351852
156.75		0.351852
156.875		0.351852
157		0.351852
157.125		0.351852
157.25		0.351852
157.375		0.351852
157.5		0.351852
157.625		0.351852
157.75		0.351852
157.875		0.351852
158		0.351852
158.125		0.351852
158.25		0.351852
158.375		0.351852
158.5		0.351852
158.625		0.351852
158.75		0.351852
158.875		0.351852
159		0.351852
159.125		0.351852
159.25		0.351852
159.375		0.351852
159.5		0.351852
159.625		0.351852
159.75		0.351852
159.875		0.351852
160		0.351852
160.125		0.351852
160.25		0.351852
160.375		0.351852
160.5		0.351852
160.625		0.351852
160.75		0.351852
160.875		0.351852
161		0.351852
161.125		0.351852
161.25		0.351852
161.375		0.351852
161.5		0.351852
161.625		0.351852
161.75		0.351852
161.875		0.351852
162		0.351852
162.125		0.351852
162.25		0.351852
162.375		0.351852
162.5		0.351852
162.625		0.351852
162.75		0.351852
162.875		0.351852
163		0.351852
163.125		0.351852
163.25		0.351852
163.375		0.351852
163.5		0.351852
163.625		0.351852
163.75		0.351852
163.875		0.351852
164		0.351852
164.125		0.351852
164.25		0.351852
164.375		0.351852
164.5		0.351852
164.625		0.351852
164.75		0.351852
164.875		0.351852
165		0.351852
165.125		0.351852
165.25		0.351852
165.375		0.351852
165.5		0.351852
165.625		0.351852
165.75		0.351852
165.875		0.351852
166		0.351852
166.125		0.37037
166.25		0.37037
166.375		0.37037
166.5		0.37037
166.625		0.37037
166.75		0.37037
166.875		0.37037
167		0.37037
167.125		0.37037
167.25		0.37037
167.375		0.37037
167.5		0.37037
167.625		0.37037
167.75		0.37037
167.875		0.37037
168		0.37037
168.125		0.37037
168.25		0.37037
168.375		0.37037
168.5		0.37037
168.625		0.37037
168.75		0.37037
168.875		0.37037
169		0.37037
169.125		0.37037
169.25		0.37037
169.375		0.37037
169.5		0.37037
169.625		0.37037
169.75		0.37037
169.875		0.37037
170		0.37037
170.125		0.37037
170.25		0.37037
170.375		0.37037
170.5		0.37037
170.625		0.37037
170.75		0.37037
170.875		0.37037
171		0.37037
171.125		0.37037
171.25		0.37037
171.375		0.37037
171.5		0.37037
171.625		0.37037
171.75		0.37037
171.875		0.37037
172		0.37037
172.125		0.37037
172.25		0.37037
172.375		0.37037
172.5		0.37037
172.625		0.37037
172.75		0.37037
172.875		0.37037
173		0.37037
173.125		0.37037
173.25		0.37037
173.375		0.37037
173.5		0.37037
173.625		0.37037
173.75		0.37037
173.875		0.37037
174		0.37037
174.125		0.37037
174.25		0.37037
174.375		0.37037
174.5		0.37037
174.625		0.37037
174.75		0.37037
174.875		0.37037
175		0.37037
175.125		0.37037
175.25		0.37037
175.375		0.37037
175.5		0.37037
175.625		0.37037
175.75		0.37037
175.875		0.37037
176		0.37037
176.125		0.37037
176.25		0.37037
176.375		0.37037
176.5		0.37037
176.625		0.37037
176.75		0.37037
176.875		0.37037
177		0.37037
177.125		0.37037
177.25		0.37037
177.375		0.37037
177.5		0.37037
177.625		0.37037
177.75		0.37037
177.875		0.37037
178		0.37037
178.125		0.37037
178.25		0.37037
178.375		0.37037
178.5		0.37037
178.625		0.37037
178.75		0.37037
178.875		0.37037
179		0.37037
179.125		0.37037
179.25		0.37037
179.375		0.37037
179.5		0.37037
179.625		0.37037
179.75		0.37037
179.875		0.37037
180		0.37037
180.125		0.37037
180.25		0.37037
180.375		0.37037
180.5		0.37037
180.625		0.37037
180.75		0.37037
180.875		0.37037
181		0.37037
181.125		0.37037
181.25		0.37037
181.375		0.37037
181.5		0.37037
181.625		0.37037
181.75		0.37037
181.875		0.37037
182		0.37037
182.125		0.37037
182.25		0.37037
182.375		0.37037
182.5		0.37037
182.625		0.37037
182.75		0.37037
182.875		0.37037
183		0.37037
183.125		0.37037
183.25		0.37037
183.375		0.37037
183.5		0.37037
183.625		0.37037
183.75		0.37037
183.875		0.37037
184		0.37037
184.125		0.37037
184.25		0.37037
184.375		0.37037
184.5		0.37037
184.625		0.37037
184.75		0.37037
184.875		0.37037
185		0.37037
185.125		0.37037
185.25		0.37037
185.375		0.37037
185.5		0.37037
185.625		0.37037
185.75		0.37037
185.875		0.37037
186		0.37037
186.125		0.37037
186.25		0.37037
186.375		0.37037
186.5		0.37037
186.625		0.37037
186.75		0.37037
186.875		0.37037
187		0.37037
187.125		0.37037
187.25		0.37037
187.375		0.37037
187.5		0.37037
187.625		0.37037
187.75		0.37037
187.875		0.37037
188		0.37037
188.125		0.37037
188.25		0.37037
188.375		0.37037
188.5		0.37037
188.625		0.37037
188.75		0.37037
188.875		0.37037
189		0.37037
189.125		0.37037
189.25		0.37037
189.375		0.37037
189.5		0.37037
189.625		0.37037
189.75		0.37037
189.875		0.37037
190		0.37037
190.125		0.37037
190.25		0.37037
190.375		0.37037
190.5		0.37037
190.625		0.37037
190.75		0.37037
190.875		0.37037
191		0.37037
191.125		0.37037
191.25		0.37037
191.375		0.37037
191.5		0.37037
191.625		0.37037
191.75		0.37037
191.875		0.37037
192		0.37037
192.125		0.37037
192.25		0.37037
192.375		0.37037
192.5		0.37037
192.625		0.37037
192.75		0.37037
192.875		0.37037
193		0.37037
193.125		0.37037
193.25		0.37037
193.375		0.37037
193.5		0.37037
193.625		0.37037
193.75		0.37037
193.875		0.37037
194		0.37037
194.125		0.37037
194.25		0.37037
194.375		0.37037
194.5		0.37037
194.625		0.37037
194.75		0.37037
194.875		0.37037
195		0.37037
195.125		0.37037
195.25		0.37037
195.375		0.37037
195.5		0.37037
195.625		0.37037
195.75		0.37037
195.875		0.37037
196		0.37037
196.125		0.37037
196.25		0.37037
196.375		0.37037
196.5		0.37037
196.625		0.37037
196.75		0.37037
196.875		0.37037
197		0.37037
197.125		0.37037
197.25		0.37037
197.375		0.37037
197.5		0.37037
197.625		0.37037
197.75		0.37037
197.875		0.37037
198		0.37037
198.125		0.37037
198.25		0.37037
198.375		0.37037
198.5		0.37037
198.625		0.37037
198.75		0.37037
198.875		0.37037
199		0.37037
199.125		0.37037
199.25		0.37037
199.375		0.37037
199.5		0.37037
199.625		0.37037
199.75		0.37037
199.875		0.37037
200		0.37037
200.125		0.37037
200.25		0.37037
200.375		0.37037
200.5		0.37037
200.625		0.37037
200.75		0.37037
200.875		0.37037
201		0.37037
201.125		0.37037
201.25		0.37037
201.375		0.37037
201.5		0.37037
201.625		0.37037
201.75		0.37037
201.875		0.37037
202		0.37037
202.125		0.37037
202.25		0.37037
202.375		0.37037
202.5		0.37037
202.625		0.37037
202.75		0.37037
202.875		0.37037
203		0.37037
203.125		0.37037
203.25		0.37037
203.375		0.37037
203.5		0.37037
203.625		0.37037
203.75		0.37037
203.875		0.37037
204		0.37037
204.125		0.407407
204.25		0.407407
204.375		0.407407
204.5		0.407407
204.625		0.407407
204.75		0.407407
204.875		0.407407
205		0.407407
205.125		0.407407
205.25		0.407407
205.375		0.407407
205.5		0.407407
205.625		0.407407
205.75		0.407407
205.875		0.407407
206		0.407407
206.125		0.407407
206.25		0.407407
206.375		0.407407
206.5		0.407407
206.625		0.407407
206.75		0.407407
206.875		0.407407
207		0.407407
207.125		0.407407
207.25		0.407407
207.375		0.407407
207.5		0.407407
207.625		0.407407
207.75		0.407407
207.875		0.407407
208		0.407407
208.125		0.407407
208.25		0.407407
208.375		0.407407
208.5		0.407407
208.625		0.407407
208.75		0.407407
208.875		0.407407
209		0.407407
209.125		0.407407
209.25		0.407407
209.375		0.407407
209.5		0.407407
209.625		0.407407
209.75		0.407407
209.875		0.407407
210		0.407407
210.125		0.407407
210.25		0.407407
210.375		0.407407
210.5		0.407407
210.625		0.407407
210.75		0.407407
210.875		0.407407
211		0.407407
211.125		0.425926
211.25		0.425926
211.375		0.425926
211.5		0.425926
211.625		0.425926
211.75		0.425926
211.875		0.425926
212		0.425926
212.125		0.425926
212.25		0.425926
212.375		0.425926
212.5		0.425926
212.625		0.425926
212.75		0.425926
212.875		0.425926
213		0.425926
213.125		0.425926
213.25		0.425926
213.375		0.425926
213.5		0.425926
213.625		0.425926
213.75		0.425926
213.875		0.425926
214		0.425926
214.125		0.425926
214.25		0.425926
214.375		0.425926
214.5		0.425926
214.625		0.425926
214.75		0.425926
214.875		0.425926
215		0.425926
215.125		0.425926
215.25		0.425926
215.375		0.425926
215.5		0.425926
215.625		0.425926
215.75		0.425926
215.875		0.425926
216		0.425926
216.125		0.425926
216.25		0.425926
216.375		0.425926
216.5		0.425926
216.625		0.425926
216.75		0.425926
216.875		0.425926
217		0.425926
217.125		0.425926
217.25		0.425926
217.375		0.425926
217.5		0.425926
217.625		0.425926
217.75		0.425926
217.875		0.425926
218		0.425926
218.125		0.425926
218.25		0.425926
218.375		0.425926
218.5		0.425926
218.625		0.425926
218.75		0.425926
218.875		0.425926
219		0.425926
219.125		0.425926
219.25		0.425926
219.375		0.425926
219.5		0.425926
219.625		0.425926
219.75		0.425926
219.875		0.425926
220		0.425926
220.125		0.425926
220.25		0.425926
220.375		0.425926
220.5		0.425926
220.625		0.425926
220.75		0.425926
220.875		0.425926
221		0.425926
221.125		0.425926
221.25		0.425926
221.375		0.425926
221.5		0.425926
221.625		0.425926
221.75		0.425926
221.875		0.425926
222		0.425926
222.125		0.425926
222.25		0.425926
222.375		0.425926
222.5		0.425926
222.625		0.425926
222.75		0.425926
222.875		0.425926
223		0.425926
223.125		0.425926
223.25		0.425926
223.375		0.425926
223.5		0.425926
223.625		0.425926
223.75		0.425926
223.875		0.425926
224		0.425926
224.125		0.425926
224.25		0.425926
224.375		0.425926
224.5		0.425926
224.625		0.425926
224.75		0.425926
224.875		0.425926
225		0.425926
225.125		0.425926
225.25		0.425926
225.375		0.425926
225.5		0.425926
225.625		0.425926
225.75		0.425926
225.875		0.425926
226		0.425926
226.125		0.425926
226.25		0.425926
226.375		0.425926
226.5		0.425926
226.625		0.425926
226.75		0.425926
226.875		0.425926
227		0.425926
227.125		0.425926
227.25		0.425926
227.375		0.425926
227.5		0.425926
227.625		0.425926
227.75		0.425926
227.875		0.425926
228		0.425926
228.125		0.425926
228.25		0.425926
228.375		0.425926
228.5		0.425926
228.625		0.425926
228.75		0.425926
228.875		0.425926
229		0.425926
229.125		0.425926
229.25		0.425926
229.375		0.425926
229.5		0.425926
229.625		0.425926
229.75		0.425926
229.875		0.425926
230		0.425926
230.125		0.425926
230.25		0.425926
230.375		0.425926
230.5		0.425926
230.625		0.425926
230.75		0.425926
230.875		0.425926
231		0.425926
231.125		0.425926
231.25		0.425926
231.375		0.425926
231.5		0.425926
231.625		0.425926
231.75		0.425926
231.875		0.425926
232		0.425926
232.125		0.444444
232.25		0.444444
232.375		0.444444
232.5		0.444444
232.625		0.444444
232.75		0.444444
232.875		0.444444
233		0.444444
233.125		0.444444
233.25		0.444444
233.375		0.444444
233.5		0.444444
233.625		0.444444
233.75		0.444444
233.875		0.444444
234		0.444444
234.125		0.444444
234.25		0.444444
234.375		0.444444
234.5		0.444444
234.625		0.444444
234.75		0.444444
234.875		0.444444
235		0.444444
235.125		0.444444
235.25		0.444444
235.375		0.444444
235.5		0.444444
235.625		0.444444
235.75		0.444444
235.875		0.444444
236		0.444444
236.125		0.444444
236.25		0.444444
236.375		0.444444
236.5		0.444444
236.625		0.444444
236.75		0.444444
236.875		0.444444
237		0.444444
237.125		0.444444
237.25		0.444444
237.375		0.444444
237.5		0.444444
237.625		0.444444
237.75		0.444444
237.875		0.444444
238		0.444444
238.125		0.462963
238.25		0.462963
238.375		0.462963
238.5		0.462963
238.625		0.462963
238.75		0.462963
238.875		0.462963
239		0.462963
239.125		0.462963
239.25		0.462963
239.375		0.462963
239.5		0.462963
239.625		0.462963
239.75		0.462963
239.875		0.462963
240		0.462963
240.125		0.481481
240.25		0.481481
240.375		0.481481
240.5		0.481481
240.625		0.481481
240.75		0.481481
240.875		0.481481
241		0.481481
241.125		0.5
241.25		0.5
241.375		0.5
241.5		0.5
241.625		0.5
241.75		0.5
241.875		0.5
242		0.5
242.125		0.5
242.25		0.5
242.375		0.5
242.5		0.5
242.625		0.5
242.75		0.5
242.875		0.5
243		0.5
243.125		0.5
243.25		0.5
243.375		0.5
243.5		0.5
243.625		0.5
243.75		0.5
243.875		0.5
244		0.5
244.125		0.5
244.25		0.5
244.375		0.5
244.5		0.5
244.625		0.5
244.75		0.5
244.875		0.5
245		0.5
245.125		0.5
245.25		0.5
245.375		0.5
245.5		0.5
245.625		0.5
245.75		0.5
245.875		0.5
246		0.5
246.125		0.5
246.25		0.5
246.375		0.5
246.5		0.5
246.625		0.5
246.75		0.5
246.875		0.5
247		0.5
247.125		0.5
247.25		0.5
247.375		0.5
247.5		0.5
247.625		0.5
247.75		0.5
247.875		0.5
248		0.5
248.125		0.5
248.25		0.5
248.375		0.5
248.5		0.5
248.625		0.5
248.75		0.5
248.875		0.5
249		0.5
249.125		0.5
249.25		0.5
249.375		0.5
249.5		0.5
249.625		0.5
249.75		0.5
249.875		0.5
250		0.5
250.125		0.5
250.25		0.5
250.375		0.5
250.5		0.5
250.625		0.5
250.75		0.5
250.875		0.5
251		0.5
251.125		0.5
251.25		0.5
251.375		0.5
251.5		0.5
251.625		0.5
251.75		0.5
251.875		0.5
252		0.5
252.125		0.5
252.25		0.5
252.375		0.5
252.5		0.5
252.625		0.5
252.75		0.5
252.875		0.5
253		0.5
253.125		0.5
253.25		0.5
253.375		0.5
253.5		0.5
253.625		0.5
253.75		0.5
253.875		0.5
254		0.5
254.125		0.5
254.25		0.5
254.375		0.5
254.5		0.5
254.625		0.5
254.75		0.5
254.875		0.5
255		0.5
255.125		0.5
255.25		0.5
255.375		0.5
255.5		0.5
255.625		0.5
255.75		0.5
255.875		0.5
256		0.5
256.125		0.5
256.25		0.5
256.375		0.5
256.5		0.5
256.625		0.5
256.75		0.5
256.875		0.5
257		0.5
257.125		0.5
257.25		0.5
257.375		0.5
257.5		0.5
257.625		0.5
257.75		0.5
257.875		0.5
258		0.5
258.125		0.5
258.25		0.5
258.375		0.5
258.5		0.5
258.625		0.5
258.75		0.5
258.875		0.5
259		0.5
259.125		0.537037
259.25		0.537037
259.375		0.537037
259.5		0.537037
259.625		0.537037
259.75		0.537037
259.875		0.537037
260		0.537037
260.125		0.537037
260.25		0.537037
260.375		0.537037
260.5		0.537037
260.625		0.537037
260.75		0.537037
260.875		0.537037
261		0.537037
261.125		0.537037
261.25		0.537037
261.375		0.537037
261.5		0.537037
261.625		0.537037
261.75		0.537037
261.875		0.537037
262		0.537037
262.125		0.537037
262.25		0.537037
262.375		0.537037
262.5		0.537037
262.625		0.537037
262.75		0.537037
262.875		0.537037
263		0.537037
263.125		0.537037
263.25		0.537037
263.375		0.537037
263.5		0.537037
263.625		0.537037
263.75		0.537037
263.875		0.537037
264		0.537037
264.125		0.537037
264.25		0.537037
264.375		0.537037
264.5		0.537037
264.625		0.537037
264.75		0.537037
264.875		0.537037
265		0.537037
265.125		0.537037
265.25		0.537037
265.375		0.537037
265.5		0.537037
265.625		0.537037
265.75		0.537037
265.875		0.537037
266		0.537037
266.125		0.537037
266.25		0.537037
266.375		0.537037
266.5		0.537037
266.625		0.537037
266.75		0.537037
266.875		0.537037
267		0.537037
267.125		0.537037
267.25		0.537037
267.375		0.537037
267.5		0.537037
267.625		0.537037
267.75		0.537037
267.875		0.537037
268		0.537037
268.125		0.555556
268.25		0.555556
268.375		0.555556
268.5		0.555556
268.625		0.555556
268.75		0.555556
268.875		0.555556
269		0.555556
269.125		0.555556
269.25		0.555556
269.375		0.555556
269.5		0.555556
269.625		0.555556
269.75		0.555556
269.875		0.555556
270		0.555556
270.125		0.574074
270.25		0.574074
270.375		0.574074
270.5		0.574074
270.625		0.574074
270.75		0.574074
270.875		0.574074
271		0.574074
271.125		0.574074
271.25		0.574074
271.375		0.574074
271.5		0.574074
271.625		0.574074
271.75		0.574074
271.875		0.574074
272		0.574074
272.125		0.574074
272.25		0.574074
272.375		0.574074
272.5		0.574074
272.625		0.574074
272.75		0.574074
272.875		0.574074
273		0.574074
273.125		0.574074
273.25		0.574074
273.375		0.574074
273.5		0.574074
273.625		0.574074
273.75		0.574074
273.875		0.574074
274		0.574074
274.125		0.574074
274.25		0.574074
274.375		0.574074
274.5		0.574074
274.625		0.574074
274.75		0.574074
274.875		0.574074
275		0.574074
275.125		0.574074
275.25		0.574074
275.375		0.574074
275.5		0.574074
275.625		0.574074
275.75		0.574074
275.875		0.574074
276		0.574074
276.125		0.574074
276.25		0.574074
276.375		0.574074
276.5		0.574074
276.625		0.574074
276.75		0.574074
276.875		0.574074
277		0.574074
277.125		0.574074
277.25		0.574074
277.375		0.574074
277.5		0.574074
277.625		0.574074
277.75		0.574074
277.875		0.574074
278		0.574074
278.125		0.574074
278.25		0.574074
278.375		0.574074
278.5		0.574074
278.625		0.574074
278.75		0.574074
278.875		0.574074
279		0.574074
279.125		0.574074
279.25		0.574074
279.375		0.574074
279.5		0.574074
279.625		0.574074
279.75		0.574074
279.875		0.574074
280		0.574074
280.125		0.574074
280.25		0.574074
280.375		0.574074
280.5		0.574074
280.625		0.574074
280.75		0.574074
280.875		0.574074
281		0.574074
281.125		0.574074
281.25		0.574074
281.375		0.574074
281.5		0.574074
281.625		0.574074
281.75		0.574074
281.875		0.574074
282		0.574074
282.125		0.574074
282.25		0.574074
282.375		0.574074
282.5		0.574074
282.625		0.574074
282.75		0.574074
282.875		0.574074
283		0.574074
283.125		0.574074
283.25		0.574074
283.375		0.574074
283.5		0.574074
283.625		0.574074
283.75		0.574074
283.875		0.574074
284		0.574074
284.125		0.574074
284.25		0.574074
284.375		0.574074
284.5		0.574074
284.625		0.574074
284.75		0.574074
284.875		0.574074
285		0.574074
285.125		0.574074
285.25		0.574074
285.375		0.574074
285.5		0.574074
285.625		0.574074
285.75		0.574074
285.875		0.574074
286		0.574074
286.125		0.574074
286.25		0.574074
286.375		0.574074
286.5		0.574074
286.625		0.574074
286.75		0.574074
286.875		0.574074
287		0.574074
287.125		0.574074
287.25		0.574074
287.375		0.574074
287.5		0.574074
287.625		0.574074
287.75		0.574074
287.875		0.574074
288		0.574074
288.125		0.592593
288.25		0.592593
288.375		0.592593
288.5		0.592593
288.625		0.592593
288.75		0.592593
288.875		0.592593
289		0.592593
289.125		0.592593
289.25		0.592593
289.375		0.592593
289.5		0.592593
289.625		0.592593
289.75		0.592593
289.875		0.592593
290		0.592593
290.125		0.592593
290.25		0.592593
290.375		0.592593
290.5		0.592593
290.625		0.592593
290.75		0.592593
290.875		0.592593
291		0.592593
291.125		0.592593
291.25		0.592593
291.375		0.592593
291.5		0.592593
291.625		0.592593
291.75		0.592593
291.875		0.592593
292		0.592593
292.125		0.592593
292.25		0.592593
292.375		0.592593
292.5		0.592593
292.625		0.592593
292.75		0.592593
292.875		0.592593
293		0.592593
293.125		0.592593
293.25		0.592593
293.375		0.592593
293.5		0.592593
293.625		0.592593
293.75		0.592593
293.875		0.592593
294		0.592593
294.125		0.592593
294.25		0.592593
294.375		0.592593
294.5		0.592593
294.625		0.592593
294.75		0.592593
294.875		0.592593
295		0.592593
295.125		0.592593
295.25		0.592593
295.375		0.592593
295.5		0.592593
295.625		0.592593
295.75		0.592593
295.875		0.592593
296		0.592593
296.125		0.592593
296.25		0.592593
296.375		0.592593
296.5		0.592593
296.625		0.592593
296.75		0.592593
296.875		0.592593
297		0.592593
297.125		0.592593
297.25		0.592593
297.375		0.592593
297.5		0.592593
297.625		0.592593
297.75		0.592593
297.875		0.592593
298		0.592593
298.125		0.592593
298.25		0.592593
298.375		0.592593
298.5		0.592593
298.625		0.592593
298.75		0.592593
298.875		0.592593
299		0.592593
299.125		0.592593
299.25		0.592593
299.375		0.592593
299.5		0.592593
299.625		0.592593
299.75		0.592593
299.875		0.592593
300		0.592593
300.125		0.592593
300.25		0.592593
300.375		0.592593
300.5		0.592593
300.625		0.592593
300.75		0.592593
300.875		0.592593
301		0.592593
301.125		0.592593
301.25		0.592593
301.375		0.592593
301.5		0.592593
301.625		0.592593
301.75		0.592593
301.875		0.592593
302		0.592593
302.125		0.592593
302.25		0.592593
302.375		0.592593
302.5		0.592593
302.625		0.592593
302.75		0.592593
302.875		0.592593
303		0.592593
303.125		0.592593
303.25		0.592593
303.375		0.592593
303.5		0.592593
303.625		0.592593
303.75		0.592593
303.875		0.592593
304		0.592593
304.125		0.592593
304.25		0.592593
304.375		0.592593
304.5		0.592593
304.625		0.592593
304.75		0.592593
304.875		0.592593
305		0.592593
305.125		0.592593
305.25		0.592593
305.375		0.592593
305.5		0.592593
305.625		0.592593
305.75		0.592593
305.875		0.592593
306		0.592593
306.125		0.592593
306.25		0.592593
306.375		0.592593
306.5		0.592593
306.625		0.592593
306.75		0.592593
306.875		0.592593
307		0.592593
307.125		0.592593
307.25		0.592593
307.375		0.592593
307.5		0.592593
307.625		0.592593
307.75		0.592593
307.875		0.592593
308		0.592593
308.125		0.592593
308.25		0.592593
308.375		0.592593
308.5		0.592593
308.625		0.592593
308.75		0.592593
308.875		0.592593
309		0.592593
309.125		0.592593
309.25		0.592593
309.375		0.592593
309.5		0.592593
309.625		0.592593
309.75		0.592593
309.875		0.592593
310		0.592593
310.125		0.592593
310.25		0.592593
310.375		0.592593
310.5		0.592593
310.625		0.592593
310.75		0.592593
310.875		0.592593
311		0.592593
311.125		0.592593
311.25		0.592593
311.375		0.592593
311.5		0.592593
311.625		0.592593
311.75		0.592593
311.875		0.592593
312		0.592593
312.125		0.592593
312.25		0.592593
312.375		0.592593
312.5		0.592593
312.625		0.592593
312.75		0.592593
312.875		0.592593
313		0.592593
313.125		0.592593
313.25		0.592593
313.375		0.592593
313.5		0.592593
313.625		0.592593
313.75		0.592593
313.875		0.592593
314		0.592593
314.125		0.592593
314.25		0.592593
314.375		0.592593
314.5		0.592593
314.625		0.592593
314.75		0.592593
314.875		0.592593
315		0.592593
315.125		0.611111
315.25		0.611111
315.375		0.611111
315.5		0.611111
315.625		0.611111
315.75		0.611111
315.875		0.611111
316		0.611111
316.125		0.611111
316.25		0.611111
316.375		0.611111
316.5		0.611111
316.625		0.611111
316.75		0.611111
316.875		0.611111
317		0.611111
317.125		0.62963
317.25		0.62963
317.375		0.62963
317.5		0.62963
317.625		0.62963
317.75		0.62963
317.875		0.62963
318		0.62963
318.125		0.62963
318.25		0.62963
318.375		0.62963
318.5		0.62963
318.625		0.62963
318.75		0.62963
318.875		0.62963
319		0.62963
319.125		0.62963
319.25		0.62963
319.375		0.62963
319.5		0.62963
319.625		0.62963
319.75		0.62963
319.875		0.62963
320		0.62963
320.125		0.62963
320.25		0.62963
320.375		0.62963
320.5		0.62963
320.625		0.62963
320.75		0.62963
320.875		0.62963
321		0.62963
321.125		0.62963
321.25		0.62963
321.375		0.62963
321.5		0.62963
321.625		0.62963
321.75		0.62963
321.875		0.62963
322		0.62963
322.125		0.62963
322.25		0.62963
322.375		0.62963
322.5		0.62963
322.625		0.62963
322.75		0.62963
322.875		0.62963
323		0.62963
323.125		0.62963
323.25		0.62963
323.375		0.62963
323.5		0.62963
323.625		0.62963
323.75		0.62963
323.875		0.62963
324		0.62963
324.125		0.62963
324.25		0.62963
324.375		0.62963
324.5		0.62963
324.625		0.62963
324.75		0.62963
324.875		0.62963
325		0.62963
325.125		0.62963
325.25		0.62963
325.375		0.62963
325.5		0.62963
325.625		0.62963
325.75		0.62963
325.875		0.62963
326		0.62963
326.125		0.648148
326.25		0.648148
326.375		0.648148
326.5		0.648148
326.625		0.648148
326.75		0.648148
326.875		0.648148
327		0.648148
327.125		0.648148
327.25		0.648148
327.375		0.648148
327.5		0.648148
327.625		0.648148
327.75		0.648148
327.875		0.648148
328		0.648148
328.125		0.648148
328.25		0.648148
328.375		0.648148
328.5		0.648148
328.625		0.648148
328.75		0.648148
328.875		0.648148
329		0.648148
329.125		0.648148
329.25		0.648148
329.375		0.648148
329.5		0.648148
329.625		0.648148
329.75		0.648148
329.875		0.648148
330		0.648148
330.125		0.648148
330.25		0.648148
330.375		0.648148
330.5		0.648148
330.625		0.648148
330.75		0.648148
330.875		0.648148
331		0.648148
331.125		0.648148
331.25		0.648148
331.375		0.648148
331.5		0.648148
331.625		0.648148
331.75		0.648148
331.875		0.648148
332		0.648148
332.125		0.666667
332.25		0.666667
332.375		0.666667
332.5		0.666667
332.625		0.666667
332.75		0.666667
332.875		0.666667
333		0.666667
333.125		0.666667
333.25		0.666667
333.375		0.666667
333.5		0.666667
333.625		0.666667
333.75		0.666667
333.875		0.666667
334		0.666667
334.125		0.666667
334.25		0.666667
334.375		0.666667
334.5		0.666667
334.625		0.666667
334.75		0.666667
334.875		0.666667
335		0.666667
335.125		0.666667
335.25		0.666667
335.375		0.666667
335.5		0.666667
335.625		0.666667
335.75		0.666667
335.875		0.666667
336		0.666667
336.125		0.666667
336.25		0.666667
336.375		0.666667
336.5		0.666667
336.625		0.666667
336.75		0.666667
336.875		0.666667
337		0.666667
337.125		0.666667
337.25		0.666667
337.375		0.666667
337.5		0.666667
337.625		0.666667
337.75		0.666667
337.875		0.666667
338		0.666667
338.125		0.666667
338.25		0.666667
338.375		0.666667
338.5		0.666667
338.625		0.666667
338.75		0.666667
338.875		0.666667
339		0.666667
339.125		0.666667
339.25		0.666667
339.375		0.666667
339.5		0.666667
339.625		0.666667
339.75		0.666667
339.875		0.666667
340		0.666667
340.125		0.666667
340.25		0.666667
340.375		0.666667
340.5		0.666667
340.625		0.666667
340.75		0.666667
340.875		0.666667
341		0.666667
341.125		0.666667
341.25		0.666667
341.375		0.666667
341.5		0.666667
341.625		0.666667
341.75		0.666667
341.875		0.666667
342		0.666667
342.125		0.685185
342.25		0.685185
342.375		0.685185
342.5		0.685185
342.625		0.685185
342.75		0.685185
342.875		0.685185
343		0.685185
343.125		0.685185
343.25		0.685185
343.375		0.685185
343.5		0.685185
343.625		0.685185
343.75		0.685185
343.875		0.685185
344		0.685185
344.125		0.685185
344.25		0.685185
344.375		0.685185
344.5		0.685185
344.625		0.685185
344.75		0.685185
344.875		0.685185
345		0.685185
345.125		0.685185
345.25		0.685185
345.375		0.685185
345.5		0.685185
345.625		0.685185
345.75		0.685185
345.875		0.685185
346		0.685185
346.125		0.685185
346.25		0.685185
346.375		0.685185
346.5		0.685185
346.625		0.685185
346.75		0.685185
346.875		0.685185
347		0.685185
347.125		0.685185
347.25		0.685185
347.375		0.685185
347.5		0.685185
347.625		0.685185
347.75		0.685185
347.875		0.685185
348		0.685185
348.125		0.685185
348.25		0.685185
348.375		0.685185
348.5		0.685185
348.625		0.685185
348.75		0.685185
348.875		0.685185
349		0.685185
349.125		0.685185
349.25		0.685185
349.375		0.685185
349.5		0.685185
349.625		0.685185
349.75		0.685185
349.875		0.685185
350		0.685185
350.125		0.685185
350.25		0.685185
350.375		0.685185
350.5		0.685185
350.625		0.685185
350.75		0.685185
350.875		0.685185
351		0.685185
351.125		0.685185
351.25		0.685185
351.375		0.685185
351.5		0.685185
351.625		0.685185
351.75		0.685185
351.875		0.685185
352		0.685185
352.125		0.685185
352.25		0.685185
352.375		0.685185
352.5		0.685185
352.625		0.685185
352.75		0.685185
352.875		0.685185
353		0.685185
353.125		0.685185
353.25		0.685185
353.375		0.685185
353.5		0.685185
353.625		0.685185
353.75		0.685185
353.875		0.685185
354		0.685185
354.125		0.685185
354.25		0.685185
354.375		0.685185
354.5		0.685185
354.625		0.685185
354.75		0.685185
354.875		0.685185
355		0.685185
355.125		0.685185
355.25		0.685185
355.375		0.685185
355.5		0.685185
355.625		0.685185
355.75		0.685185
355.875		0.685185
356		0.685185
356.125		0.685185
356.25		0.685185
356.375		0.685185
356.5		0.685185
356.625		0.685185
356.75		0.685185
356.875		0.685185
357		0.685185
357.125		0.685185
357.25		0.685185
357.375		0.685185
357.5		0.685185
357.625		0.685185
357.75		0.685185
357.875		0.685185
358		0.685185
358.125		0.685185
358.25		0.685185
358.375		0.685185
358.5		0.685185
358.625		0.685185
358.75		0.685185
358.875		0.685185
359		0.685185
359.125		0.685185
359.25		0.685185
359.375		0.685185
359.5		0.685185
359.625		0.685185
359.75		0.685185
359.875		0.685185
360		0.685185
360.125		0.685185
360.25		0.685185
360.375		0.685185
360.5		0.685185
360.625		0.685185
360.75		0.685185
360.875		0.685185
361		0.685185
361.125		0.685185
361.25		0.685185
361.375		0.685185
361.5		0.685185
361.625		0.685185
361.75		0.685185
361.875		0.685185
362		0.685185
362.125		0.685185
362.25		0.685185
362.375		0.685185
362.5		0.685185
362.625		0.685185
362.75		0.685185
362.875		0.685185
363		0.685185
363.125		0.685185
363.25		0.685185
363.375		0.685185
363.5		0.685185
363.625		0.685185
363.75		0.685185
363.875		0.685185
364		0.685185
364.125		0.703704
364.25		0.703704
364.375		0.703704
364.5		0.703704
364.625		0.703704
364.75		0.703704
364.875		0.703704
365		0.703704
365.125		0.703704
365.25		0.703704
365.375		0.703704
365.5		0.703704
365.625		0.703704
365.75		0.703704
365.875		0.703704
366		0.703704
366.125		0.722222
366.25		0.722222
366.375		0.722222
366.5		0.722222
366.625		0.722222
366.75		0.722222
366.875		0.722222
367		0.722222
367.125		0.722222
367.25		0.722222
367.375		0.722222
367.5		0.722222
367.625		0.722222
367.75		0.722222
367.875		0.722222
368		0.722222
368.125		0.722222
368.25		0.722222
368.375		0.722222
368.5		0.722222
368.625		0.722222
368.75		0.722222
368.875		0.722222
369		0.722222
369.125		0.722222
369.25		0.722222
369.375		0.722222
369.5		0.722222
369.625		0.722222
369.75		0.722222
369.875		0.722222
370		0.722222
370.125		0.740741
370.25		0.740741
370.375		0.740741
370.5		0.740741
370.625		0.740741
370.75		0.740741
370.875		0.740741
371		0.740741
371.125		0.740741
371.25		0.740741
371.375		0.740741
371.5		0.740741
371.625		0.740741
371.75		0.740741
371.875		0.740741
372		0.740741
372.125		0.740741
372.25		0.740741
372.375		0.740741
372.5		0.740741
372.625		0.740741
372.75		0.740741
372.875		0.740741
373		0.740741
373.125		0.740741
373.25		0.740741
373.375		0.740741
373.5		0.740741
373.625		0.740741
373.75		0.740741
373.875		0.740741
374		0.740741
374.125		0.740741
374.25		0.740741
374.375		0.740741
374.5		0.740741
374.625		0.740741
374.75		0.740741
374.875		0.740741
375		0.740741
375.125		0.740741
375.25		0.740741
375.375		0.740741
375.5		0.740741
375.625		0.740741
375.75		0.740741
375.875		0.740741
376		0.740741
376.125		0.740741
376.25		0.740741
376.375		0.740741
376.5		0.740741
376.625		0.740741
376.75		0.740741
376.875		0.740741
377		0.740741
377.125		0.740741
377.25		0.740741
377.375		0.740741
377.5		0.740741
377.625		0.740741
377.75		0.740741
377.875		0.740741
378		0.740741
378.125		0.740741
378.25		0.740741
378.375		0.740741
378.5		0.740741
378.625		0.740741
378.75		0.740741
378.875		0.740741
379		0.740741
379.125		0.740741
379.25		0.740741
379.375		0.740741
379.5		0.740741
379.625		0.740741
379.75		0.740741
379.875		0.740741
380		0.740741
380.125		0.740741
380.25		0.740741
380.375		0.740741
380.5		0.740741
380.625		0.740741
380.75		0.740741
380.875		0.740741
381		0.740741
381.125		0.740741
381.25		0.740741
381.375		0.740741
381.5		0.740741
381.625		0.740741
381.75		0.740741
381.875		0.740741
382		0.740741
382.125		0.759259
382.25		0.759259
382.375		0.759259
382.5		0.759259
382.625		0.759259
382.75		0.759259
382.875		0.759259
383		0.759259
383.125		0.759259
383.25		0.759259
383.375		0.759259
383.5		0.759259
383.625		0.759259
383.75		0.759259
383.875		0.759259
384		0.759259
384.125		0.759259
384.25		0.759259
384.375		0.759259
384.5		0.759259
384.625		0.759259
384.75		0.759259
384.875		0.759259
385		0.759259
385.125		0.759259
385.25		0.759259
385.375		0.759259
385.5		0.759259
385.625		0.759259
385.75		0.759259
385.875		0.759259
386		0.759259
386.125		0.759259
386.25		0.759259
386.375		0.759259
386.5		0.759259
386.625		0.759259
386.75		0.759259
386.875		0.759259
387		0.759259
387.125		0.759259
387.25		0.759259
387.375		0.759259
387.5		0.759259
387.625		0.759259
387.75		0.759259
387.875		0.759259
388		0.759259
388.125		0.759259
388.25		0.759259
388.375		0.759259
388.5		0.759259
388.625		0.759259
388.75		0.759259
388.875		0.759259
389		0.759259
389.125		0.759259
389.25		0.759259
389.375		0.759259
389.5		0.759259
389.625		0.759259
389.75		0.759259
389.875		0.759259
390		0.759259
390.125		0.759259
390.25		0.759259
390.375		0.759259
390.5		0.759259
390.625		0.759259
390.75		0.759259
390.875		0.759259
391		0.759259
391.125		0.777778
391.25		0.777778
391.375		0.777778
391.5		0.777778
391.625		0.777778
391.75		0.777778
391.875		0.777778
392		0.777778
392.125		0.777778
392.25		0.777778
392.375		0.777778
392.5		0.777778
392.625		0.777778
392.75		0.777778
392.875		0.777778
393		0.777778
393.125		0.777778
393.25		0.777778
393.375		0.777778
393.5		0.777778
393.625		0.777778
393.75		0.777778
393.875		0.777778
394		0.777778
394.125		0.796296
394.25		0.796296
394.375		0.796296
394.5		0.796296
394.625		0.796296
394.75		0.796296
394.875		0.796296
395		0.796296
395.125		0.796296
395.25		0.796296
395.375		0.796296
395.5		0.796296
395.625		0.796296
395.75		0.796296
395.875		0.796296
396		0.796296
396.125		0.814815
396.25		0.814815
396.375		0.814815
396.5		0.814815
396.625		0.814815
396.75		0.814815
396.875		0.814815
397		0.814815
397.125		0.851852
397.25		0.851852
397.375		0.851852
397.5		0.851852
397.625		0.851852
397.75		0.851852
397.875		0.851852
398		0.851852
398.125		0.851852
398.25		0.851852
398.375		0.851852
398.5		0.851852
398.625		0.851852
398.75		0.851852
398.875		0.851852
399		0.851852
399.125		0.851852
399.25		0.851852
399.375		0.851852
399.5		0.851852
399.625		0.851852
399.75		0.851852
399.875		0.851852
400		0.851852
400.125		0.851852
400.25		0.851852
400.375		0.851852
400.5		0.851852
400.625		0.851852
400.75		0.851852
400.875		0.851852
401		0.851852
401.125		0.851852
401.25		0.851852
401.375		0.851852
401.5		0.851852
401.625		0.851852
401.75		0.851852
401.875		0.851852
402		0.851852
402.125		0.87037
402.25		0.87037
402.375		0.87037
402.5		0.87037
402.625		0.87037
402.75		0.87037
402.875		0.87037
403		0.87037
403.125		0.87037
403.25		0.87037
403.375		0.87037
403.5		0.87037
403.625		0.87037
403.75		0.87037
403.875		0.87037
404		0.87037
404.125		0.87037
404.25		0.87037
404.375		0.87037
404.5		0.87037
404.625		0.87037
404.75		0.87037
404.875		0.87037
405		0.87037
405.125		0.87037
405.25		0.87037
405.375		0.87037
405.5		0.87037
405.625		0.87037
405.75		0.87037
405.875		0.87037
406		0.87037
406.125		0.87037
406.25		0.87037
406.375		0.87037
406.5		0.87037
406.625		0.87037
406.75		0.87037
406.875		0.87037
407		0.87037
407.125		0.87037
407.25		0.87037
407.375		0.87037
407.5		0.87037
407.625		0.87037
407.75		0.87037
407.875		0.87037
408		0.87037
408.125		0.87037
408.25		0.87037
408.375		0.87037
408.5		0.87037
408.625		0.87037
408.75		0.87037
408.875		0.87037
409		0.87037
409.125		0.888889
409.25		0.888889
409.375		0.888889
409.5		0.888889
409.625		0.888889
409.75		0.888889
409.875		0.888889
410		0.888889
410.125		0.888889
410.25		0.888889
410.375		0.888889
410.5		0.888889
410.625		0.888889
410.75		0.888889
410.875		0.888889
411		0.888889
411.125		0.888889
411.25		0.888889
411.375		0.888889
411.5		0.888889
411.625		0.888889
411.75		0.888889
411.875		0.888889
412		0.888889
412.125		0.888889
412.25		0.888889
412.375		0.888889
412.5		0.888889
412.625		0.888889
412.75		0.888889
412.875		0.888889
413		0.888889
413.125		0.888889
413.25		0.888889
413.375		0.888889
413.5		0.888889
413.625		0.888889
413.75		0.888889
413.875		0.888889
414		0.888889
414.125		0.888889
414.25		0.888889
414.375		0.888889
414.5		0.888889
414.625		0.888889
414.75		0.888889
414.875		0.888889
415		0.888889
415.125		0.888889
415.25		0.888889
415.375		0.888889
415.5		0.888889
415.625		0.888889
415.75		0.888889
415.875		0.888889
416		0.888889
416.125		0.888889
416.25		0.888889
416.375		0.888889
416.5		0.888889
416.625		0.888889
416.75		0.888889
416.875		0.888889
417		0.888889
417.125		0.888889
417.25		0.888889
417.375		0.888889
417.5		0.888889
417.625		0.888889
417.75		0.888889
417.875		0.888889
418		0.888889
418.125		0.888889
418.25		0.888889
418.375		0.888889
418.5		0.888889
418.625		0.888889
418.75		0.888889
418.875		0.888889
419		0.888889
419.125		0.888889
419.25		0.888889
419.375		0.888889
419.5		0.888889
419.625		0.888889
419.75		0.888889
419.875		0.888889
420		0.888889
420.125		0.888889
420.25		0.888889
420.375		0.888889
420.5		0.888889
420.625		0.888889
420.75		0.888889
420.875		0.888889
421		0.888889
421.125		0.888889
421.25		0.888889
421.375		0.888889
421.5		0.888889
421.625		0.888889
421.75		0.888889
421.875		0.888889
422		0.888889
422.125		0.888889
422.25		0.888889
422.375		0.888889
422.5		0.888889
422.625		0.888889
422.75		0.888889
422.875		0.888889
423		0.888889
423.125		0.888889
423.25		0.888889
423.375		0.888889
423.5		0.888889
423.625		0.888889
423.75		0.888889
423.875		0.888889
424		0.888889
424.125		0.888889
424.25		0.888889
424.375		0.888889
424.5		0.888889
424.625		0.888889
424.75		0.888889
424.875		0.888889
425		0.888889
425.125		0.888889
425.25		0.888889
425.375		0.888889
425.5		0.888889
425.625		0.888889
425.75		0.888889
425.875		0.888889
426		0.888889
426.125		0.888889
426.25		0.888889
426.375		0.888889
426.5		0.888889
426.625		0.888889
426.75		0.888889
426.875		0.888889
427		0.888889
427.125		0.888889
427.25		0.888889
427.375		0.888889
427.5		0.888889
427.625		0.888889
427.75		0.888889
427.875		0.888889
428		0.888889
428.125		0.888889
428.25		0.888889
428.375		0.888889
428.5		0.888889
428.625		0.888889
428.75		0.888889
428.875		0.888889
429		0.888889
429.125		0.888889
429.25		0.888889
429.375		0.888889
429.5		0.888889
429.625		0.888889
429.75		0.888889
429.875		0.888889
430		0.888889
430.125		0.888889
430.25		0.888889
430.375		0.888889
430.5		0.888889
430.625		0.888889
430.75		0.888889
430.875		0.888889
431		0.888889
431.125		0.888889
431.25		0.888889
431.375		0.888889
431.5		0.888889
431.625		0.888889
431.75		0.888889
431.875		0.888889
432		0.888889
432.125		0.888889
432.25		0.888889
432.375		0.888889
432.5		0.888889
432.625		0.888889
432.75		0.888889
432.875		0.888889
433		0.888889
433.125		0.888889
433.25		0.888889
433.375		0.888889
433.5		0.888889
433.625		0.888889
433.75		0.888889
433.875		0.888889
434		0.888889
434.125		0.888889
434.25		0.888889
434.375		0.888889
434.5		0.888889
434.625		0.888889
434.75		0.888889
434.875		0.888889
435		0.888889
435.125		0.907407
435.25		0.907407
435.375		0.907407
435.5		0.907407
435.625		0.907407
435.75		0.907407
435.875		0.907407
436		0.907407
436.125		0.907407
436.25		0.907407
436.375		0.907407
436.5		0.907407
436.625		0.907407
436.75		0.907407
436.875		0.907407
437		0.907407
437.125		0.907407
437.25		0.907407
437.375		0.907407
437.5		0.907407
437.625		0.907407
437.75		0.907407
437.875		0.907407
438		0.907407
438.125		0.925926
438.25		0.925926
438.375		0.925926
438.5		0.925926
438.625		0.925926
438.75		0.925926
438.875		0.925926
439		0.925926
439.125		0.925926
439.25		0.925926
439.375		0.925926
439.5		0.925926
439.625		0.925926
439.75		0.925926
439.875		0.925926
440		0.925926
440.125		0.925926
440.25		0.925926
440.375		0.925926
440.5		0.925926
440.625		0.925926
440.75		0.925926
440.875		0.925926
441		0.925926
441.125		0.944444
441.25		0.944444
441.375		0.944444
441.5		0.944444
441.625		0.944444
441.75		0.944444
441.875		0.944444
442		0.944444
442.125		0.944444
442.25		0.944444
442.375		0.944444
442.5		0.944444
442.625		0.944444
442.75		0.944444
442.875		0.944444
443		0.944444
443.125		0.944444
443.25		0.944444
443.375		0.944444
443.5		0.944444
443.625		0.944444
443.75		0.944444
443.875		0.944444
444		0.944444
444.125		0.962963
444.25		0.962963
444.375		0.962963
444.5		0.962963
444.625		0.962963
444.75		0.962963
444.875		0.962963
445		0.962963
445.125		0.962963
445.25		0.962963
445.375		0.962963
445.5		0.962963
445.625		0.962963
445.75		0.962963
445.875		0.962963
446		0.962963
446.125		0.962963
446.25		0.962963
446.375		0.962963
446.5		0.962963
446.625		0.962963
446.75		0.962963
446.875		0.962963
447		0.962963
447.125		0.962963
447.25		0.962963
447.375		0.962963
447.5		0.962963
447.625		0.962963
447.75		0.962963
447.875		0.962963
448		0.962963
448.125		0.962963
448.25		0.962963
448.375		0.962963
448.5		0.962963
448.625		0.962963
448.75		0.962963
448.875		0.962963
449		0.962963
449.125		0.962963
449.25		0.962963
449.375		0.962963
449.5		0.962963
449.625		0.962963
449.75		0.962963
449.875		0.962963
450		0.962963
450.125		0.962963
450.25		0.962963
450.375		0.962963
450.5		0.962963
450.625		0.962963
450.75		0.962963
450.875		0.962963
451		0.962963
451.125		0.962963
451.25		0.962963
451.375		0.962963
451.5		0.962963
451.625		0.962963
451.75		0.962963
451.875		0.962963
452		0.962963
452.125		0.962963
452.25		0.962963
452.375		0.962963
452.5		0.962963
452.625		0.962963
452.75		0.962963
452.875		0.962963
453		0.962963
453.125		0.962963
453.25		0.962963
453.375		0.962963
453.5		0.962963
453.625		0.962963
453.75		0.962963
453.875		0.962963
454		0.962963
454.125		0.962963
454.25		0.962963
454.375		0.962963
454.5		0.962963
454.625		0.962963
454.75		0.962963
454.875		0.962963
455		0.962963
455.125		0.962963
455.25		0.962963
455.375		0.962963
455.5		0.962963
455.625		0.962963
455.75		0.962963
455.875		0.962963
456		0.962963
456.125		0.962963
456.25		0.962963
456.375		0.962963
456.5		0.962963
456.625		0.962963
456.75		0.962963
456.875		0.962963
457		0.962963
457.125		0.962963
457.25		0.962963
457.375		0.962963
457.5		0.962963
457.625		0.962963
457.75		0.962963
457.875		0.962963
458		0.962963
458.125		0.962963
458.25		0.962963
458.375		0.962963
458.5		0.962963
458.625		0.962963
458.75		0.962963
458.875		0.962963
459		0.962963
459.125		0.962963
459.25		0.962963
459.375		0.962963
459.5		0.962963
459.625		0.962963
459.75		0.962963
459.875		0.962963
460		0.962963
460.125		0.981481
460.25		0.981481
460.375		0.981481
460.5		0.981481
460.625		0.981481
460.75		0.981481
460.875		0.981481
461		0.981481
461.125		0.981481
461.25		0.981481
461.375		0.981481
461.5		0.981481
461.625		0.981481
461.75		0.981481
461.875		0.981481
462		0.981481
462.125		0.981481
462.25		0.981481
462.375		0.981481
462.5		0.981481
462.625		0.981481
462.75		0.981481
462.875		0.981481
463		0.981481
463.125		0.981481
463.25		0.981481
463.375		0.981481
463.5		0.981481
463.625		0.981481
463.75		0.981481
463.875		0.981481
464		0.981481
464.125		0.981481
464.25		0.981481
464.375		0.981481
464.5		0.981481
464.625		0.981481
464.75		0.981481
464.875		0.981481
465		0.981481
465.125		0.981481
465.25		0.981481
465.375		0.981481
465.5		0.981481
465.625		0.981481
465.75		0.981481
465.875		0.981481
466		0.981481
466.125		1
466.25		1
466.375		1
466.5		1
466.625		1
466.75		1
466.875		1
467		1
467.125		1
467.25		1
467.375		1
467.5		1
467.625		1
467.75		1
467.875		1
468		1
468.125		1
468.25		1
468.375		1
468.5		1
468.625		1
468.75		1
468.875		1
469		1
469.125		1
469.25		1
469.375		1
469.5		1
469.625		1
469.75		1
469.875		1
470		1
470.125		1
470.25		1
470.375		1
470.5		1
470.625		1
470.75		1
470.875		1
471		1
471.125		1
471.25		1
471.375		1
471.5		1
471.625		1
471.75		1
471.875		1
472		1
472.125		1
472.25		1
472.375		1
472.5		1
472.625		1
472.75		1
472.875		1
473		1
473.125		1
473.25		1
473.375		1
473.5		1
473.625		1
473.75		1
473.875		1
474		1
474.125		1
474.25		1
474.375		1
474.5		1
474.625		1
474.75		1
474.875		1
475		1
475.125		1
475.25		1
475.375		1
475.5		1
475.625		1
475.75		1
475.875		1
476		1
476.125		1
476.25		1
476.375		1
476.5		1
476.625		1
476.75		1
476.875		1
477		1
477.125		1
477.25		1
477.375		1
477.5		1
477.625		1
477.75		1
477.875		1
478		1
478.125		1
478.25		1
478.375		1
478.5		1
478.625		1
478.75		1
478.875		1
479		1
479.125		1
479.25		1
479.375		1
479.5		1
479.625		1
479.75		1
479.875		1
480		1
480.125		1
480.25		1
480.375		1
480.5		1
480.625		1
480.75		1
480.875		1
481		1
481.125		1
481.25		1
481.375		1
481.5		1
481.625		1
481.75		1
481.875		1
482		1
482.125		1
482.25		1
482.375		1
482.5		1
482.625		1
482.75		1
482.875		1
483		1
483.125		1
483.25		1
483.375		1
483.5		1
483.625		1
483.75		1
483.875		1
484		1
484.125		1
484.25		1
484.375		1
484.5		1
484.625		1
484.75		1
484.875		1
485		1
485.125		1
485.25		1
485.375		1
485.5		1
485.625		1
485.75		1
485.875		1
486		1
486.125		1
486.25		1
486.375		1
486.5		1
486.625		1
486.75		1
486.875		1
487		1
487.125		1
487.25		1
487.375		1
487.5		1
487.625		1
487.75		1
487.875		1
488		1
488.125		1
488.25		1
488.375		1
488.5		1
488.625		1
488.75		1
488.875		1
489		1
489.125		1
489.25		1
489.375		1
489.5		1
489.625		1
489.75		1
489.875		1
490		1
490.125		1
490.25		1
490.375		1
490.5		1
490.625		1
490.75		1
490.875		1
491		1
491.125		1
491.25		1
491.375		1
491.5		1
491.625		1
491.75		1
491.875		1
492		1
492.125		1
492.25		1
492.375		1
492.5		1
492.625		1
492.75		1
492.875		1
493		1
493.125		1
493.25		1
493.375		1
493.5		1
493.625		1
493.75		1
493.875		1
494		1
494.125		1
494.25		1
494.375		1
494.5		1
494.625		1
494.75		1
494.875		1
495		1
495.125		1
495.25		1
495.375		1
495.5		1
495.625		1
495.75		1
495.875		1
496		1
496.125		1
496.25		1
496.375		1
496.5		1
496.625		1
496.75		1
496.875		1
497		1
497.125		1
497.25		1
497.375		1
497.5		1
497.625		1
497.75		1
497.875		1
498		1
498.125		1
498.25		1
498.375		1
498.5		1
498.625		1
498.75		1
498.875		1
499		1
499.125		1
499.25		1
499.375		1
499.5		1
499.625		1
499.75		1
499.875		1
500		1
