# Calibration file of tamex_id 0 @ channel 6
# fine_T bin		 Calibration value
0.125		0
0.25		0
0.375		0
0.5		0
0.625		0
0.75		0
0.875		0
1		0
1.125		0
1.25		0
1.375		0
1.5		0
1.625		0
1.75		0
1.875		0
2		0
2.125		0
2.25		0
2.375		0
2.5		0
2.625		0
2.75		0
2.875		0
3		0
3.125		0
3.25		0
3.375		0
3.5		0
3.625		0
3.75		0
3.875		0
4		0
4.125		0
4.25		0
4.375		0
4.5		0
4.625		0
4.75		0
4.875		0
5		0
5.125		0
5.25		0
5.375		0
5.5		0
5.625		0
5.75		0
5.875		0
6		0
6.125		0
6.25		0
6.375		0
6.5		0
6.625		0
6.75		0
6.875		0
7		0
7.125		0
7.25		0
7.375		0
7.5		0
7.625		0
7.75		0
7.875		0
8		0
8.125		0
8.25		0
8.375		0
8.5		0
8.625		0
8.75		0
8.875		0
9		0
9.125		0
9.25		0
9.375		0
9.5		0
9.625		0
9.75		0
9.875		0
10		0
10.125		0
10.25		0
10.375		0
10.5		0
10.625		0
10.75		0
10.875		0
11		0
11.125		0
11.25		0
11.375		0
11.5		0
11.625		0
11.75		0
11.875		0
12		0
12.125		0
12.25		0
12.375		0
12.5		0
12.625		0
12.75		0
12.875		0
13		0
13.125		0
13.25		0
13.375		0
13.5		0
13.625		0
13.75		0
13.875		0
14		0
14.125		0
14.25		0
14.375		0
14.5		0
14.625		0
14.75		0
14.875		0
15		0
15.125		0
15.25		0
15.375		0
15.5		0
15.625		0
15.75		0
15.875		0
16		0
16.125		0
16.25		0
16.375		0
16.5		0
16.625		0
16.75		0
16.875		0
17		0
17.125		0
17.25		0
17.375		0
17.5		0
17.625		0
17.75		0
17.875		0
18		0
18.125		0
18.25		0
18.375		0
18.5		0
18.625		0
18.75		0
18.875		0
19		0
19.125		0
19.25		0
19.375		0
19.5		0
19.625		0
19.75		0
19.875		0
20		0
20.125		0
20.25		0
20.375		0
20.5		0
20.625		0
20.75		0
20.875		0
21		0
21.125		0
21.25		0
21.375		0
21.5		0
21.625		0
21.75		0
21.875		0
22		0
22.125		0
22.25		0
22.375		0
22.5		0
22.625		0
22.75		0
22.875		0
23		0
23.125		0
23.25		0
23.375		0
23.5		0
23.625		0
23.75		0
23.875		0
24		0
24.125		0
24.25		0
24.375		0
24.5		0
24.625		0
24.75		0
24.875		0
25		0
25.125		0
25.25		0
25.375		0
25.5		0
25.625		0
25.75		0
25.875		0
26		0
26.125		0
26.25		0
26.375		0
26.5		0
26.625		0
26.75		0
26.875		0
27		0
27.125		0
27.25		0
27.375		0
27.5		0
27.625		0
27.75		0
27.875		0
28		0
28.125		0
28.25		0
28.375		0
28.5		0
28.625		0
28.75		0
28.875		0
29		0
29.125		0
29.25		0
29.375		0
29.5		0
29.625		0
29.75		0
29.875		0
30		0
30.125		0
30.25		0
30.375		0
30.5		0
30.625		0
30.75		0
30.875		0
31		0
31.125		0
31.25		0
31.375		0
31.5		0
31.625		0
31.75		0
31.875		0
32		0
32.125		0
32.25		0
32.375		0
32.5		0
32.625		0
32.75		0
32.875		0
33		0
33.125		0
33.25		0
33.375		0
33.5		0
33.625		0
33.75		0
33.875		0
34		0
34.125		0
34.25		0
34.375		0
34.5		0
34.625		0
34.75		0
34.875		0
35		0
35.125		0
35.25		0
35.375		0
35.5		0
35.625		0
35.75		0
35.875		0
36		0
36.125		0
36.25		0
36.375		0
36.5		0
36.625		0
36.75		0
36.875		0
37		0
37.125		0
37.25		0
37.375		0
37.5		0
37.625		0
37.75		0
37.875		0
38		0
38.125		0
38.25		0
38.375		0
38.5		0
38.625		0
38.75		0
38.875		0
39		0
39.125		0
39.25		0
39.375		0
39.5		0
39.625		0
39.75		0
39.875		0
40		0
40.125		0
40.25		0
40.375		0
40.5		0
40.625		0
40.75		0
40.875		0
41		0
41.125		0
41.25		0
41.375		0
41.5		0
41.625		0
41.75		0
41.875		0
42		0
42.125		0
42.25		0
42.375		0
42.5		0
42.625		0
42.75		0
42.875		0
43		0
43.125		0
43.25		0
43.375		0
43.5		0
43.625		0
43.75		0
43.875		0
44		0
44.125		0
44.25		0
44.375		0
44.5		0
44.625		0
44.75		0
44.875		0
45		0
45.125		0
45.25		0
45.375		0
45.5		0
45.625		0
45.75		0
45.875		0
46		0
46.125		0.0149254
46.25		0.0149254
46.375		0.0149254
46.5		0.0149254
46.625		0.0149254
46.75		0.0149254
46.875		0.0149254
47		0.0149254
47.125		0.0149254
47.25		0.0149254
47.375		0.0149254
47.5		0.0149254
47.625		0.0149254
47.75		0.0149254
47.875		0.0149254
48		0.0149254
48.125		0.0298507
48.25		0.0298507
48.375		0.0298507
48.5		0.0298507
48.625		0.0298507
48.75		0.0298507
48.875		0.0298507
49		0.0298507
49.125		0.0298507
49.25		0.0298507
49.375		0.0298507
49.5		0.0298507
49.625		0.0298507
49.75		0.0298507
49.875		0.0298507
50		0.0298507
50.125		0.0298507
50.25		0.0298507
50.375		0.0298507
50.5		0.0298507
50.625		0.0298507
50.75		0.0298507
50.875		0.0298507
51		0.0298507
51.125		0.0298507
51.25		0.0298507
51.375		0.0298507
51.5		0.0298507
51.625		0.0298507
51.75		0.0298507
51.875		0.0298507
52		0.0298507
52.125		0.0298507
52.25		0.0298507
52.375		0.0298507
52.5		0.0298507
52.625		0.0298507
52.75		0.0298507
52.875		0.0298507
53		0.0298507
53.125		0.0298507
53.25		0.0298507
53.375		0.0298507
53.5		0.0298507
53.625		0.0298507
53.75		0.0298507
53.875		0.0298507
54		0.0298507
54.125		0.0298507
54.25		0.0298507
54.375		0.0298507
54.5		0.0298507
54.625		0.0298507
54.75		0.0298507
54.875		0.0298507
55		0.0298507
55.125		0.0298507
55.25		0.0298507
55.375		0.0298507
55.5		0.0298507
55.625		0.0298507
55.75		0.0298507
55.875		0.0298507
56		0.0298507
56.125		0.0298507
56.25		0.0298507
56.375		0.0298507
56.5		0.0298507
56.625		0.0298507
56.75		0.0298507
56.875		0.0298507
57		0.0298507
57.125		0.0298507
57.25		0.0298507
57.375		0.0298507
57.5		0.0298507
57.625		0.0298507
57.75		0.0298507
57.875		0.0298507
58		0.0298507
58.125		0.0298507
58.25		0.0298507
58.375		0.0298507
58.5		0.0298507
58.625		0.0298507
58.75		0.0298507
58.875		0.0298507
59		0.0298507
59.125		0.0298507
59.25		0.0298507
59.375		0.0298507
59.5		0.0298507
59.625		0.0298507
59.75		0.0298507
59.875		0.0298507
60		0.0298507
60.125		0.0298507
60.25		0.0298507
60.375		0.0298507
60.5		0.0298507
60.625		0.0298507
60.75		0.0298507
60.875		0.0298507
61		0.0298507
61.125		0.0298507
61.25		0.0298507
61.375		0.0298507
61.5		0.0298507
61.625		0.0298507
61.75		0.0298507
61.875		0.0298507
62		0.0298507
62.125		0.0298507
62.25		0.0298507
62.375		0.0298507
62.5		0.0298507
62.625		0.0298507
62.75		0.0298507
62.875		0.0298507
63		0.0298507
63.125		0.0298507
63.25		0.0298507
63.375		0.0298507
63.5		0.0298507
63.625		0.0298507
63.75		0.0298507
63.875		0.0298507
64		0.0298507
64.125		0.0298507
64.25		0.0298507
64.375		0.0298507
64.5		0.0298507
64.625		0.0298507
64.75		0.0298507
64.875		0.0298507
65		0.0298507
65.125		0.0298507
65.25		0.0298507
65.375		0.0298507
65.5		0.0298507
65.625		0.0298507
65.75		0.0298507
65.875		0.0298507
66		0.0298507
66.125		0.0298507
66.25		0.0298507
66.375		0.0298507
66.5		0.0298507
66.625		0.0298507
66.75		0.0298507
66.875		0.0298507
67		0.0298507
67.125		0.0298507
67.25		0.0298507
67.375		0.0298507
67.5		0.0298507
67.625		0.0298507
67.75		0.0298507
67.875		0.0298507
68		0.0298507
68.125		0.0298507
68.25		0.0298507
68.375		0.0298507
68.5		0.0298507
68.625		0.0298507
68.75		0.0298507
68.875		0.0298507
69		0.0298507
69.125		0.0298507
69.25		0.0298507
69.375		0.0298507
69.5		0.0298507
69.625		0.0298507
69.75		0.0298507
69.875		0.0298507
70		0.0298507
70.125		0.0298507
70.25		0.0298507
70.375		0.0298507
70.5		0.0298507
70.625		0.0298507
70.75		0.0298507
70.875		0.0298507
71		0.0298507
71.125		0.0298507
71.25		0.0298507
71.375		0.0298507
71.5		0.0298507
71.625		0.0298507
71.75		0.0298507
71.875		0.0298507
72		0.0298507
72.125		0.0298507
72.25		0.0298507
72.375		0.0298507
72.5		0.0298507
72.625		0.0298507
72.75		0.0298507
72.875		0.0298507
73		0.0298507
73.125		0.0298507
73.25		0.0298507
73.375		0.0298507
73.5		0.0298507
73.625		0.0298507
73.75		0.0298507
73.875		0.0298507
74		0.0298507
74.125		0.0298507
74.25		0.0298507
74.375		0.0298507
74.5		0.0298507
74.625		0.0298507
74.75		0.0298507
74.875		0.0298507
75		0.0298507
75.125		0.0298507
75.25		0.0298507
75.375		0.0298507
75.5		0.0298507
75.625		0.0298507
75.75		0.0298507
75.875		0.0298507
76		0.0298507
76.125		0.0298507
76.25		0.0298507
76.375		0.0298507
76.5		0.0298507
76.625		0.0298507
76.75		0.0298507
76.875		0.0298507
77		0.0298507
77.125		0.0298507
77.25		0.0298507
77.375		0.0298507
77.5		0.0298507
77.625		0.0298507
77.75		0.0298507
77.875		0.0298507
78		0.0298507
78.125		0.0298507
78.25		0.0298507
78.375		0.0298507
78.5		0.0298507
78.625		0.0298507
78.75		0.0298507
78.875		0.0298507
79		0.0298507
79.125		0.0298507
79.25		0.0298507
79.375		0.0298507
79.5		0.0298507
79.625		0.0298507
79.75		0.0298507
79.875		0.0298507
80		0.0298507
80.125		0.0298507
80.25		0.0298507
80.375		0.0298507
80.5		0.0298507
80.625		0.0298507
80.75		0.0298507
80.875		0.0298507
81		0.0298507
81.125		0.0298507
81.25		0.0298507
81.375		0.0298507
81.5		0.0298507
81.625		0.0298507
81.75		0.0298507
81.875		0.0298507
82		0.0298507
82.125		0.0298507
82.25		0.0298507
82.375		0.0298507
82.5		0.0298507
82.625		0.0298507
82.75		0.0298507
82.875		0.0298507
83		0.0298507
83.125		0.0447761
83.25		0.0447761
83.375		0.0447761
83.5		0.0447761
83.625		0.0447761
83.75		0.0447761
83.875		0.0447761
84		0.0447761
84.125		0.0447761
84.25		0.0447761
84.375		0.0447761
84.5		0.0447761
84.625		0.0447761
84.75		0.0447761
84.875		0.0447761
85		0.0447761
85.125		0.0447761
85.25		0.0447761
85.375		0.0447761
85.5		0.0447761
85.625		0.0447761
85.75		0.0447761
85.875		0.0447761
86		0.0447761
86.125		0.0447761
86.25		0.0447761
86.375		0.0447761
86.5		0.0447761
86.625		0.0447761
86.75		0.0447761
86.875		0.0447761
87		0.0447761
87.125		0.0447761
87.25		0.0447761
87.375		0.0447761
87.5		0.0447761
87.625		0.0447761
87.75		0.0447761
87.875		0.0447761
88		0.0447761
88.125		0.0447761
88.25		0.0447761
88.375		0.0447761
88.5		0.0447761
88.625		0.0447761
88.75		0.0447761
88.875		0.0447761
89		0.0447761
89.125		0.0447761
89.25		0.0447761
89.375		0.0447761
89.5		0.0447761
89.625		0.0447761
89.75		0.0447761
89.875		0.0447761
90		0.0447761
90.125		0.0447761
90.25		0.0447761
90.375		0.0447761
90.5		0.0447761
90.625		0.0447761
90.75		0.0447761
90.875		0.0447761
91		0.0447761
91.125		0.0447761
91.25		0.0447761
91.375		0.0447761
91.5		0.0447761
91.625		0.0447761
91.75		0.0447761
91.875		0.0447761
92		0.0447761
92.125		0.0447761
92.25		0.0447761
92.375		0.0447761
92.5		0.0447761
92.625		0.0447761
92.75		0.0447761
92.875		0.0447761
93		0.0447761
93.125		0.0447761
93.25		0.0447761
93.375		0.0447761
93.5		0.0447761
93.625		0.0447761
93.75		0.0447761
93.875		0.0447761
94		0.0447761
94.125		0.0447761
94.25		0.0447761
94.375		0.0447761
94.5		0.0447761
94.625		0.0447761
94.75		0.0447761
94.875		0.0447761
95		0.0447761
95.125		0.0447761
95.25		0.0447761
95.375		0.0447761
95.5		0.0447761
95.625		0.0447761
95.75		0.0447761
95.875		0.0447761
96		0.0447761
96.125		0.0447761
96.25		0.0447761
96.375		0.0447761
96.5		0.0447761
96.625		0.0447761
96.75		0.0447761
96.875		0.0447761
97		0.0447761
97.125		0.0447761
97.25		0.0447761
97.375		0.0447761
97.5		0.0447761
97.625		0.0447761
97.75		0.0447761
97.875		0.0447761
98		0.0447761
98.125		0.0447761
98.25		0.0447761
98.375		0.0447761
98.5		0.0447761
98.625		0.0447761
98.75		0.0447761
98.875		0.0447761
99		0.0447761
99.125		0.0746269
99.25		0.0746269
99.375		0.0746269
99.5		0.0746269
99.625		0.0746269
99.75		0.0746269
99.875		0.0746269
100		0.0746269
100.125		0.0746269
100.25		0.0746269
100.375		0.0746269
100.5		0.0746269
100.625		0.0746269
100.75		0.0746269
100.875		0.0746269
101		0.0746269
101.125		0.0746269
101.25		0.0746269
101.375		0.0746269
101.5		0.0746269
101.625		0.0746269
101.75		0.0746269
101.875		0.0746269
102		0.0746269
102.125		0.0746269
102.25		0.0746269
102.375		0.0746269
102.5		0.0746269
102.625		0.0746269
102.75		0.0746269
102.875		0.0746269
103		0.0746269
103.125		0.0746269
103.25		0.0746269
103.375		0.0746269
103.5		0.0746269
103.625		0.0746269
103.75		0.0746269
103.875		0.0746269
104		0.0746269
104.125		0.0746269
104.25		0.0746269
104.375		0.0746269
104.5		0.0746269
104.625		0.0746269
104.75		0.0746269
104.875		0.0746269
105		0.0746269
105.125		0.0895522
105.25		0.0895522
105.375		0.0895522
105.5		0.0895522
105.625		0.0895522
105.75		0.0895522
105.875		0.0895522
106		0.0895522
106.125		0.104478
106.25		0.104478
106.375		0.104478
106.5		0.104478
106.625		0.104478
106.75		0.104478
106.875		0.104478
107		0.104478
107.125		0.104478
107.25		0.104478
107.375		0.104478
107.5		0.104478
107.625		0.104478
107.75		0.104478
107.875		0.104478
108		0.104478
108.125		0.104478
108.25		0.104478
108.375		0.104478
108.5		0.104478
108.625		0.104478
108.75		0.104478
108.875		0.104478
109		0.104478
109.125		0.104478
109.25		0.104478
109.375		0.104478
109.5		0.104478
109.625		0.104478
109.75		0.104478
109.875		0.104478
110		0.104478
110.125		0.104478
110.25		0.104478
110.375		0.104478
110.5		0.104478
110.625		0.104478
110.75		0.104478
110.875		0.104478
111		0.104478
111.125		0.104478
111.25		0.104478
111.375		0.104478
111.5		0.104478
111.625		0.104478
111.75		0.104478
111.875		0.104478
112		0.104478
112.125		0.119403
112.25		0.119403
112.375		0.119403
112.5		0.119403
112.625		0.119403
112.75		0.119403
112.875		0.119403
113		0.119403
113.125		0.119403
113.25		0.119403
113.375		0.119403
113.5		0.119403
113.625		0.119403
113.75		0.119403
113.875		0.119403
114		0.119403
114.125		0.119403
114.25		0.119403
114.375		0.119403
114.5		0.119403
114.625		0.119403
114.75		0.119403
114.875		0.119403
115		0.119403
115.125		0.119403
115.25		0.119403
115.375		0.119403
115.5		0.119403
115.625		0.119403
115.75		0.119403
115.875		0.119403
116		0.119403
116.125		0.119403
116.25		0.119403
116.375		0.119403
116.5		0.119403
116.625		0.119403
116.75		0.119403
116.875		0.119403
117		0.119403
117.125		0.119403
117.25		0.119403
117.375		0.119403
117.5		0.119403
117.625		0.119403
117.75		0.119403
117.875		0.119403
118		0.119403
118.125		0.119403
118.25		0.119403
118.375		0.119403
118.5		0.119403
118.625		0.119403
118.75		0.119403
118.875		0.119403
119		0.119403
119.125		0.119403
119.25		0.119403
119.375		0.119403
119.5		0.119403
119.625		0.119403
119.75		0.119403
119.875		0.119403
120		0.119403
120.125		0.119403
120.25		0.119403
120.375		0.119403
120.5		0.119403
120.625		0.119403
120.75		0.119403
120.875		0.119403
121		0.119403
121.125		0.119403
121.25		0.119403
121.375		0.119403
121.5		0.119403
121.625		0.119403
121.75		0.119403
121.875		0.119403
122		0.119403
122.125		0.134328
122.25		0.134328
122.375		0.134328
122.5		0.134328
122.625		0.134328
122.75		0.134328
122.875		0.134328
123		0.134328
123.125		0.134328
123.25		0.134328
123.375		0.134328
123.5		0.134328
123.625		0.134328
123.75		0.134328
123.875		0.134328
124		0.134328
124.125		0.134328
124.25		0.134328
124.375		0.134328
124.5		0.134328
124.625		0.134328
124.75		0.134328
124.875		0.134328
125		0.134328
125.125		0.134328
125.25		0.134328
125.375		0.134328
125.5		0.134328
125.625		0.134328
125.75		0.134328
125.875		0.134328
126		0.134328
126.125		0.134328
126.25		0.134328
126.375		0.134328
126.5		0.134328
126.625		0.134328
126.75		0.134328
126.875		0.134328
127		0.134328
127.125		0.134328
127.25		0.134328
127.375		0.134328
127.5		0.134328
127.625		0.134328
127.75		0.134328
127.875		0.134328
128		0.134328
128.125		0.134328
128.25		0.134328
128.375		0.134328
128.5		0.134328
128.625		0.134328
128.75		0.134328
128.875		0.134328
129		0.134328
129.125		0.134328
129.25		0.134328
129.375		0.134328
129.5		0.134328
129.625		0.134328
129.75		0.134328
129.875		0.134328
130		0.134328
130.125		0.134328
130.25		0.134328
130.375		0.134328
130.5		0.134328
130.625		0.134328
130.75		0.134328
130.875		0.134328
131		0.134328
131.125		0.134328
131.25		0.134328
131.375		0.134328
131.5		0.134328
131.625		0.134328
131.75		0.134328
131.875		0.134328
132		0.134328
132.125		0.134328
132.25		0.134328
132.375		0.134328
132.5		0.134328
132.625		0.134328
132.75		0.134328
132.875		0.134328
133		0.134328
133.125		0.134328
133.25		0.134328
133.375		0.134328
133.5		0.134328
133.625		0.134328
133.75		0.134328
133.875		0.134328
134		0.134328
134.125		0.149254
134.25		0.149254
134.375		0.149254
134.5		0.149254
134.625		0.149254
134.75		0.149254
134.875		0.149254
135		0.149254
135.125		0.164179
135.25		0.164179
135.375		0.164179
135.5		0.164179
135.625		0.164179
135.75		0.164179
135.875		0.164179
136		0.164179
136.125		0.164179
136.25		0.164179
136.375		0.164179
136.5		0.164179
136.625		0.164179
136.75		0.164179
136.875		0.164179
137		0.164179
137.125		0.164179
137.25		0.164179
137.375		0.164179
137.5		0.164179
137.625		0.164179
137.75		0.164179
137.875		0.164179
138		0.164179
138.125		0.164179
138.25		0.164179
138.375		0.164179
138.5		0.164179
138.625		0.164179
138.75		0.164179
138.875		0.164179
139		0.164179
139.125		0.164179
139.25		0.164179
139.375		0.164179
139.5		0.164179
139.625		0.164179
139.75		0.164179
139.875		0.164179
140		0.164179
140.125		0.164179
140.25		0.164179
140.375		0.164179
140.5		0.164179
140.625		0.164179
140.75		0.164179
140.875		0.164179
141		0.164179
141.125		0.179104
141.25		0.179104
141.375		0.179104
141.5		0.179104
141.625		0.179104
141.75		0.179104
141.875		0.179104
142		0.179104
142.125		0.179104
142.25		0.179104
142.375		0.179104
142.5		0.179104
142.625		0.179104
142.75		0.179104
142.875		0.179104
143		0.179104
143.125		0.179104
143.25		0.179104
143.375		0.179104
143.5		0.179104
143.625		0.179104
143.75		0.179104
143.875		0.179104
144		0.179104
144.125		0.179104
144.25		0.179104
144.375		0.179104
144.5		0.179104
144.625		0.179104
144.75		0.179104
144.875		0.179104
145		0.179104
145.125		0.179104
145.25		0.179104
145.375		0.179104
145.5		0.179104
145.625		0.179104
145.75		0.179104
145.875		0.179104
146		0.179104
146.125		0.179104
146.25		0.179104
146.375		0.179104
146.5		0.179104
146.625		0.179104
146.75		0.179104
146.875		0.179104
147		0.179104
147.125		0.179104
147.25		0.179104
147.375		0.179104
147.5		0.179104
147.625		0.179104
147.75		0.179104
147.875		0.179104
148		0.179104
148.125		0.179104
148.25		0.179104
148.375		0.179104
148.5		0.179104
148.625		0.179104
148.75		0.179104
148.875		0.179104
149		0.179104
149.125		0.179104
149.25		0.179104
149.375		0.179104
149.5		0.179104
149.625		0.179104
149.75		0.179104
149.875		0.179104
150		0.179104
150.125		0.179104
150.25		0.179104
150.375		0.179104
150.5		0.179104
150.625		0.179104
150.75		0.179104
150.875		0.179104
151		0.179104
151.125		0.179104
151.25		0.179104
151.375		0.179104
151.5		0.179104
151.625		0.179104
151.75		0.179104
151.875		0.179104
152		0.179104
152.125		0.179104
152.25		0.179104
152.375		0.179104
152.5		0.179104
152.625		0.179104
152.75		0.179104
152.875		0.179104
153		0.179104
153.125		0.179104
153.25		0.179104
153.375		0.179104
153.5		0.179104
153.625		0.179104
153.75		0.179104
153.875		0.179104
154		0.179104
154.125		0.179104
154.25		0.179104
154.375		0.179104
154.5		0.179104
154.625		0.179104
154.75		0.179104
154.875		0.179104
155		0.179104
155.125		0.19403
155.25		0.19403
155.375		0.19403
155.5		0.19403
155.625		0.19403
155.75		0.19403
155.875		0.19403
156		0.19403
156.125		0.208955
156.25		0.208955
156.375		0.208955
156.5		0.208955
156.625		0.208955
156.75		0.208955
156.875		0.208955
157		0.208955
157.125		0.208955
157.25		0.208955
157.375		0.208955
157.5		0.208955
157.625		0.208955
157.75		0.208955
157.875		0.208955
158		0.208955
158.125		0.223881
158.25		0.223881
158.375		0.223881
158.5		0.223881
158.625		0.223881
158.75		0.223881
158.875		0.223881
159		0.223881
159.125		0.238806
159.25		0.238806
159.375		0.238806
159.5		0.238806
159.625		0.238806
159.75		0.238806
159.875		0.238806
160		0.238806
160.125		0.238806
160.25		0.238806
160.375		0.238806
160.5		0.238806
160.625		0.238806
160.75		0.238806
160.875		0.238806
161		0.238806
161.125		0.238806
161.25		0.238806
161.375		0.238806
161.5		0.238806
161.625		0.238806
161.75		0.238806
161.875		0.238806
162		0.238806
162.125		0.238806
162.25		0.238806
162.375		0.238806
162.5		0.238806
162.625		0.238806
162.75		0.238806
162.875		0.238806
163		0.238806
163.125		0.238806
163.25		0.238806
163.375		0.238806
163.5		0.238806
163.625		0.238806
163.75		0.238806
163.875		0.238806
164		0.238806
164.125		0.253731
164.25		0.253731
164.375		0.253731
164.5		0.253731
164.625		0.253731
164.75		0.253731
164.875		0.253731
165		0.253731
165.125		0.253731
165.25		0.253731
165.375		0.253731
165.5		0.253731
165.625		0.253731
165.75		0.253731
165.875		0.253731
166		0.253731
166.125		0.268657
166.25		0.268657
166.375		0.268657
166.5		0.268657
166.625		0.268657
166.75		0.268657
166.875		0.268657
167		0.268657
167.125		0.283582
167.25		0.283582
167.375		0.283582
167.5		0.283582
167.625		0.283582
167.75		0.283582
167.875		0.283582
168		0.283582
168.125		0.298507
168.25		0.298507
168.375		0.298507
168.5		0.298507
168.625		0.298507
168.75		0.298507
168.875		0.298507
169		0.298507
169.125		0.298507
169.25		0.298507
169.375		0.298507
169.5		0.298507
169.625		0.298507
169.75		0.298507
169.875		0.298507
170		0.298507
170.125		0.298507
170.25		0.298507
170.375		0.298507
170.5		0.298507
170.625		0.298507
170.75		0.298507
170.875		0.298507
171		0.298507
171.125		0.298507
171.25		0.298507
171.375		0.298507
171.5		0.298507
171.625		0.298507
171.75		0.298507
171.875		0.298507
172		0.298507
172.125		0.298507
172.25		0.298507
172.375		0.298507
172.5		0.298507
172.625		0.298507
172.75		0.298507
172.875		0.298507
173		0.298507
173.125		0.298507
173.25		0.298507
173.375		0.298507
173.5		0.298507
173.625		0.298507
173.75		0.298507
173.875		0.298507
174		0.298507
174.125		0.298507
174.25		0.298507
174.375		0.298507
174.5		0.298507
174.625		0.298507
174.75		0.298507
174.875		0.298507
175		0.298507
175.125		0.298507
175.25		0.298507
175.375		0.298507
175.5		0.298507
175.625		0.298507
175.75		0.298507
175.875		0.298507
176		0.298507
176.125		0.298507
176.25		0.298507
176.375		0.298507
176.5		0.298507
176.625		0.298507
176.75		0.298507
176.875		0.298507
177		0.298507
177.125		0.298507
177.25		0.298507
177.375		0.298507
177.5		0.298507
177.625		0.298507
177.75		0.298507
177.875		0.298507
178		0.298507
178.125		0.313433
178.25		0.313433
178.375		0.313433
178.5		0.313433
178.625		0.313433
178.75		0.313433
178.875		0.313433
179		0.313433
179.125		0.313433
179.25		0.313433
179.375		0.313433
179.5		0.313433
179.625		0.313433
179.75		0.313433
179.875		0.313433
180		0.313433
180.125		0.313433
180.25		0.313433
180.375		0.313433
180.5		0.313433
180.625		0.313433
180.75		0.313433
180.875		0.313433
181		0.313433
181.125		0.313433
181.25		0.313433
181.375		0.313433
181.5		0.313433
181.625		0.313433
181.75		0.313433
181.875		0.313433
182		0.313433
182.125		0.313433
182.25		0.313433
182.375		0.313433
182.5		0.313433
182.625		0.313433
182.75		0.313433
182.875		0.313433
183		0.313433
183.125		0.313433
183.25		0.313433
183.375		0.313433
183.5		0.313433
183.625		0.313433
183.75		0.313433
183.875		0.313433
184		0.313433
184.125		0.313433
184.25		0.313433
184.375		0.313433
184.5		0.313433
184.625		0.313433
184.75		0.313433
184.875		0.313433
185		0.313433
185.125		0.313433
185.25		0.313433
185.375		0.313433
185.5		0.313433
185.625		0.313433
185.75		0.313433
185.875		0.313433
186		0.313433
186.125		0.313433
186.25		0.313433
186.375		0.313433
186.5		0.313433
186.625		0.313433
186.75		0.313433
186.875		0.313433
187		0.313433
187.125		0.313433
187.25		0.313433
187.375		0.313433
187.5		0.313433
187.625		0.313433
187.75		0.313433
187.875		0.313433
188		0.313433
188.125		0.313433
188.25		0.313433
188.375		0.313433
188.5		0.313433
188.625		0.313433
188.75		0.313433
188.875		0.313433
189		0.313433
189.125		0.313433
189.25		0.313433
189.375		0.313433
189.5		0.313433
189.625		0.313433
189.75		0.313433
189.875		0.313433
190		0.313433
190.125		0.313433
190.25		0.313433
190.375		0.313433
190.5		0.313433
190.625		0.313433
190.75		0.313433
190.875		0.313433
191		0.313433
191.125		0.313433
191.25		0.313433
191.375		0.313433
191.5		0.313433
191.625		0.313433
191.75		0.313433
191.875		0.313433
192		0.313433
192.125		0.313433
192.25		0.313433
192.375		0.313433
192.5		0.313433
192.625		0.313433
192.75		0.313433
192.875		0.313433
193		0.313433
193.125		0.313433
193.25		0.313433
193.375		0.313433
193.5		0.313433
193.625		0.313433
193.75		0.313433
193.875		0.313433
194		0.313433
194.125		0.313433
194.25		0.313433
194.375		0.313433
194.5		0.313433
194.625		0.313433
194.75		0.313433
194.875		0.313433
195		0.313433
195.125		0.313433
195.25		0.313433
195.375		0.313433
195.5		0.313433
195.625		0.313433
195.75		0.313433
195.875		0.313433
196		0.313433
196.125		0.313433
196.25		0.313433
196.375		0.313433
196.5		0.313433
196.625		0.313433
196.75		0.313433
196.875		0.313433
197		0.313433
197.125		0.328358
197.25		0.328358
197.375		0.328358
197.5		0.328358
197.625		0.328358
197.75		0.328358
197.875		0.328358
198		0.328358
198.125		0.328358
198.25		0.328358
198.375		0.328358
198.5		0.328358
198.625		0.328358
198.75		0.328358
198.875		0.328358
199		0.328358
199.125		0.328358
199.25		0.328358
199.375		0.328358
199.5		0.328358
199.625		0.328358
199.75		0.328358
199.875		0.328358
200		0.328358
200.125		0.328358
200.25		0.328358
200.375		0.328358
200.5		0.328358
200.625		0.328358
200.75		0.328358
200.875		0.328358
201		0.328358
201.125		0.328358
201.25		0.328358
201.375		0.328358
201.5		0.328358
201.625		0.328358
201.75		0.328358
201.875		0.328358
202		0.328358
202.125		0.328358
202.25		0.328358
202.375		0.328358
202.5		0.328358
202.625		0.328358
202.75		0.328358
202.875		0.328358
203		0.328358
203.125		0.328358
203.25		0.328358
203.375		0.328358
203.5		0.328358
203.625		0.328358
203.75		0.328358
203.875		0.328358
204		0.328358
204.125		0.328358
204.25		0.328358
204.375		0.328358
204.5		0.328358
204.625		0.328358
204.75		0.328358
204.875		0.328358
205		0.328358
205.125		0.328358
205.25		0.328358
205.375		0.328358
205.5		0.328358
205.625		0.328358
205.75		0.328358
205.875		0.328358
206		0.328358
206.125		0.328358
206.25		0.328358
206.375		0.328358
206.5		0.328358
206.625		0.328358
206.75		0.328358
206.875		0.328358
207		0.328358
207.125		0.328358
207.25		0.328358
207.375		0.328358
207.5		0.328358
207.625		0.328358
207.75		0.328358
207.875		0.328358
208		0.328358
208.125		0.328358
208.25		0.328358
208.375		0.328358
208.5		0.328358
208.625		0.328358
208.75		0.328358
208.875		0.328358
209		0.328358
209.125		0.328358
209.25		0.328358
209.375		0.328358
209.5		0.328358
209.625		0.328358
209.75		0.328358
209.875		0.328358
210		0.328358
210.125		0.328358
210.25		0.328358
210.375		0.328358
210.5		0.328358
210.625		0.328358
210.75		0.328358
210.875		0.328358
211		0.328358
211.125		0.343284
211.25		0.343284
211.375		0.343284
211.5		0.343284
211.625		0.343284
211.75		0.343284
211.875		0.343284
212		0.343284
212.125		0.343284
212.25		0.343284
212.375		0.343284
212.5		0.343284
212.625		0.343284
212.75		0.343284
212.875		0.343284
213		0.343284
213.125		0.343284
213.25		0.343284
213.375		0.343284
213.5		0.343284
213.625		0.343284
213.75		0.343284
213.875		0.343284
214		0.343284
214.125		0.343284
214.25		0.343284
214.375		0.343284
214.5		0.343284
214.625		0.343284
214.75		0.343284
214.875		0.343284
215		0.343284
215.125		0.343284
215.25		0.343284
215.375		0.343284
215.5		0.343284
215.625		0.343284
215.75		0.343284
215.875		0.343284
216		0.343284
216.125		0.343284
216.25		0.343284
216.375		0.343284
216.5		0.343284
216.625		0.343284
216.75		0.343284
216.875		0.343284
217		0.343284
217.125		0.343284
217.25		0.343284
217.375		0.343284
217.5		0.343284
217.625		0.343284
217.75		0.343284
217.875		0.343284
218		0.343284
218.125		0.358209
218.25		0.358209
218.375		0.358209
218.5		0.358209
218.625		0.358209
218.75		0.358209
218.875		0.358209
219		0.358209
219.125		0.358209
219.25		0.358209
219.375		0.358209
219.5		0.358209
219.625		0.358209
219.75		0.358209
219.875		0.358209
220		0.358209
220.125		0.38806
220.25		0.38806
220.375		0.38806
220.5		0.38806
220.625		0.38806
220.75		0.38806
220.875		0.38806
221		0.38806
221.125		0.38806
221.25		0.38806
221.375		0.38806
221.5		0.38806
221.625		0.38806
221.75		0.38806
221.875		0.38806
222		0.38806
222.125		0.38806
222.25		0.38806
222.375		0.38806
222.5		0.38806
222.625		0.38806
222.75		0.38806
222.875		0.38806
223		0.38806
223.125		0.38806
223.25		0.38806
223.375		0.38806
223.5		0.38806
223.625		0.38806
223.75		0.38806
223.875		0.38806
224		0.38806
224.125		0.38806
224.25		0.38806
224.375		0.38806
224.5		0.38806
224.625		0.38806
224.75		0.38806
224.875		0.38806
225		0.38806
225.125		0.38806
225.25		0.38806
225.375		0.38806
225.5		0.38806
225.625		0.38806
225.75		0.38806
225.875		0.38806
226		0.38806
226.125		0.38806
226.25		0.38806
226.375		0.38806
226.5		0.38806
226.625		0.38806
226.75		0.38806
226.875		0.38806
227		0.38806
227.125		0.38806
227.25		0.38806
227.375		0.38806
227.5		0.38806
227.625		0.38806
227.75		0.38806
227.875		0.38806
228		0.38806
228.125		0.38806
228.25		0.38806
228.375		0.38806
228.5		0.38806
228.625		0.38806
228.75		0.38806
228.875		0.38806
229		0.38806
229.125		0.38806
229.25		0.38806
229.375		0.38806
229.5		0.38806
229.625		0.38806
229.75		0.38806
229.875		0.38806
230		0.38806
230.125		0.38806
230.25		0.38806
230.375		0.38806
230.5		0.38806
230.625		0.38806
230.75		0.38806
230.875		0.38806
231		0.38806
231.125		0.38806
231.25		0.38806
231.375		0.38806
231.5		0.38806
231.625		0.38806
231.75		0.38806
231.875		0.38806
232		0.38806
232.125		0.38806
232.25		0.38806
232.375		0.38806
232.5		0.38806
232.625		0.38806
232.75		0.38806
232.875		0.38806
233		0.38806
233.125		0.38806
233.25		0.38806
233.375		0.38806
233.5		0.38806
233.625		0.38806
233.75		0.38806
233.875		0.38806
234		0.38806
234.125		0.402985
234.25		0.402985
234.375		0.402985
234.5		0.402985
234.625		0.402985
234.75		0.402985
234.875		0.402985
235		0.402985
235.125		0.402985
235.25		0.402985
235.375		0.402985
235.5		0.402985
235.625		0.402985
235.75		0.402985
235.875		0.402985
236		0.402985
236.125		0.432836
236.25		0.432836
236.375		0.432836
236.5		0.432836
236.625		0.432836
236.75		0.432836
236.875		0.432836
237		0.432836
237.125		0.432836
237.25		0.432836
237.375		0.432836
237.5		0.432836
237.625		0.432836
237.75		0.432836
237.875		0.432836
238		0.432836
238.125		0.432836
238.25		0.432836
238.375		0.432836
238.5		0.432836
238.625		0.432836
238.75		0.432836
238.875		0.432836
239		0.432836
239.125		0.432836
239.25		0.432836
239.375		0.432836
239.5		0.432836
239.625		0.432836
239.75		0.432836
239.875		0.432836
240		0.432836
240.125		0.432836
240.25		0.432836
240.375		0.432836
240.5		0.432836
240.625		0.432836
240.75		0.432836
240.875		0.432836
241		0.432836
241.125		0.432836
241.25		0.432836
241.375		0.432836
241.5		0.432836
241.625		0.432836
241.75		0.432836
241.875		0.432836
242		0.432836
242.125		0.432836
242.25		0.432836
242.375		0.432836
242.5		0.432836
242.625		0.432836
242.75		0.432836
242.875		0.432836
243		0.432836
243.125		0.432836
243.25		0.432836
243.375		0.432836
243.5		0.432836
243.625		0.432836
243.75		0.432836
243.875		0.432836
244		0.432836
244.125		0.447761
244.25		0.447761
244.375		0.447761
244.5		0.447761
244.625		0.447761
244.75		0.447761
244.875		0.447761
245		0.447761
245.125		0.462687
245.25		0.462687
245.375		0.462687
245.5		0.462687
245.625		0.462687
245.75		0.462687
245.875		0.462687
246		0.462687
246.125		0.477612
246.25		0.477612
246.375		0.477612
246.5		0.477612
246.625		0.477612
246.75		0.477612
246.875		0.477612
247		0.477612
247.125		0.477612
247.25		0.477612
247.375		0.477612
247.5		0.477612
247.625		0.477612
247.75		0.477612
247.875		0.477612
248		0.477612
248.125		0.492537
248.25		0.492537
248.375		0.492537
248.5		0.492537
248.625		0.492537
248.75		0.492537
248.875		0.492537
249		0.492537
249.125		0.492537
249.25		0.492537
249.375		0.492537
249.5		0.492537
249.625		0.492537
249.75		0.492537
249.875		0.492537
250		0.492537
250.125		0.507463
250.25		0.507463
250.375		0.507463
250.5		0.507463
250.625		0.507463
250.75		0.507463
250.875		0.507463
251		0.507463
251.125		0.507463
251.25		0.507463
251.375		0.507463
251.5		0.507463
251.625		0.507463
251.75		0.507463
251.875		0.507463
252		0.507463
252.125		0.522388
252.25		0.522388
252.375		0.522388
252.5		0.522388
252.625		0.522388
252.75		0.522388
252.875		0.522388
253		0.522388
253.125		0.522388
253.25		0.522388
253.375		0.522388
253.5		0.522388
253.625		0.522388
253.75		0.522388
253.875		0.522388
254		0.522388
254.125		0.522388
254.25		0.522388
254.375		0.522388
254.5		0.522388
254.625		0.522388
254.75		0.522388
254.875		0.522388
255		0.522388
255.125		0.522388
255.25		0.522388
255.375		0.522388
255.5		0.522388
255.625		0.522388
255.75		0.522388
255.875		0.522388
256		0.522388
256.125		0.522388
256.25		0.522388
256.375		0.522388
256.5		0.522388
256.625		0.522388
256.75		0.522388
256.875		0.522388
257		0.522388
257.125		0.522388
257.25		0.522388
257.375		0.522388
257.5		0.522388
257.625		0.522388
257.75		0.522388
257.875		0.522388
258		0.522388
258.125		0.522388
258.25		0.522388
258.375		0.522388
258.5		0.522388
258.625		0.522388
258.75		0.522388
258.875		0.522388
259		0.522388
259.125		0.522388
259.25		0.522388
259.375		0.522388
259.5		0.522388
259.625		0.522388
259.75		0.522388
259.875		0.522388
260		0.522388
260.125		0.522388
260.25		0.522388
260.375		0.522388
260.5		0.522388
260.625		0.522388
260.75		0.522388
260.875		0.522388
261		0.522388
261.125		0.522388
261.25		0.522388
261.375		0.522388
261.5		0.522388
261.625		0.522388
261.75		0.522388
261.875		0.522388
262		0.522388
262.125		0.522388
262.25		0.522388
262.375		0.522388
262.5		0.522388
262.625		0.522388
262.75		0.522388
262.875		0.522388
263		0.522388
263.125		0.522388
263.25		0.522388
263.375		0.522388
263.5		0.522388
263.625		0.522388
263.75		0.522388
263.875		0.522388
264		0.522388
264.125		0.522388
264.25		0.522388
264.375		0.522388
264.5		0.522388
264.625		0.522388
264.75		0.522388
264.875		0.522388
265		0.522388
265.125		0.522388
265.25		0.522388
265.375		0.522388
265.5		0.522388
265.625		0.522388
265.75		0.522388
265.875		0.522388
266		0.522388
266.125		0.522388
266.25		0.522388
266.375		0.522388
266.5		0.522388
266.625		0.522388
266.75		0.522388
266.875		0.522388
267		0.522388
267.125		0.522388
267.25		0.522388
267.375		0.522388
267.5		0.522388
267.625		0.522388
267.75		0.522388
267.875		0.522388
268		0.522388
268.125		0.522388
268.25		0.522388
268.375		0.522388
268.5		0.522388
268.625		0.522388
268.75		0.522388
268.875		0.522388
269		0.522388
269.125		0.522388
269.25		0.522388
269.375		0.522388
269.5		0.522388
269.625		0.522388
269.75		0.522388
269.875		0.522388
270		0.522388
270.125		0.522388
270.25		0.522388
270.375		0.522388
270.5		0.522388
270.625		0.522388
270.75		0.522388
270.875		0.522388
271		0.522388
271.125		0.522388
271.25		0.522388
271.375		0.522388
271.5		0.522388
271.625		0.522388
271.75		0.522388
271.875		0.522388
272		0.522388
272.125		0.537313
272.25		0.537313
272.375		0.537313
272.5		0.537313
272.625		0.537313
272.75		0.537313
272.875		0.537313
273		0.537313
273.125		0.537313
273.25		0.537313
273.375		0.537313
273.5		0.537313
273.625		0.537313
273.75		0.537313
273.875		0.537313
274		0.537313
274.125		0.537313
274.25		0.537313
274.375		0.537313
274.5		0.537313
274.625		0.537313
274.75		0.537313
274.875		0.537313
275		0.537313
275.125		0.537313
275.25		0.537313
275.375		0.537313
275.5		0.537313
275.625		0.537313
275.75		0.537313
275.875		0.537313
276		0.537313
276.125		0.552239
276.25		0.552239
276.375		0.552239
276.5		0.552239
276.625		0.552239
276.75		0.552239
276.875		0.552239
277		0.552239
277.125		0.552239
277.25		0.552239
277.375		0.552239
277.5		0.552239
277.625		0.552239
277.75		0.552239
277.875		0.552239
278		0.552239
278.125		0.552239
278.25		0.552239
278.375		0.552239
278.5		0.552239
278.625		0.552239
278.75		0.552239
278.875		0.552239
279		0.552239
279.125		0.552239
279.25		0.552239
279.375		0.552239
279.5		0.552239
279.625		0.552239
279.75		0.552239
279.875		0.552239
280		0.552239
280.125		0.552239
280.25		0.552239
280.375		0.552239
280.5		0.552239
280.625		0.552239
280.75		0.552239
280.875		0.552239
281		0.552239
281.125		0.552239
281.25		0.552239
281.375		0.552239
281.5		0.552239
281.625		0.552239
281.75		0.552239
281.875		0.552239
282		0.552239
282.125		0.552239
282.25		0.552239
282.375		0.552239
282.5		0.552239
282.625		0.552239
282.75		0.552239
282.875		0.552239
283		0.552239
283.125		0.552239
283.25		0.552239
283.375		0.552239
283.5		0.552239
283.625		0.552239
283.75		0.552239
283.875		0.552239
284		0.552239
284.125		0.552239
284.25		0.552239
284.375		0.552239
284.5		0.552239
284.625		0.552239
284.75		0.552239
284.875		0.552239
285		0.552239
285.125		0.552239
285.25		0.552239
285.375		0.552239
285.5		0.552239
285.625		0.552239
285.75		0.552239
285.875		0.552239
286		0.552239
286.125		0.552239
286.25		0.552239
286.375		0.552239
286.5		0.552239
286.625		0.552239
286.75		0.552239
286.875		0.552239
287		0.552239
287.125		0.552239
287.25		0.552239
287.375		0.552239
287.5		0.552239
287.625		0.552239
287.75		0.552239
287.875		0.552239
288		0.552239
288.125		0.552239
288.25		0.552239
288.375		0.552239
288.5		0.552239
288.625		0.552239
288.75		0.552239
288.875		0.552239
289		0.552239
289.125		0.552239
289.25		0.552239
289.375		0.552239
289.5		0.552239
289.625		0.552239
289.75		0.552239
289.875		0.552239
290		0.552239
290.125		0.567164
290.25		0.567164
290.375		0.567164
290.5		0.567164
290.625		0.567164
290.75		0.567164
290.875		0.567164
291		0.567164
291.125		0.567164
291.25		0.567164
291.375		0.567164
291.5		0.567164
291.625		0.567164
291.75		0.567164
291.875		0.567164
292		0.567164
292.125		0.567164
292.25		0.567164
292.375		0.567164
292.5		0.567164
292.625		0.567164
292.75		0.567164
292.875		0.567164
293		0.567164
293.125		0.567164
293.25		0.567164
293.375		0.567164
293.5		0.567164
293.625		0.567164
293.75		0.567164
293.875		0.567164
294		0.567164
294.125		0.567164
294.25		0.567164
294.375		0.567164
294.5		0.567164
294.625		0.567164
294.75		0.567164
294.875		0.567164
295		0.567164
295.125		0.567164
295.25		0.567164
295.375		0.567164
295.5		0.567164
295.625		0.567164
295.75		0.567164
295.875		0.567164
296		0.567164
296.125		0.567164
296.25		0.567164
296.375		0.567164
296.5		0.567164
296.625		0.567164
296.75		0.567164
296.875		0.567164
297		0.567164
297.125		0.567164
297.25		0.567164
297.375		0.567164
297.5		0.567164
297.625		0.567164
297.75		0.567164
297.875		0.567164
298		0.567164
298.125		0.567164
298.25		0.567164
298.375		0.567164
298.5		0.567164
298.625		0.567164
298.75		0.567164
298.875		0.567164
299		0.567164
299.125		0.567164
299.25		0.567164
299.375		0.567164
299.5		0.567164
299.625		0.567164
299.75		0.567164
299.875		0.567164
300		0.567164
300.125		0.567164
300.25		0.567164
300.375		0.567164
300.5		0.567164
300.625		0.567164
300.75		0.567164
300.875		0.567164
301		0.567164
301.125		0.597015
301.25		0.597015
301.375		0.597015
301.5		0.597015
301.625		0.597015
301.75		0.597015
301.875		0.597015
302		0.597015
302.125		0.597015
302.25		0.597015
302.375		0.597015
302.5		0.597015
302.625		0.597015
302.75		0.597015
302.875		0.597015
303		0.597015
303.125		0.597015
303.25		0.597015
303.375		0.597015
303.5		0.597015
303.625		0.597015
303.75		0.597015
303.875		0.597015
304		0.597015
304.125		0.597015
304.25		0.597015
304.375		0.597015
304.5		0.597015
304.625		0.597015
304.75		0.597015
304.875		0.597015
305		0.597015
305.125		0.597015
305.25		0.597015
305.375		0.597015
305.5		0.597015
305.625		0.597015
305.75		0.597015
305.875		0.597015
306		0.597015
306.125		0.597015
306.25		0.597015
306.375		0.597015
306.5		0.597015
306.625		0.597015
306.75		0.597015
306.875		0.597015
307		0.597015
307.125		0.597015
307.25		0.597015
307.375		0.597015
307.5		0.597015
307.625		0.597015
307.75		0.597015
307.875		0.597015
308		0.597015
308.125		0.597015
308.25		0.597015
308.375		0.597015
308.5		0.597015
308.625		0.597015
308.75		0.597015
308.875		0.597015
309		0.597015
309.125		0.597015
309.25		0.597015
309.375		0.597015
309.5		0.597015
309.625		0.597015
309.75		0.597015
309.875		0.597015
310		0.597015
310.125		0.61194
310.25		0.61194
310.375		0.61194
310.5		0.61194
310.625		0.61194
310.75		0.61194
310.875		0.61194
311		0.61194
311.125		0.61194
311.25		0.61194
311.375		0.61194
311.5		0.61194
311.625		0.61194
311.75		0.61194
311.875		0.61194
312		0.61194
312.125		0.61194
312.25		0.61194
312.375		0.61194
312.5		0.61194
312.625		0.61194
312.75		0.61194
312.875		0.61194
313		0.61194
313.125		0.626866
313.25		0.626866
313.375		0.626866
313.5		0.626866
313.625		0.626866
313.75		0.626866
313.875		0.626866
314		0.626866
314.125		0.626866
314.25		0.626866
314.375		0.626866
314.5		0.626866
314.625		0.626866
314.75		0.626866
314.875		0.626866
315		0.626866
315.125		0.626866
315.25		0.626866
315.375		0.626866
315.5		0.626866
315.625		0.626866
315.75		0.626866
315.875		0.626866
316		0.626866
316.125		0.626866
316.25		0.626866
316.375		0.626866
316.5		0.626866
316.625		0.626866
316.75		0.626866
316.875		0.626866
317		0.626866
317.125		0.626866
317.25		0.626866
317.375		0.626866
317.5		0.626866
317.625		0.626866
317.75		0.626866
317.875		0.626866
318		0.626866
318.125		0.626866
318.25		0.626866
318.375		0.626866
318.5		0.626866
318.625		0.626866
318.75		0.626866
318.875		0.626866
319		0.626866
319.125		0.626866
319.25		0.626866
319.375		0.626866
319.5		0.626866
319.625		0.626866
319.75		0.626866
319.875		0.626866
320		0.626866
320.125		0.626866
320.25		0.626866
320.375		0.626866
320.5		0.626866
320.625		0.626866
320.75		0.626866
320.875		0.626866
321		0.626866
321.125		0.626866
321.25		0.626866
321.375		0.626866
321.5		0.626866
321.625		0.626866
321.75		0.626866
321.875		0.626866
322		0.626866
322.125		0.626866
322.25		0.626866
322.375		0.626866
322.5		0.626866
322.625		0.626866
322.75		0.626866
322.875		0.626866
323		0.626866
323.125		0.626866
323.25		0.626866
323.375		0.626866
323.5		0.626866
323.625		0.626866
323.75		0.626866
323.875		0.626866
324		0.626866
324.125		0.626866
324.25		0.626866
324.375		0.626866
324.5		0.626866
324.625		0.626866
324.75		0.626866
324.875		0.626866
325		0.626866
325.125		0.626866
325.25		0.626866
325.375		0.626866
325.5		0.626866
325.625		0.626866
325.75		0.626866
325.875		0.626866
326		0.626866
326.125		0.626866
326.25		0.626866
326.375		0.626866
326.5		0.626866
326.625		0.626866
326.75		0.626866
326.875		0.626866
327		0.626866
327.125		0.626866
327.25		0.626866
327.375		0.626866
327.5		0.626866
327.625		0.626866
327.75		0.626866
327.875		0.626866
328		0.626866
328.125		0.626866
328.25		0.626866
328.375		0.626866
328.5		0.626866
328.625		0.626866
328.75		0.626866
328.875		0.626866
329		0.626866
329.125		0.626866
329.25		0.626866
329.375		0.626866
329.5		0.626866
329.625		0.626866
329.75		0.626866
329.875		0.626866
330		0.626866
330.125		0.626866
330.25		0.626866
330.375		0.626866
330.5		0.626866
330.625		0.626866
330.75		0.626866
330.875		0.626866
331		0.626866
331.125		0.626866
331.25		0.626866
331.375		0.626866
331.5		0.626866
331.625		0.626866
331.75		0.626866
331.875		0.626866
332		0.626866
332.125		0.626866
332.25		0.626866
332.375		0.626866
332.5		0.626866
332.625		0.626866
332.75		0.626866
332.875		0.626866
333		0.626866
333.125		0.626866
333.25		0.626866
333.375		0.626866
333.5		0.626866
333.625		0.626866
333.75		0.626866
333.875		0.626866
334		0.626866
334.125		0.626866
334.25		0.626866
334.375		0.626866
334.5		0.626866
334.625		0.626866
334.75		0.626866
334.875		0.626866
335		0.626866
335.125		0.641791
335.25		0.641791
335.375		0.641791
335.5		0.641791
335.625		0.641791
335.75		0.641791
335.875		0.641791
336		0.641791
336.125		0.671642
336.25		0.671642
336.375		0.671642
336.5		0.671642
336.625		0.671642
336.75		0.671642
336.875		0.671642
337		0.671642
337.125		0.671642
337.25		0.671642
337.375		0.671642
337.5		0.671642
337.625		0.671642
337.75		0.671642
337.875		0.671642
338		0.671642
338.125		0.671642
338.25		0.671642
338.375		0.671642
338.5		0.671642
338.625		0.671642
338.75		0.671642
338.875		0.671642
339		0.671642
339.125		0.671642
339.25		0.671642
339.375		0.671642
339.5		0.671642
339.625		0.671642
339.75		0.671642
339.875		0.671642
340		0.671642
340.125		0.671642
340.25		0.671642
340.375		0.671642
340.5		0.671642
340.625		0.671642
340.75		0.671642
340.875		0.671642
341		0.671642
341.125		0.686567
341.25		0.686567
341.375		0.686567
341.5		0.686567
341.625		0.686567
341.75		0.686567
341.875		0.686567
342		0.686567
342.125		0.686567
342.25		0.686567
342.375		0.686567
342.5		0.686567
342.625		0.686567
342.75		0.686567
342.875		0.686567
343		0.686567
343.125		0.701493
343.25		0.701493
343.375		0.701493
343.5		0.701493
343.625		0.701493
343.75		0.701493
343.875		0.701493
344		0.701493
344.125		0.701493
344.25		0.701493
344.375		0.701493
344.5		0.701493
344.625		0.701493
344.75		0.701493
344.875		0.701493
345		0.701493
345.125		0.701493
345.25		0.701493
345.375		0.701493
345.5		0.701493
345.625		0.701493
345.75		0.701493
345.875		0.701493
346		0.701493
346.125		0.701493
346.25		0.701493
346.375		0.701493
346.5		0.701493
346.625		0.701493
346.75		0.701493
346.875		0.701493
347		0.701493
347.125		0.701493
347.25		0.701493
347.375		0.701493
347.5		0.701493
347.625		0.701493
347.75		0.701493
347.875		0.701493
348		0.701493
348.125		0.716418
348.25		0.716418
348.375		0.716418
348.5		0.716418
348.625		0.716418
348.75		0.716418
348.875		0.716418
349		0.716418
349.125		0.716418
349.25		0.716418
349.375		0.716418
349.5		0.716418
349.625		0.716418
349.75		0.716418
349.875		0.716418
350		0.716418
350.125		0.716418
350.25		0.716418
350.375		0.716418
350.5		0.716418
350.625		0.716418
350.75		0.716418
350.875		0.716418
351		0.716418
351.125		0.716418
351.25		0.716418
351.375		0.716418
351.5		0.716418
351.625		0.716418
351.75		0.716418
351.875		0.716418
352		0.716418
352.125		0.731343
352.25		0.731343
352.375		0.731343
352.5		0.731343
352.625		0.731343
352.75		0.731343
352.875		0.731343
353		0.731343
353.125		0.731343
353.25		0.731343
353.375		0.731343
353.5		0.731343
353.625		0.731343
353.75		0.731343
353.875		0.731343
354		0.731343
354.125		0.731343
354.25		0.731343
354.375		0.731343
354.5		0.731343
354.625		0.731343
354.75		0.731343
354.875		0.731343
355		0.731343
355.125		0.731343
355.25		0.731343
355.375		0.731343
355.5		0.731343
355.625		0.731343
355.75		0.731343
355.875		0.731343
356		0.731343
356.125		0.731343
356.25		0.731343
356.375		0.731343
356.5		0.731343
356.625		0.731343
356.75		0.731343
356.875		0.731343
357		0.731343
357.125		0.731343
357.25		0.731343
357.375		0.731343
357.5		0.731343
357.625		0.731343
357.75		0.731343
357.875		0.731343
358		0.731343
358.125		0.731343
358.25		0.731343
358.375		0.731343
358.5		0.731343
358.625		0.731343
358.75		0.731343
358.875		0.731343
359		0.731343
359.125		0.731343
359.25		0.731343
359.375		0.731343
359.5		0.731343
359.625		0.731343
359.75		0.731343
359.875		0.731343
360		0.731343
360.125		0.731343
360.25		0.731343
360.375		0.731343
360.5		0.731343
360.625		0.731343
360.75		0.731343
360.875		0.731343
361		0.731343
361.125		0.731343
361.25		0.731343
361.375		0.731343
361.5		0.731343
361.625		0.731343
361.75		0.731343
361.875		0.731343
362		0.731343
362.125		0.731343
362.25		0.731343
362.375		0.731343
362.5		0.731343
362.625		0.731343
362.75		0.731343
362.875		0.731343
363		0.731343
363.125		0.731343
363.25		0.731343
363.375		0.731343
363.5		0.731343
363.625		0.731343
363.75		0.731343
363.875		0.731343
364		0.731343
364.125		0.731343
364.25		0.731343
364.375		0.731343
364.5		0.731343
364.625		0.731343
364.75		0.731343
364.875		0.731343
365		0.731343
365.125		0.746269
365.25		0.746269
365.375		0.746269
365.5		0.746269
365.625		0.746269
365.75		0.746269
365.875		0.746269
366		0.746269
366.125		0.746269
366.25		0.746269
366.375		0.746269
366.5		0.746269
366.625		0.746269
366.75		0.746269
366.875		0.746269
367		0.746269
367.125		0.746269
367.25		0.746269
367.375		0.746269
367.5		0.746269
367.625		0.746269
367.75		0.746269
367.875		0.746269
368		0.746269
368.125		0.746269
368.25		0.746269
368.375		0.746269
368.5		0.746269
368.625		0.746269
368.75		0.746269
368.875		0.746269
369		0.746269
369.125		0.746269
369.25		0.746269
369.375		0.746269
369.5		0.746269
369.625		0.746269
369.75		0.746269
369.875		0.746269
370		0.746269
370.125		0.746269
370.25		0.746269
370.375		0.746269
370.5		0.746269
370.625		0.746269
370.75		0.746269
370.875		0.746269
371		0.746269
371.125		0.746269
371.25		0.746269
371.375		0.746269
371.5		0.746269
371.625		0.746269
371.75		0.746269
371.875		0.746269
372		0.746269
372.125		0.746269
372.25		0.746269
372.375		0.746269
372.5		0.746269
372.625		0.746269
372.75		0.746269
372.875		0.746269
373		0.746269
373.125		0.746269
373.25		0.746269
373.375		0.746269
373.5		0.746269
373.625		0.746269
373.75		0.746269
373.875		0.746269
374		0.746269
374.125		0.746269
374.25		0.746269
374.375		0.746269
374.5		0.746269
374.625		0.746269
374.75		0.746269
374.875		0.746269
375		0.746269
375.125		0.746269
375.25		0.746269
375.375		0.746269
375.5		0.746269
375.625		0.746269
375.75		0.746269
375.875		0.746269
376		0.746269
376.125		0.761194
376.25		0.761194
376.375		0.761194
376.5		0.761194
376.625		0.761194
376.75		0.761194
376.875		0.761194
377		0.761194
377.125		0.776119
377.25		0.776119
377.375		0.776119
377.5		0.776119
377.625		0.776119
377.75		0.776119
377.875		0.776119
378		0.776119
378.125		0.776119
378.25		0.776119
378.375		0.776119
378.5		0.776119
378.625		0.776119
378.75		0.776119
378.875		0.776119
379		0.776119
379.125		0.776119
379.25		0.776119
379.375		0.776119
379.5		0.776119
379.625		0.776119
379.75		0.776119
379.875		0.776119
380		0.776119
380.125		0.776119
380.25		0.776119
380.375		0.776119
380.5		0.776119
380.625		0.776119
380.75		0.776119
380.875		0.776119
381		0.776119
381.125		0.776119
381.25		0.776119
381.375		0.776119
381.5		0.776119
381.625		0.776119
381.75		0.776119
381.875		0.776119
382		0.776119
382.125		0.791045
382.25		0.791045
382.375		0.791045
382.5		0.791045
382.625		0.791045
382.75		0.791045
382.875		0.791045
383		0.791045
383.125		0.791045
383.25		0.791045
383.375		0.791045
383.5		0.791045
383.625		0.791045
383.75		0.791045
383.875		0.791045
384		0.791045
384.125		0.791045
384.25		0.791045
384.375		0.791045
384.5		0.791045
384.625		0.791045
384.75		0.791045
384.875		0.791045
385		0.791045
385.125		0.791045
385.25		0.791045
385.375		0.791045
385.5		0.791045
385.625		0.791045
385.75		0.791045
385.875		0.791045
386		0.791045
386.125		0.791045
386.25		0.791045
386.375		0.791045
386.5		0.791045
386.625		0.791045
386.75		0.791045
386.875		0.791045
387		0.791045
387.125		0.791045
387.25		0.791045
387.375		0.791045
387.5		0.791045
387.625		0.791045
387.75		0.791045
387.875		0.791045
388		0.791045
388.125		0.791045
388.25		0.791045
388.375		0.791045
388.5		0.791045
388.625		0.791045
388.75		0.791045
388.875		0.791045
389		0.791045
389.125		0.791045
389.25		0.791045
389.375		0.791045
389.5		0.791045
389.625		0.791045
389.75		0.791045
389.875		0.791045
390		0.791045
390.125		0.80597
390.25		0.80597
390.375		0.80597
390.5		0.80597
390.625		0.80597
390.75		0.80597
390.875		0.80597
391		0.80597
391.125		0.820896
391.25		0.820896
391.375		0.820896
391.5		0.820896
391.625		0.820896
391.75		0.820896
391.875		0.820896
392		0.820896
392.125		0.820896
392.25		0.820896
392.375		0.820896
392.5		0.820896
392.625		0.820896
392.75		0.820896
392.875		0.820896
393		0.820896
393.125		0.820896
393.25		0.820896
393.375		0.820896
393.5		0.820896
393.625		0.820896
393.75		0.820896
393.875		0.820896
394		0.820896
394.125		0.820896
394.25		0.820896
394.375		0.820896
394.5		0.820896
394.625		0.820896
394.75		0.820896
394.875		0.820896
395		0.820896
395.125		0.820896
395.25		0.820896
395.375		0.820896
395.5		0.820896
395.625		0.820896
395.75		0.820896
395.875		0.820896
396		0.820896
396.125		0.835821
396.25		0.835821
396.375		0.835821
396.5		0.835821
396.625		0.835821
396.75		0.835821
396.875		0.835821
397		0.835821
397.125		0.835821
397.25		0.835821
397.375		0.835821
397.5		0.835821
397.625		0.835821
397.75		0.835821
397.875		0.835821
398		0.835821
398.125		0.835821
398.25		0.835821
398.375		0.835821
398.5		0.835821
398.625		0.835821
398.75		0.835821
398.875		0.835821
399		0.835821
399.125		0.835821
399.25		0.835821
399.375		0.835821
399.5		0.835821
399.625		0.835821
399.75		0.835821
399.875		0.835821
400		0.835821
400.125		0.835821
400.25		0.835821
400.375		0.835821
400.5		0.835821
400.625		0.835821
400.75		0.835821
400.875		0.835821
401		0.835821
401.125		0.835821
401.25		0.835821
401.375		0.835821
401.5		0.835821
401.625		0.835821
401.75		0.835821
401.875		0.835821
402		0.835821
402.125		0.835821
402.25		0.835821
402.375		0.835821
402.5		0.835821
402.625		0.835821
402.75		0.835821
402.875		0.835821
403		0.835821
403.125		0.835821
403.25		0.835821
403.375		0.835821
403.5		0.835821
403.625		0.835821
403.75		0.835821
403.875		0.835821
404		0.835821
404.125		0.835821
404.25		0.835821
404.375		0.835821
404.5		0.835821
404.625		0.835821
404.75		0.835821
404.875		0.835821
405		0.835821
405.125		0.850746
405.25		0.850746
405.375		0.850746
405.5		0.850746
405.625		0.850746
405.75		0.850746
405.875		0.850746
406		0.850746
406.125		0.850746
406.25		0.850746
406.375		0.850746
406.5		0.850746
406.625		0.850746
406.75		0.850746
406.875		0.850746
407		0.850746
407.125		0.850746
407.25		0.850746
407.375		0.850746
407.5		0.850746
407.625		0.850746
407.75		0.850746
407.875		0.850746
408		0.850746
408.125		0.880597
408.25		0.880597
408.375		0.880597
408.5		0.880597
408.625		0.880597
408.75		0.880597
408.875		0.880597
409		0.880597
409.125		0.880597
409.25		0.880597
409.375		0.880597
409.5		0.880597
409.625		0.880597
409.75		0.880597
409.875		0.880597
410		0.880597
410.125		0.880597
410.25		0.880597
410.375		0.880597
410.5		0.880597
410.625		0.880597
410.75		0.880597
410.875		0.880597
411		0.880597
411.125		0.880597
411.25		0.880597
411.375		0.880597
411.5		0.880597
411.625		0.880597
411.75		0.880597
411.875		0.880597
412		0.880597
412.125		0.880597
412.25		0.880597
412.375		0.880597
412.5		0.880597
412.625		0.880597
412.75		0.880597
412.875		0.880597
413		0.880597
413.125		0.880597
413.25		0.880597
413.375		0.880597
413.5		0.880597
413.625		0.880597
413.75		0.880597
413.875		0.880597
414		0.880597
414.125		0.880597
414.25		0.880597
414.375		0.880597
414.5		0.880597
414.625		0.880597
414.75		0.880597
414.875		0.880597
415		0.880597
415.125		0.880597
415.25		0.880597
415.375		0.880597
415.5		0.880597
415.625		0.880597
415.75		0.880597
415.875		0.880597
416		0.880597
416.125		0.895522
416.25		0.895522
416.375		0.895522
416.5		0.895522
416.625		0.895522
416.75		0.895522
416.875		0.895522
417		0.895522
417.125		0.895522
417.25		0.895522
417.375		0.895522
417.5		0.895522
417.625		0.895522
417.75		0.895522
417.875		0.895522
418		0.895522
418.125		0.895522
418.25		0.895522
418.375		0.895522
418.5		0.895522
418.625		0.895522
418.75		0.895522
418.875		0.895522
419		0.895522
419.125		0.895522
419.25		0.895522
419.375		0.895522
419.5		0.895522
419.625		0.895522
419.75		0.895522
419.875		0.895522
420		0.895522
420.125		0.895522
420.25		0.895522
420.375		0.895522
420.5		0.895522
420.625		0.895522
420.75		0.895522
420.875		0.895522
421		0.895522
421.125		0.910448
421.25		0.910448
421.375		0.910448
421.5		0.910448
421.625		0.910448
421.75		0.910448
421.875		0.910448
422		0.910448
422.125		0.910448
422.25		0.910448
422.375		0.910448
422.5		0.910448
422.625		0.910448
422.75		0.910448
422.875		0.910448
423		0.910448
423.125		0.910448
423.25		0.910448
423.375		0.910448
423.5		0.910448
423.625		0.910448
423.75		0.910448
423.875		0.910448
424		0.910448
424.125		0.910448
424.25		0.910448
424.375		0.910448
424.5		0.910448
424.625		0.910448
424.75		0.910448
424.875		0.910448
425		0.910448
425.125		0.910448
425.25		0.910448
425.375		0.910448
425.5		0.910448
425.625		0.910448
425.75		0.910448
425.875		0.910448
426		0.910448
426.125		0.925373
426.25		0.925373
426.375		0.925373
426.5		0.925373
426.625		0.925373
426.75		0.925373
426.875		0.925373
427		0.925373
427.125		0.925373
427.25		0.925373
427.375		0.925373
427.5		0.925373
427.625		0.925373
427.75		0.925373
427.875		0.925373
428		0.925373
428.125		0.925373
428.25		0.925373
428.375		0.925373
428.5		0.925373
428.625		0.925373
428.75		0.925373
428.875		0.925373
429		0.925373
429.125		0.925373
429.25		0.925373
429.375		0.925373
429.5		0.925373
429.625		0.925373
429.75		0.925373
429.875		0.925373
430		0.925373
430.125		0.955224
430.25		0.955224
430.375		0.955224
430.5		0.955224
430.625		0.955224
430.75		0.955224
430.875		0.955224
431		0.955224
431.125		0.955224
431.25		0.955224
431.375		0.955224
431.5		0.955224
431.625		0.955224
431.75		0.955224
431.875		0.955224
432		0.955224
432.125		0.955224
432.25		0.955224
432.375		0.955224
432.5		0.955224
432.625		0.955224
432.75		0.955224
432.875		0.955224
433		0.955224
433.125		0.955224
433.25		0.955224
433.375		0.955224
433.5		0.955224
433.625		0.955224
433.75		0.955224
433.875		0.955224
434		0.955224
434.125		0.970149
434.25		0.970149
434.375		0.970149
434.5		0.970149
434.625		0.970149
434.75		0.970149
434.875		0.970149
435		0.970149
435.125		0.970149
435.25		0.970149
435.375		0.970149
435.5		0.970149
435.625		0.970149
435.75		0.970149
435.875		0.970149
436		0.970149
436.125		0.970149
436.25		0.970149
436.375		0.970149
436.5		0.970149
436.625		0.970149
436.75		0.970149
436.875		0.970149
437		0.970149
437.125		0.985075
437.25		0.985075
437.375		0.985075
437.5		0.985075
437.625		0.985075
437.75		0.985075
437.875		0.985075
438		0.985075
438.125		0.985075
438.25		0.985075
438.375		0.985075
438.5		0.985075
438.625		0.985075
438.75		0.985075
438.875		0.985075
439		0.985075
439.125		0.985075
439.25		0.985075
439.375		0.985075
439.5		0.985075
439.625		0.985075
439.75		0.985075
439.875		0.985075
440		0.985075
440.125		0.985075
440.25		0.985075
440.375		0.985075
440.5		0.985075
440.625		0.985075
440.75		0.985075
440.875		0.985075
441		0.985075
441.125		0.985075
441.25		0.985075
441.375		0.985075
441.5		0.985075
441.625		0.985075
441.75		0.985075
441.875		0.985075
442		0.985075
442.125		0.985075
442.25		0.985075
442.375		0.985075
442.5		0.985075
442.625		0.985075
442.75		0.985075
442.875		0.985075
443		0.985075
443.125		0.985075
443.25		0.985075
443.375		0.985075
443.5		0.985075
443.625		0.985075
443.75		0.985075
443.875		0.985075
444		0.985075
444.125		0.985075
444.25		0.985075
444.375		0.985075
444.5		0.985075
444.625		0.985075
444.75		0.985075
444.875		0.985075
445		0.985075
445.125		0.985075
445.25		0.985075
445.375		0.985075
445.5		0.985075
445.625		0.985075
445.75		0.985075
445.875		0.985075
446		0.985075
446.125		0.985075
446.25		0.985075
446.375		0.985075
446.5		0.985075
446.625		0.985075
446.75		0.985075
446.875		0.985075
447		0.985075
447.125		0.985075
447.25		0.985075
447.375		0.985075
447.5		0.985075
447.625		0.985075
447.75		0.985075
447.875		0.985075
448		0.985075
448.125		0.985075
448.25		0.985075
448.375		0.985075
448.5		0.985075
448.625		0.985075
448.75		0.985075
448.875		0.985075
449		0.985075
449.125		0.985075
449.25		0.985075
449.375		0.985075
449.5		0.985075
449.625		0.985075
449.75		0.985075
449.875		0.985075
450		0.985075
450.125		0.985075
450.25		0.985075
450.375		0.985075
450.5		0.985075
450.625		0.985075
450.75		0.985075
450.875		0.985075
451		0.985075
451.125		0.985075
451.25		0.985075
451.375		0.985075
451.5		0.985075
451.625		0.985075
451.75		0.985075
451.875		0.985075
452		0.985075
452.125		1
452.25		1
452.375		1
452.5		1
452.625		1
452.75		1
452.875		1
453		1
453.125		1
453.25		1
453.375		1
453.5		1
453.625		1
453.75		1
453.875		1
454		1
454.125		1
454.25		1
454.375		1
454.5		1
454.625		1
454.75		1
454.875		1
455		1
455.125		1
455.25		1
455.375		1
455.5		1
455.625		1
455.75		1
455.875		1
456		1
456.125		1
456.25		1
456.375		1
456.5		1
456.625		1
456.75		1
456.875		1
457		1
457.125		1
457.25		1
457.375		1
457.5		1
457.625		1
457.75		1
457.875		1
458		1
458.125		1
458.25		1
458.375		1
458.5		1
458.625		1
458.75		1
458.875		1
459		1
459.125		1
459.25		1
459.375		1
459.5		1
459.625		1
459.75		1
459.875		1
460		1
460.125		1
460.25		1
460.375		1
460.5		1
460.625		1
460.75		1
460.875		1
461		1
461.125		1
461.25		1
461.375		1
461.5		1
461.625		1
461.75		1
461.875		1
462		1
462.125		1
462.25		1
462.375		1
462.5		1
462.625		1
462.75		1
462.875		1
463		1
463.125		1
463.25		1
463.375		1
463.5		1
463.625		1
463.75		1
463.875		1
464		1
464.125		1
464.25		1
464.375		1
464.5		1
464.625		1
464.75		1
464.875		1
465		1
465.125		1
465.25		1
465.375		1
465.5		1
465.625		1
465.75		1
465.875		1
466		1
466.125		1
466.25		1
466.375		1
466.5		1
466.625		1
466.75		1
466.875		1
467		1
467.125		1
467.25		1
467.375		1
467.5		1
467.625		1
467.75		1
467.875		1
468		1
468.125		1
468.25		1
468.375		1
468.5		1
468.625		1
468.75		1
468.875		1
469		1
469.125		1
469.25		1
469.375		1
469.5		1
469.625		1
469.75		1
469.875		1
470		1
470.125		1
470.25		1
470.375		1
470.5		1
470.625		1
470.75		1
470.875		1
471		1
471.125		1
471.25		1
471.375		1
471.5		1
471.625		1
471.75		1
471.875		1
472		1
472.125		1
472.25		1
472.375		1
472.5		1
472.625		1
472.75		1
472.875		1
473		1
473.125		1
473.25		1
473.375		1
473.5		1
473.625		1
473.75		1
473.875		1
474		1
474.125		1
474.25		1
474.375		1
474.5		1
474.625		1
474.75		1
474.875		1
475		1
475.125		1
475.25		1
475.375		1
475.5		1
475.625		1
475.75		1
475.875		1
476		1
476.125		1
476.25		1
476.375		1
476.5		1
476.625		1
476.75		1
476.875		1
477		1
477.125		1
477.25		1
477.375		1
477.5		1
477.625		1
477.75		1
477.875		1
478		1
478.125		1
478.25		1
478.375		1
478.5		1
478.625		1
478.75		1
478.875		1
479		1
479.125		1
479.25		1
479.375		1
479.5		1
479.625		1
479.75		1
479.875		1
480		1
480.125		1
480.25		1
480.375		1
480.5		1
480.625		1
480.75		1
480.875		1
481		1
481.125		1
481.25		1
481.375		1
481.5		1
481.625		1
481.75		1
481.875		1
482		1
482.125		1
482.25		1
482.375		1
482.5		1
482.625		1
482.75		1
482.875		1
483		1
483.125		1
483.25		1
483.375		1
483.5		1
483.625		1
483.75		1
483.875		1
484		1
484.125		1
484.25		1
484.375		1
484.5		1
484.625		1
484.75		1
484.875		1
485		1
485.125		1
485.25		1
485.375		1
485.5		1
485.625		1
485.75		1
485.875		1
486		1
486.125		1
486.25		1
486.375		1
486.5		1
486.625		1
486.75		1
486.875		1
487		1
487.125		1
487.25		1
487.375		1
487.5		1
487.625		1
487.75		1
487.875		1
488		1
488.125		1
488.25		1
488.375		1
488.5		1
488.625		1
488.75		1
488.875		1
489		1
489.125		1
489.25		1
489.375		1
489.5		1
489.625		1
489.75		1
489.875		1
490		1
490.125		1
490.25		1
490.375		1
490.5		1
490.625		1
490.75		1
490.875		1
491		1
491.125		1
491.25		1
491.375		1
491.5		1
491.625		1
491.75		1
491.875		1
492		1
492.125		1
492.25		1
492.375		1
492.5		1
492.625		1
492.75		1
492.875		1
493		1
493.125		1
493.25		1
493.375		1
493.5		1
493.625		1
493.75		1
493.875		1
494		1
494.125		1
494.25		1
494.375		1
494.5		1
494.625		1
494.75		1
494.875		1
495		1
495.125		1
495.25		1
495.375		1
495.5		1
495.625		1
495.75		1
495.875		1
496		1
496.125		1
496.25		1
496.375		1
496.5		1
496.625		1
496.75		1
496.875		1
497		1
497.125		1
497.25		1
497.375		1
497.5		1
497.625		1
497.75		1
497.875		1
498		1
498.125		1
498.25		1
498.375		1
498.5		1
498.625		1
498.75		1
498.875		1
499		1
499.125		1
499.25		1
499.375		1
499.5		1
499.625		1
499.75		1
499.875		1
500		1
