# Calibration file of tamex_id 0 @ channel 28
# fine_T bin		 Calibration value
0.125		0
0.25		0
0.375		0
0.5		0
0.625		0
0.75		0
0.875		0
1		0
1.125		0
1.25		0
1.375		0
1.5		0
1.625		0
1.75		0
1.875		0
2		0
2.125		0
2.25		0
2.375		0
2.5		0
2.625		0
2.75		0
2.875		0
3		0
3.125		0
3.25		0
3.375		0
3.5		0
3.625		0
3.75		0
3.875		0
4		0
4.125		0
4.25		0
4.375		0
4.5		0
4.625		0
4.75		0
4.875		0
5		0
5.125		0
5.25		0
5.375		0
5.5		0
5.625		0
5.75		0
5.875		0
6		0
6.125		0
6.25		0
6.375		0
6.5		0
6.625		0
6.75		0
6.875		0
7		0
7.125		0
7.25		0
7.375		0
7.5		0
7.625		0
7.75		0
7.875		0
8		0
8.125		0
8.25		0
8.375		0
8.5		0
8.625		0
8.75		0
8.875		0
9		0
9.125		0
9.25		0
9.375		0
9.5		0
9.625		0
9.75		0
9.875		0
10		0
10.125		0
10.25		0
10.375		0
10.5		0
10.625		0
10.75		0
10.875		0
11		0
11.125		0
11.25		0
11.375		0
11.5		0
11.625		0
11.75		0
11.875		0
12		0
12.125		0
12.25		0
12.375		0
12.5		0
12.625		0
12.75		0
12.875		0
13		0
13.125		0
13.25		0
13.375		0
13.5		0
13.625		0
13.75		0
13.875		0
14		0
14.125		0
14.25		0
14.375		0
14.5		0
14.625		0
14.75		0
14.875		0
15		0
15.125		0
15.25		0
15.375		0
15.5		0
15.625		0
15.75		0
15.875		0
16		0
16.125		0
16.25		0
16.375		0
16.5		0
16.625		0
16.75		0
16.875		0
17		0
17.125		0
17.25		0
17.375		0
17.5		0
17.625		0
17.75		0
17.875		0
18		0
18.125		0
18.25		0
18.375		0
18.5		0
18.625		0
18.75		0
18.875		0
19		0
19.125		0
19.25		0
19.375		0
19.5		0
19.625		0
19.75		0
19.875		0
20		0
20.125		0
20.25		0
20.375		0
20.5		0
20.625		0
20.75		0
20.875		0
21		0
21.125		0
21.25		0
21.375		0
21.5		0
21.625		0
21.75		0
21.875		0
22		0
22.125		0
22.25		0
22.375		0
22.5		0
22.625		0
22.75		0
22.875		0
23		0
23.125		0
23.25		0
23.375		0
23.5		0
23.625		0
23.75		0
23.875		0
24		0
24.125		0
24.25		0
24.375		0
24.5		0
24.625		0
24.75		0
24.875		0
25		0
25.125		0
25.25		0
25.375		0
25.5		0
25.625		0
25.75		0
25.875		0
26		0
26.125		0
26.25		0
26.375		0
26.5		0
26.625		0
26.75		0
26.875		0
27		0
27.125		0
27.25		0
27.375		0
27.5		0
27.625		0
27.75		0
27.875		0
28		0
28.125		0
28.25		0
28.375		0
28.5		0
28.625		0
28.75		0
28.875		0
29		0
29.125		0
29.25		0
29.375		0
29.5		0
29.625		0
29.75		0
29.875		0
30		0
30.125		0
30.25		0
30.375		0
30.5		0
30.625		0
30.75		0
30.875		0
31		0
31.125		0
31.25		0
31.375		0
31.5		0
31.625		0
31.75		0
31.875		0
32		0
32.125		0
32.25		0
32.375		0
32.5		0
32.625		0
32.75		0
32.875		0
33		0
33.125		0.0298507
33.25		0.0298507
33.375		0.0298507
33.5		0.0298507
33.625		0.0298507
33.75		0.0298507
33.875		0.0298507
34		0.0298507
34.125		0.0298507
34.25		0.0298507
34.375		0.0298507
34.5		0.0298507
34.625		0.0298507
34.75		0.0298507
34.875		0.0298507
35		0.0298507
35.125		0.0298507
35.25		0.0298507
35.375		0.0298507
35.5		0.0298507
35.625		0.0298507
35.75		0.0298507
35.875		0.0298507
36		0.0298507
36.125		0.0298507
36.25		0.0298507
36.375		0.0298507
36.5		0.0298507
36.625		0.0298507
36.75		0.0298507
36.875		0.0298507
37		0.0298507
37.125		0.0298507
37.25		0.0298507
37.375		0.0298507
37.5		0.0298507
37.625		0.0298507
37.75		0.0298507
37.875		0.0298507
38		0.0298507
38.125		0.0447761
38.25		0.0447761
38.375		0.0447761
38.5		0.0447761
38.625		0.0447761
38.75		0.0447761
38.875		0.0447761
39		0.0447761
39.125		0.0597015
39.25		0.0597015
39.375		0.0597015
39.5		0.0597015
39.625		0.0597015
39.75		0.0597015
39.875		0.0597015
40		0.0597015
40.125		0.0597015
40.25		0.0597015
40.375		0.0597015
40.5		0.0597015
40.625		0.0597015
40.75		0.0597015
40.875		0.0597015
41		0.0597015
41.125		0.0895522
41.25		0.0895522
41.375		0.0895522
41.5		0.0895522
41.625		0.0895522
41.75		0.0895522
41.875		0.0895522
42		0.0895522
42.125		0.0895522
42.25		0.0895522
42.375		0.0895522
42.5		0.0895522
42.625		0.0895522
42.75		0.0895522
42.875		0.0895522
43		0.0895522
43.125		0.0895522
43.25		0.0895522
43.375		0.0895522
43.5		0.0895522
43.625		0.0895522
43.75		0.0895522
43.875		0.0895522
44		0.0895522
44.125		0.0895522
44.25		0.0895522
44.375		0.0895522
44.5		0.0895522
44.625		0.0895522
44.75		0.0895522
44.875		0.0895522
45		0.0895522
45.125		0.0895522
45.25		0.0895522
45.375		0.0895522
45.5		0.0895522
45.625		0.0895522
45.75		0.0895522
45.875		0.0895522
46		0.0895522
46.125		0.0895522
46.25		0.0895522
46.375		0.0895522
46.5		0.0895522
46.625		0.0895522
46.75		0.0895522
46.875		0.0895522
47		0.0895522
47.125		0.104478
47.25		0.104478
47.375		0.104478
47.5		0.104478
47.625		0.104478
47.75		0.104478
47.875		0.104478
48		0.104478
48.125		0.104478
48.25		0.104478
48.375		0.104478
48.5		0.104478
48.625		0.104478
48.75		0.104478
48.875		0.104478
49		0.104478
49.125		0.104478
49.25		0.104478
49.375		0.104478
49.5		0.104478
49.625		0.104478
49.75		0.104478
49.875		0.104478
50		0.104478
50.125		0.119403
50.25		0.119403
50.375		0.119403
50.5		0.119403
50.625		0.119403
50.75		0.119403
50.875		0.119403
51		0.119403
51.125		0.119403
51.25		0.119403
51.375		0.119403
51.5		0.119403
51.625		0.119403
51.75		0.119403
51.875		0.119403
52		0.119403
52.125		0.119403
52.25		0.119403
52.375		0.119403
52.5		0.119403
52.625		0.119403
52.75		0.119403
52.875		0.119403
53		0.119403
53.125		0.119403
53.25		0.119403
53.375		0.119403
53.5		0.119403
53.625		0.119403
53.75		0.119403
53.875		0.119403
54		0.119403
54.125		0.119403
54.25		0.119403
54.375		0.119403
54.5		0.119403
54.625		0.119403
54.75		0.119403
54.875		0.119403
55		0.119403
55.125		0.119403
55.25		0.119403
55.375		0.119403
55.5		0.119403
55.625		0.119403
55.75		0.119403
55.875		0.119403
56		0.119403
56.125		0.119403
56.25		0.119403
56.375		0.119403
56.5		0.119403
56.625		0.119403
56.75		0.119403
56.875		0.119403
57		0.119403
57.125		0.119403
57.25		0.119403
57.375		0.119403
57.5		0.119403
57.625		0.119403
57.75		0.119403
57.875		0.119403
58		0.119403
58.125		0.119403
58.25		0.119403
58.375		0.119403
58.5		0.119403
58.625		0.119403
58.75		0.119403
58.875		0.119403
59		0.119403
59.125		0.119403
59.25		0.119403
59.375		0.119403
59.5		0.119403
59.625		0.119403
59.75		0.119403
59.875		0.119403
60		0.119403
60.125		0.119403
60.25		0.119403
60.375		0.119403
60.5		0.119403
60.625		0.119403
60.75		0.119403
60.875		0.119403
61		0.119403
61.125		0.134328
61.25		0.134328
61.375		0.134328
61.5		0.134328
61.625		0.134328
61.75		0.134328
61.875		0.134328
62		0.134328
62.125		0.149254
62.25		0.149254
62.375		0.149254
62.5		0.149254
62.625		0.149254
62.75		0.149254
62.875		0.149254
63		0.149254
63.125		0.149254
63.25		0.149254
63.375		0.149254
63.5		0.149254
63.625		0.149254
63.75		0.149254
63.875		0.149254
64		0.149254
64.125		0.149254
64.25		0.149254
64.375		0.149254
64.5		0.149254
64.625		0.149254
64.75		0.149254
64.875		0.149254
65		0.149254
65.125		0.149254
65.25		0.149254
65.375		0.149254
65.5		0.149254
65.625		0.149254
65.75		0.149254
65.875		0.149254
66		0.149254
66.125		0.149254
66.25		0.149254
66.375		0.149254
66.5		0.149254
66.625		0.149254
66.75		0.149254
66.875		0.149254
67		0.149254
67.125		0.149254
67.25		0.149254
67.375		0.149254
67.5		0.149254
67.625		0.149254
67.75		0.149254
67.875		0.149254
68		0.149254
68.125		0.149254
68.25		0.149254
68.375		0.149254
68.5		0.149254
68.625		0.149254
68.75		0.149254
68.875		0.149254
69		0.149254
69.125		0.149254
69.25		0.149254
69.375		0.149254
69.5		0.149254
69.625		0.149254
69.75		0.149254
69.875		0.149254
70		0.149254
70.125		0.149254
70.25		0.149254
70.375		0.149254
70.5		0.149254
70.625		0.149254
70.75		0.149254
70.875		0.149254
71		0.149254
71.125		0.149254
71.25		0.149254
71.375		0.149254
71.5		0.149254
71.625		0.149254
71.75		0.149254
71.875		0.149254
72		0.149254
72.125		0.149254
72.25		0.149254
72.375		0.149254
72.5		0.149254
72.625		0.149254
72.75		0.149254
72.875		0.149254
73		0.149254
73.125		0.164179
73.25		0.164179
73.375		0.164179
73.5		0.164179
73.625		0.164179
73.75		0.164179
73.875		0.164179
74		0.164179
74.125		0.164179
74.25		0.164179
74.375		0.164179
74.5		0.164179
74.625		0.164179
74.75		0.164179
74.875		0.164179
75		0.164179
75.125		0.164179
75.25		0.164179
75.375		0.164179
75.5		0.164179
75.625		0.164179
75.75		0.164179
75.875		0.164179
76		0.164179
76.125		0.164179
76.25		0.164179
76.375		0.164179
76.5		0.164179
76.625		0.164179
76.75		0.164179
76.875		0.164179
77		0.164179
77.125		0.164179
77.25		0.164179
77.375		0.164179
77.5		0.164179
77.625		0.164179
77.75		0.164179
77.875		0.164179
78		0.164179
78.125		0.164179
78.25		0.164179
78.375		0.164179
78.5		0.164179
78.625		0.164179
78.75		0.164179
78.875		0.164179
79		0.164179
79.125		0.164179
79.25		0.164179
79.375		0.164179
79.5		0.164179
79.625		0.164179
79.75		0.164179
79.875		0.164179
80		0.164179
80.125		0.179104
80.25		0.179104
80.375		0.179104
80.5		0.179104
80.625		0.179104
80.75		0.179104
80.875		0.179104
81		0.179104
81.125		0.179104
81.25		0.179104
81.375		0.179104
81.5		0.179104
81.625		0.179104
81.75		0.179104
81.875		0.179104
82		0.179104
82.125		0.19403
82.25		0.19403
82.375		0.19403
82.5		0.19403
82.625		0.19403
82.75		0.19403
82.875		0.19403
83		0.19403
83.125		0.19403
83.25		0.19403
83.375		0.19403
83.5		0.19403
83.625		0.19403
83.75		0.19403
83.875		0.19403
84		0.19403
84.125		0.208955
84.25		0.208955
84.375		0.208955
84.5		0.208955
84.625		0.208955
84.75		0.208955
84.875		0.208955
85		0.208955
85.125		0.223881
85.25		0.223881
85.375		0.223881
85.5		0.223881
85.625		0.223881
85.75		0.223881
85.875		0.223881
86		0.223881
86.125		0.223881
86.25		0.223881
86.375		0.223881
86.5		0.223881
86.625		0.223881
86.75		0.223881
86.875		0.223881
87		0.223881
87.125		0.223881
87.25		0.223881
87.375		0.223881
87.5		0.223881
87.625		0.223881
87.75		0.223881
87.875		0.223881
88		0.223881
88.125		0.223881
88.25		0.223881
88.375		0.223881
88.5		0.223881
88.625		0.223881
88.75		0.223881
88.875		0.223881
89		0.223881
89.125		0.223881
89.25		0.223881
89.375		0.223881
89.5		0.223881
89.625		0.223881
89.75		0.223881
89.875		0.223881
90		0.223881
90.125		0.223881
90.25		0.223881
90.375		0.223881
90.5		0.223881
90.625		0.223881
90.75		0.223881
90.875		0.223881
91		0.223881
91.125		0.223881
91.25		0.223881
91.375		0.223881
91.5		0.223881
91.625		0.223881
91.75		0.223881
91.875		0.223881
92		0.223881
92.125		0.223881
92.25		0.223881
92.375		0.223881
92.5		0.223881
92.625		0.223881
92.75		0.223881
92.875		0.223881
93		0.223881
93.125		0.238806
93.25		0.238806
93.375		0.238806
93.5		0.238806
93.625		0.238806
93.75		0.238806
93.875		0.238806
94		0.238806
94.125		0.253731
94.25		0.253731
94.375		0.253731
94.5		0.253731
94.625		0.253731
94.75		0.253731
94.875		0.253731
95		0.253731
95.125		0.253731
95.25		0.253731
95.375		0.253731
95.5		0.253731
95.625		0.253731
95.75		0.253731
95.875		0.253731
96		0.253731
96.125		0.253731
96.25		0.253731
96.375		0.253731
96.5		0.253731
96.625		0.253731
96.75		0.253731
96.875		0.253731
97		0.253731
97.125		0.253731
97.25		0.253731
97.375		0.253731
97.5		0.253731
97.625		0.253731
97.75		0.253731
97.875		0.253731
98		0.253731
98.125		0.253731
98.25		0.253731
98.375		0.253731
98.5		0.253731
98.625		0.253731
98.75		0.253731
98.875		0.253731
99		0.253731
99.125		0.253731
99.25		0.253731
99.375		0.253731
99.5		0.253731
99.625		0.253731
99.75		0.253731
99.875		0.253731
100		0.253731
100.125		0.253731
100.25		0.253731
100.375		0.253731
100.5		0.253731
100.625		0.253731
100.75		0.253731
100.875		0.253731
101		0.253731
101.125		0.253731
101.25		0.253731
101.375		0.253731
101.5		0.253731
101.625		0.253731
101.75		0.253731
101.875		0.253731
102		0.253731
102.125		0.253731
102.25		0.253731
102.375		0.253731
102.5		0.253731
102.625		0.253731
102.75		0.253731
102.875		0.253731
103		0.253731
103.125		0.253731
103.25		0.253731
103.375		0.253731
103.5		0.253731
103.625		0.253731
103.75		0.253731
103.875		0.253731
104		0.253731
104.125		0.253731
104.25		0.253731
104.375		0.253731
104.5		0.253731
104.625		0.253731
104.75		0.253731
104.875		0.253731
105		0.253731
105.125		0.253731
105.25		0.253731
105.375		0.253731
105.5		0.253731
105.625		0.253731
105.75		0.253731
105.875		0.253731
106		0.253731
106.125		0.268657
106.25		0.268657
106.375		0.268657
106.5		0.268657
106.625		0.268657
106.75		0.268657
106.875		0.268657
107		0.268657
107.125		0.268657
107.25		0.268657
107.375		0.268657
107.5		0.268657
107.625		0.268657
107.75		0.268657
107.875		0.268657
108		0.268657
108.125		0.268657
108.25		0.268657
108.375		0.268657
108.5		0.268657
108.625		0.268657
108.75		0.268657
108.875		0.268657
109		0.268657
109.125		0.268657
109.25		0.268657
109.375		0.268657
109.5		0.268657
109.625		0.268657
109.75		0.268657
109.875		0.268657
110		0.268657
110.125		0.268657
110.25		0.268657
110.375		0.268657
110.5		0.268657
110.625		0.268657
110.75		0.268657
110.875		0.268657
111		0.268657
111.125		0.268657
111.25		0.268657
111.375		0.268657
111.5		0.268657
111.625		0.268657
111.75		0.268657
111.875		0.268657
112		0.268657
112.125		0.268657
112.25		0.268657
112.375		0.268657
112.5		0.268657
112.625		0.268657
112.75		0.268657
112.875		0.268657
113		0.268657
113.125		0.268657
113.25		0.268657
113.375		0.268657
113.5		0.268657
113.625		0.268657
113.75		0.268657
113.875		0.268657
114		0.268657
114.125		0.268657
114.25		0.268657
114.375		0.268657
114.5		0.268657
114.625		0.268657
114.75		0.268657
114.875		0.268657
115		0.268657
115.125		0.268657
115.25		0.268657
115.375		0.268657
115.5		0.268657
115.625		0.268657
115.75		0.268657
115.875		0.268657
116		0.268657
116.125		0.268657
116.25		0.268657
116.375		0.268657
116.5		0.268657
116.625		0.268657
116.75		0.268657
116.875		0.268657
117		0.268657
117.125		0.268657
117.25		0.268657
117.375		0.268657
117.5		0.268657
117.625		0.268657
117.75		0.268657
117.875		0.268657
118		0.268657
118.125		0.268657
118.25		0.268657
118.375		0.268657
118.5		0.268657
118.625		0.268657
118.75		0.268657
118.875		0.268657
119		0.268657
119.125		0.283582
119.25		0.283582
119.375		0.283582
119.5		0.283582
119.625		0.283582
119.75		0.283582
119.875		0.283582
120		0.283582
120.125		0.283582
120.25		0.283582
120.375		0.283582
120.5		0.283582
120.625		0.283582
120.75		0.283582
120.875		0.283582
121		0.283582
121.125		0.283582
121.25		0.283582
121.375		0.283582
121.5		0.283582
121.625		0.283582
121.75		0.283582
121.875		0.283582
122		0.283582
122.125		0.283582
122.25		0.283582
122.375		0.283582
122.5		0.283582
122.625		0.283582
122.75		0.283582
122.875		0.283582
123		0.283582
123.125		0.283582
123.25		0.283582
123.375		0.283582
123.5		0.283582
123.625		0.283582
123.75		0.283582
123.875		0.283582
124		0.283582
124.125		0.283582
124.25		0.283582
124.375		0.283582
124.5		0.283582
124.625		0.283582
124.75		0.283582
124.875		0.283582
125		0.283582
125.125		0.283582
125.25		0.283582
125.375		0.283582
125.5		0.283582
125.625		0.283582
125.75		0.283582
125.875		0.283582
126		0.283582
126.125		0.283582
126.25		0.283582
126.375		0.283582
126.5		0.283582
126.625		0.283582
126.75		0.283582
126.875		0.283582
127		0.283582
127.125		0.283582
127.25		0.283582
127.375		0.283582
127.5		0.283582
127.625		0.283582
127.75		0.283582
127.875		0.283582
128		0.283582
128.125		0.283582
128.25		0.283582
128.375		0.283582
128.5		0.283582
128.625		0.283582
128.75		0.283582
128.875		0.283582
129		0.283582
129.125		0.283582
129.25		0.283582
129.375		0.283582
129.5		0.283582
129.625		0.283582
129.75		0.283582
129.875		0.283582
130		0.283582
130.125		0.283582
130.25		0.283582
130.375		0.283582
130.5		0.283582
130.625		0.283582
130.75		0.283582
130.875		0.283582
131		0.283582
131.125		0.283582
131.25		0.283582
131.375		0.283582
131.5		0.283582
131.625		0.283582
131.75		0.283582
131.875		0.283582
132		0.283582
132.125		0.283582
132.25		0.283582
132.375		0.283582
132.5		0.283582
132.625		0.283582
132.75		0.283582
132.875		0.283582
133		0.283582
133.125		0.283582
133.25		0.283582
133.375		0.283582
133.5		0.283582
133.625		0.283582
133.75		0.283582
133.875		0.283582
134		0.283582
134.125		0.283582
134.25		0.283582
134.375		0.283582
134.5		0.283582
134.625		0.283582
134.75		0.283582
134.875		0.283582
135		0.283582
135.125		0.283582
135.25		0.283582
135.375		0.283582
135.5		0.283582
135.625		0.283582
135.75		0.283582
135.875		0.283582
136		0.283582
136.125		0.283582
136.25		0.283582
136.375		0.283582
136.5		0.283582
136.625		0.283582
136.75		0.283582
136.875		0.283582
137		0.283582
137.125		0.283582
137.25		0.283582
137.375		0.283582
137.5		0.283582
137.625		0.283582
137.75		0.283582
137.875		0.283582
138		0.283582
138.125		0.283582
138.25		0.283582
138.375		0.283582
138.5		0.283582
138.625		0.283582
138.75		0.283582
138.875		0.283582
139		0.283582
139.125		0.283582
139.25		0.283582
139.375		0.283582
139.5		0.283582
139.625		0.283582
139.75		0.283582
139.875		0.283582
140		0.283582
140.125		0.298507
140.25		0.298507
140.375		0.298507
140.5		0.298507
140.625		0.298507
140.75		0.298507
140.875		0.298507
141		0.298507
141.125		0.298507
141.25		0.298507
141.375		0.298507
141.5		0.298507
141.625		0.298507
141.75		0.298507
141.875		0.298507
142		0.298507
142.125		0.313433
142.25		0.313433
142.375		0.313433
142.5		0.313433
142.625		0.313433
142.75		0.313433
142.875		0.313433
143		0.313433
143.125		0.328358
143.25		0.328358
143.375		0.328358
143.5		0.328358
143.625		0.328358
143.75		0.328358
143.875		0.328358
144		0.328358
144.125		0.328358
144.25		0.328358
144.375		0.328358
144.5		0.328358
144.625		0.328358
144.75		0.328358
144.875		0.328358
145		0.328358
145.125		0.328358
145.25		0.328358
145.375		0.328358
145.5		0.328358
145.625		0.328358
145.75		0.328358
145.875		0.328358
146		0.328358
146.125		0.328358
146.25		0.328358
146.375		0.328358
146.5		0.328358
146.625		0.328358
146.75		0.328358
146.875		0.328358
147		0.328358
147.125		0.343284
147.25		0.343284
147.375		0.343284
147.5		0.343284
147.625		0.343284
147.75		0.343284
147.875		0.343284
148		0.343284
148.125		0.343284
148.25		0.343284
148.375		0.343284
148.5		0.343284
148.625		0.343284
148.75		0.343284
148.875		0.343284
149		0.343284
149.125		0.343284
149.25		0.343284
149.375		0.343284
149.5		0.343284
149.625		0.343284
149.75		0.343284
149.875		0.343284
150		0.343284
150.125		0.343284
150.25		0.343284
150.375		0.343284
150.5		0.343284
150.625		0.343284
150.75		0.343284
150.875		0.343284
151		0.343284
151.125		0.343284
151.25		0.343284
151.375		0.343284
151.5		0.343284
151.625		0.343284
151.75		0.343284
151.875		0.343284
152		0.343284
152.125		0.343284
152.25		0.343284
152.375		0.343284
152.5		0.343284
152.625		0.343284
152.75		0.343284
152.875		0.343284
153		0.343284
153.125		0.343284
153.25		0.343284
153.375		0.343284
153.5		0.343284
153.625		0.343284
153.75		0.343284
153.875		0.343284
154		0.343284
154.125		0.343284
154.25		0.343284
154.375		0.343284
154.5		0.343284
154.625		0.343284
154.75		0.343284
154.875		0.343284
155		0.343284
155.125		0.343284
155.25		0.343284
155.375		0.343284
155.5		0.343284
155.625		0.343284
155.75		0.343284
155.875		0.343284
156		0.343284
156.125		0.343284
156.25		0.343284
156.375		0.343284
156.5		0.343284
156.625		0.343284
156.75		0.343284
156.875		0.343284
157		0.343284
157.125		0.343284
157.25		0.343284
157.375		0.343284
157.5		0.343284
157.625		0.343284
157.75		0.343284
157.875		0.343284
158		0.343284
158.125		0.343284
158.25		0.343284
158.375		0.343284
158.5		0.343284
158.625		0.343284
158.75		0.343284
158.875		0.343284
159		0.343284
159.125		0.343284
159.25		0.343284
159.375		0.343284
159.5		0.343284
159.625		0.343284
159.75		0.343284
159.875		0.343284
160		0.343284
160.125		0.343284
160.25		0.343284
160.375		0.343284
160.5		0.343284
160.625		0.343284
160.75		0.343284
160.875		0.343284
161		0.343284
161.125		0.343284
161.25		0.343284
161.375		0.343284
161.5		0.343284
161.625		0.343284
161.75		0.343284
161.875		0.343284
162		0.343284
162.125		0.343284
162.25		0.343284
162.375		0.343284
162.5		0.343284
162.625		0.343284
162.75		0.343284
162.875		0.343284
163		0.343284
163.125		0.343284
163.25		0.343284
163.375		0.343284
163.5		0.343284
163.625		0.343284
163.75		0.343284
163.875		0.343284
164		0.343284
164.125		0.343284
164.25		0.343284
164.375		0.343284
164.5		0.343284
164.625		0.343284
164.75		0.343284
164.875		0.343284
165		0.343284
165.125		0.343284
165.25		0.343284
165.375		0.343284
165.5		0.343284
165.625		0.343284
165.75		0.343284
165.875		0.343284
166		0.343284
166.125		0.343284
166.25		0.343284
166.375		0.343284
166.5		0.343284
166.625		0.343284
166.75		0.343284
166.875		0.343284
167		0.343284
167.125		0.343284
167.25		0.343284
167.375		0.343284
167.5		0.343284
167.625		0.343284
167.75		0.343284
167.875		0.343284
168		0.343284
168.125		0.343284
168.25		0.343284
168.375		0.343284
168.5		0.343284
168.625		0.343284
168.75		0.343284
168.875		0.343284
169		0.343284
169.125		0.343284
169.25		0.343284
169.375		0.343284
169.5		0.343284
169.625		0.343284
169.75		0.343284
169.875		0.343284
170		0.343284
170.125		0.343284
170.25		0.343284
170.375		0.343284
170.5		0.343284
170.625		0.343284
170.75		0.343284
170.875		0.343284
171		0.343284
171.125		0.343284
171.25		0.343284
171.375		0.343284
171.5		0.343284
171.625		0.343284
171.75		0.343284
171.875		0.343284
172		0.343284
172.125		0.343284
172.25		0.343284
172.375		0.343284
172.5		0.343284
172.625		0.343284
172.75		0.343284
172.875		0.343284
173		0.343284
173.125		0.343284
173.25		0.343284
173.375		0.343284
173.5		0.343284
173.625		0.343284
173.75		0.343284
173.875		0.343284
174		0.343284
174.125		0.343284
174.25		0.343284
174.375		0.343284
174.5		0.343284
174.625		0.343284
174.75		0.343284
174.875		0.343284
175		0.343284
175.125		0.343284
175.25		0.343284
175.375		0.343284
175.5		0.343284
175.625		0.343284
175.75		0.343284
175.875		0.343284
176		0.343284
176.125		0.358209
176.25		0.358209
176.375		0.358209
176.5		0.358209
176.625		0.358209
176.75		0.358209
176.875		0.358209
177		0.358209
177.125		0.358209
177.25		0.358209
177.375		0.358209
177.5		0.358209
177.625		0.358209
177.75		0.358209
177.875		0.358209
178		0.358209
178.125		0.358209
178.25		0.358209
178.375		0.358209
178.5		0.358209
178.625		0.358209
178.75		0.358209
178.875		0.358209
179		0.358209
179.125		0.358209
179.25		0.358209
179.375		0.358209
179.5		0.358209
179.625		0.358209
179.75		0.358209
179.875		0.358209
180		0.358209
180.125		0.358209
180.25		0.358209
180.375		0.358209
180.5		0.358209
180.625		0.358209
180.75		0.358209
180.875		0.358209
181		0.358209
181.125		0.358209
181.25		0.358209
181.375		0.358209
181.5		0.358209
181.625		0.358209
181.75		0.358209
181.875		0.358209
182		0.358209
182.125		0.358209
182.25		0.358209
182.375		0.358209
182.5		0.358209
182.625		0.358209
182.75		0.358209
182.875		0.358209
183		0.358209
183.125		0.358209
183.25		0.358209
183.375		0.358209
183.5		0.358209
183.625		0.358209
183.75		0.358209
183.875		0.358209
184		0.358209
184.125		0.38806
184.25		0.38806
184.375		0.38806
184.5		0.38806
184.625		0.38806
184.75		0.38806
184.875		0.38806
185		0.38806
185.125		0.402985
185.25		0.402985
185.375		0.402985
185.5		0.402985
185.625		0.402985
185.75		0.402985
185.875		0.402985
186		0.402985
186.125		0.402985
186.25		0.402985
186.375		0.402985
186.5		0.402985
186.625		0.402985
186.75		0.402985
186.875		0.402985
187		0.402985
187.125		0.402985
187.25		0.402985
187.375		0.402985
187.5		0.402985
187.625		0.402985
187.75		0.402985
187.875		0.402985
188		0.402985
188.125		0.402985
188.25		0.402985
188.375		0.402985
188.5		0.402985
188.625		0.402985
188.75		0.402985
188.875		0.402985
189		0.402985
189.125		0.402985
189.25		0.402985
189.375		0.402985
189.5		0.402985
189.625		0.402985
189.75		0.402985
189.875		0.402985
190		0.402985
190.125		0.402985
190.25		0.402985
190.375		0.402985
190.5		0.402985
190.625		0.402985
190.75		0.402985
190.875		0.402985
191		0.402985
191.125		0.402985
191.25		0.402985
191.375		0.402985
191.5		0.402985
191.625		0.402985
191.75		0.402985
191.875		0.402985
192		0.402985
192.125		0.41791
192.25		0.41791
192.375		0.41791
192.5		0.41791
192.625		0.41791
192.75		0.41791
192.875		0.41791
193		0.41791
193.125		0.41791
193.25		0.41791
193.375		0.41791
193.5		0.41791
193.625		0.41791
193.75		0.41791
193.875		0.41791
194		0.41791
194.125		0.41791
194.25		0.41791
194.375		0.41791
194.5		0.41791
194.625		0.41791
194.75		0.41791
194.875		0.41791
195		0.41791
195.125		0.41791
195.25		0.41791
195.375		0.41791
195.5		0.41791
195.625		0.41791
195.75		0.41791
195.875		0.41791
196		0.41791
196.125		0.41791
196.25		0.41791
196.375		0.41791
196.5		0.41791
196.625		0.41791
196.75		0.41791
196.875		0.41791
197		0.41791
197.125		0.41791
197.25		0.41791
197.375		0.41791
197.5		0.41791
197.625		0.41791
197.75		0.41791
197.875		0.41791
198		0.41791
198.125		0.41791
198.25		0.41791
198.375		0.41791
198.5		0.41791
198.625		0.41791
198.75		0.41791
198.875		0.41791
199		0.41791
199.125		0.41791
199.25		0.41791
199.375		0.41791
199.5		0.41791
199.625		0.41791
199.75		0.41791
199.875		0.41791
200		0.41791
200.125		0.41791
200.25		0.41791
200.375		0.41791
200.5		0.41791
200.625		0.41791
200.75		0.41791
200.875		0.41791
201		0.41791
201.125		0.447761
201.25		0.447761
201.375		0.447761
201.5		0.447761
201.625		0.447761
201.75		0.447761
201.875		0.447761
202		0.447761
202.125		0.447761
202.25		0.447761
202.375		0.447761
202.5		0.447761
202.625		0.447761
202.75		0.447761
202.875		0.447761
203		0.447761
203.125		0.447761
203.25		0.447761
203.375		0.447761
203.5		0.447761
203.625		0.447761
203.75		0.447761
203.875		0.447761
204		0.447761
204.125		0.447761
204.25		0.447761
204.375		0.447761
204.5		0.447761
204.625		0.447761
204.75		0.447761
204.875		0.447761
205		0.447761
205.125		0.447761
205.25		0.447761
205.375		0.447761
205.5		0.447761
205.625		0.447761
205.75		0.447761
205.875		0.447761
206		0.447761
206.125		0.447761
206.25		0.447761
206.375		0.447761
206.5		0.447761
206.625		0.447761
206.75		0.447761
206.875		0.447761
207		0.447761
207.125		0.447761
207.25		0.447761
207.375		0.447761
207.5		0.447761
207.625		0.447761
207.75		0.447761
207.875		0.447761
208		0.447761
208.125		0.447761
208.25		0.447761
208.375		0.447761
208.5		0.447761
208.625		0.447761
208.75		0.447761
208.875		0.447761
209		0.447761
209.125		0.462687
209.25		0.462687
209.375		0.462687
209.5		0.462687
209.625		0.462687
209.75		0.462687
209.875		0.462687
210		0.462687
210.125		0.462687
210.25		0.462687
210.375		0.462687
210.5		0.462687
210.625		0.462687
210.75		0.462687
210.875		0.462687
211		0.462687
211.125		0.462687
211.25		0.462687
211.375		0.462687
211.5		0.462687
211.625		0.462687
211.75		0.462687
211.875		0.462687
212		0.462687
212.125		0.462687
212.25		0.462687
212.375		0.462687
212.5		0.462687
212.625		0.462687
212.75		0.462687
212.875		0.462687
213		0.462687
213.125		0.462687
213.25		0.462687
213.375		0.462687
213.5		0.462687
213.625		0.462687
213.75		0.462687
213.875		0.462687
214		0.462687
214.125		0.462687
214.25		0.462687
214.375		0.462687
214.5		0.462687
214.625		0.462687
214.75		0.462687
214.875		0.462687
215		0.462687
215.125		0.462687
215.25		0.462687
215.375		0.462687
215.5		0.462687
215.625		0.462687
215.75		0.462687
215.875		0.462687
216		0.462687
216.125		0.462687
216.25		0.462687
216.375		0.462687
216.5		0.462687
216.625		0.462687
216.75		0.462687
216.875		0.462687
217		0.462687
217.125		0.462687
217.25		0.462687
217.375		0.462687
217.5		0.462687
217.625		0.462687
217.75		0.462687
217.875		0.462687
218		0.462687
218.125		0.462687
218.25		0.462687
218.375		0.462687
218.5		0.462687
218.625		0.462687
218.75		0.462687
218.875		0.462687
219		0.462687
219.125		0.462687
219.25		0.462687
219.375		0.462687
219.5		0.462687
219.625		0.462687
219.75		0.462687
219.875		0.462687
220		0.462687
220.125		0.462687
220.25		0.462687
220.375		0.462687
220.5		0.462687
220.625		0.462687
220.75		0.462687
220.875		0.462687
221		0.462687
221.125		0.462687
221.25		0.462687
221.375		0.462687
221.5		0.462687
221.625		0.462687
221.75		0.462687
221.875		0.462687
222		0.462687
222.125		0.462687
222.25		0.462687
222.375		0.462687
222.5		0.462687
222.625		0.462687
222.75		0.462687
222.875		0.462687
223		0.462687
223.125		0.477612
223.25		0.477612
223.375		0.477612
223.5		0.477612
223.625		0.477612
223.75		0.477612
223.875		0.477612
224		0.477612
224.125		0.477612
224.25		0.477612
224.375		0.477612
224.5		0.477612
224.625		0.477612
224.75		0.477612
224.875		0.477612
225		0.477612
225.125		0.477612
225.25		0.477612
225.375		0.477612
225.5		0.477612
225.625		0.477612
225.75		0.477612
225.875		0.477612
226		0.477612
226.125		0.477612
226.25		0.477612
226.375		0.477612
226.5		0.477612
226.625		0.477612
226.75		0.477612
226.875		0.477612
227		0.477612
227.125		0.477612
227.25		0.477612
227.375		0.477612
227.5		0.477612
227.625		0.477612
227.75		0.477612
227.875		0.477612
228		0.477612
228.125		0.477612
228.25		0.477612
228.375		0.477612
228.5		0.477612
228.625		0.477612
228.75		0.477612
228.875		0.477612
229		0.477612
229.125		0.477612
229.25		0.477612
229.375		0.477612
229.5		0.477612
229.625		0.477612
229.75		0.477612
229.875		0.477612
230		0.477612
230.125		0.477612
230.25		0.477612
230.375		0.477612
230.5		0.477612
230.625		0.477612
230.75		0.477612
230.875		0.477612
231		0.477612
231.125		0.477612
231.25		0.477612
231.375		0.477612
231.5		0.477612
231.625		0.477612
231.75		0.477612
231.875		0.477612
232		0.477612
232.125		0.477612
232.25		0.477612
232.375		0.477612
232.5		0.477612
232.625		0.477612
232.75		0.477612
232.875		0.477612
233		0.477612
233.125		0.477612
233.25		0.477612
233.375		0.477612
233.5		0.477612
233.625		0.477612
233.75		0.477612
233.875		0.477612
234		0.477612
234.125		0.477612
234.25		0.477612
234.375		0.477612
234.5		0.477612
234.625		0.477612
234.75		0.477612
234.875		0.477612
235		0.477612
235.125		0.477612
235.25		0.477612
235.375		0.477612
235.5		0.477612
235.625		0.477612
235.75		0.477612
235.875		0.477612
236		0.477612
236.125		0.477612
236.25		0.477612
236.375		0.477612
236.5		0.477612
236.625		0.477612
236.75		0.477612
236.875		0.477612
237		0.477612
237.125		0.477612
237.25		0.477612
237.375		0.477612
237.5		0.477612
237.625		0.477612
237.75		0.477612
237.875		0.477612
238		0.477612
238.125		0.477612
238.25		0.477612
238.375		0.477612
238.5		0.477612
238.625		0.477612
238.75		0.477612
238.875		0.477612
239		0.477612
239.125		0.477612
239.25		0.477612
239.375		0.477612
239.5		0.477612
239.625		0.477612
239.75		0.477612
239.875		0.477612
240		0.477612
240.125		0.492537
240.25		0.492537
240.375		0.492537
240.5		0.492537
240.625		0.492537
240.75		0.492537
240.875		0.492537
241		0.492537
241.125		0.492537
241.25		0.492537
241.375		0.492537
241.5		0.492537
241.625		0.492537
241.75		0.492537
241.875		0.492537
242		0.492537
242.125		0.492537
242.25		0.492537
242.375		0.492537
242.5		0.492537
242.625		0.492537
242.75		0.492537
242.875		0.492537
243		0.492537
243.125		0.492537
243.25		0.492537
243.375		0.492537
243.5		0.492537
243.625		0.492537
243.75		0.492537
243.875		0.492537
244		0.492537
244.125		0.507463
244.25		0.507463
244.375		0.507463
244.5		0.507463
244.625		0.507463
244.75		0.507463
244.875		0.507463
245		0.507463
245.125		0.507463
245.25		0.507463
245.375		0.507463
245.5		0.507463
245.625		0.507463
245.75		0.507463
245.875		0.507463
246		0.507463
246.125		0.507463
246.25		0.507463
246.375		0.507463
246.5		0.507463
246.625		0.507463
246.75		0.507463
246.875		0.507463
247		0.507463
247.125		0.507463
247.25		0.507463
247.375		0.507463
247.5		0.507463
247.625		0.507463
247.75		0.507463
247.875		0.507463
248		0.507463
248.125		0.537313
248.25		0.537313
248.375		0.537313
248.5		0.537313
248.625		0.537313
248.75		0.537313
248.875		0.537313
249		0.537313
249.125		0.537313
249.25		0.537313
249.375		0.537313
249.5		0.537313
249.625		0.537313
249.75		0.537313
249.875		0.537313
250		0.537313
250.125		0.537313
250.25		0.537313
250.375		0.537313
250.5		0.537313
250.625		0.537313
250.75		0.537313
250.875		0.537313
251		0.537313
251.125		0.537313
251.25		0.537313
251.375		0.537313
251.5		0.537313
251.625		0.537313
251.75		0.537313
251.875		0.537313
252		0.537313
252.125		0.537313
252.25		0.537313
252.375		0.537313
252.5		0.537313
252.625		0.537313
252.75		0.537313
252.875		0.537313
253		0.537313
253.125		0.537313
253.25		0.537313
253.375		0.537313
253.5		0.537313
253.625		0.537313
253.75		0.537313
253.875		0.537313
254		0.537313
254.125		0.537313
254.25		0.537313
254.375		0.537313
254.5		0.537313
254.625		0.537313
254.75		0.537313
254.875		0.537313
255		0.537313
255.125		0.537313
255.25		0.537313
255.375		0.537313
255.5		0.537313
255.625		0.537313
255.75		0.537313
255.875		0.537313
256		0.537313
256.125		0.537313
256.25		0.537313
256.375		0.537313
256.5		0.537313
256.625		0.537313
256.75		0.537313
256.875		0.537313
257		0.537313
257.125		0.537313
257.25		0.537313
257.375		0.537313
257.5		0.537313
257.625		0.537313
257.75		0.537313
257.875		0.537313
258		0.537313
258.125		0.552239
258.25		0.552239
258.375		0.552239
258.5		0.552239
258.625		0.552239
258.75		0.552239
258.875		0.552239
259		0.552239
259.125		0.552239
259.25		0.552239
259.375		0.552239
259.5		0.552239
259.625		0.552239
259.75		0.552239
259.875		0.552239
260		0.552239
260.125		0.552239
260.25		0.552239
260.375		0.552239
260.5		0.552239
260.625		0.552239
260.75		0.552239
260.875		0.552239
261		0.552239
261.125		0.552239
261.25		0.552239
261.375		0.552239
261.5		0.552239
261.625		0.552239
261.75		0.552239
261.875		0.552239
262		0.552239
262.125		0.552239
262.25		0.552239
262.375		0.552239
262.5		0.552239
262.625		0.552239
262.75		0.552239
262.875		0.552239
263		0.552239
263.125		0.552239
263.25		0.552239
263.375		0.552239
263.5		0.552239
263.625		0.552239
263.75		0.552239
263.875		0.552239
264		0.552239
264.125		0.552239
264.25		0.552239
264.375		0.552239
264.5		0.552239
264.625		0.552239
264.75		0.552239
264.875		0.552239
265		0.552239
265.125		0.552239
265.25		0.552239
265.375		0.552239
265.5		0.552239
265.625		0.552239
265.75		0.552239
265.875		0.552239
266		0.552239
266.125		0.552239
266.25		0.552239
266.375		0.552239
266.5		0.552239
266.625		0.552239
266.75		0.552239
266.875		0.552239
267		0.552239
267.125		0.552239
267.25		0.552239
267.375		0.552239
267.5		0.552239
267.625		0.552239
267.75		0.552239
267.875		0.552239
268		0.552239
268.125		0.552239
268.25		0.552239
268.375		0.552239
268.5		0.552239
268.625		0.552239
268.75		0.552239
268.875		0.552239
269		0.552239
269.125		0.552239
269.25		0.552239
269.375		0.552239
269.5		0.552239
269.625		0.552239
269.75		0.552239
269.875		0.552239
270		0.552239
270.125		0.552239
270.25		0.552239
270.375		0.552239
270.5		0.552239
270.625		0.552239
270.75		0.552239
270.875		0.552239
271		0.552239
271.125		0.552239
271.25		0.552239
271.375		0.552239
271.5		0.552239
271.625		0.552239
271.75		0.552239
271.875		0.552239
272		0.552239
272.125		0.552239
272.25		0.552239
272.375		0.552239
272.5		0.552239
272.625		0.552239
272.75		0.552239
272.875		0.552239
273		0.552239
273.125		0.552239
273.25		0.552239
273.375		0.552239
273.5		0.552239
273.625		0.552239
273.75		0.552239
273.875		0.552239
274		0.552239
274.125		0.552239
274.25		0.552239
274.375		0.552239
274.5		0.552239
274.625		0.552239
274.75		0.552239
274.875		0.552239
275		0.552239
275.125		0.552239
275.25		0.552239
275.375		0.552239
275.5		0.552239
275.625		0.552239
275.75		0.552239
275.875		0.552239
276		0.552239
276.125		0.552239
276.25		0.552239
276.375		0.552239
276.5		0.552239
276.625		0.552239
276.75		0.552239
276.875		0.552239
277		0.552239
277.125		0.552239
277.25		0.552239
277.375		0.552239
277.5		0.552239
277.625		0.552239
277.75		0.552239
277.875		0.552239
278		0.552239
278.125		0.567164
278.25		0.567164
278.375		0.567164
278.5		0.567164
278.625		0.567164
278.75		0.567164
278.875		0.567164
279		0.567164
279.125		0.567164
279.25		0.567164
279.375		0.567164
279.5		0.567164
279.625		0.567164
279.75		0.567164
279.875		0.567164
280		0.567164
280.125		0.567164
280.25		0.567164
280.375		0.567164
280.5		0.567164
280.625		0.567164
280.75		0.567164
280.875		0.567164
281		0.567164
281.125		0.567164
281.25		0.567164
281.375		0.567164
281.5		0.567164
281.625		0.567164
281.75		0.567164
281.875		0.567164
282		0.567164
282.125		0.567164
282.25		0.567164
282.375		0.567164
282.5		0.567164
282.625		0.567164
282.75		0.567164
282.875		0.567164
283		0.567164
283.125		0.567164
283.25		0.567164
283.375		0.567164
283.5		0.567164
283.625		0.567164
283.75		0.567164
283.875		0.567164
284		0.567164
284.125		0.567164
284.25		0.567164
284.375		0.567164
284.5		0.567164
284.625		0.567164
284.75		0.567164
284.875		0.567164
285		0.567164
285.125		0.567164
285.25		0.567164
285.375		0.567164
285.5		0.567164
285.625		0.567164
285.75		0.567164
285.875		0.567164
286		0.567164
286.125		0.567164
286.25		0.567164
286.375		0.567164
286.5		0.567164
286.625		0.567164
286.75		0.567164
286.875		0.567164
287		0.567164
287.125		0.567164
287.25		0.567164
287.375		0.567164
287.5		0.567164
287.625		0.567164
287.75		0.567164
287.875		0.567164
288		0.567164
288.125		0.58209
288.25		0.58209
288.375		0.58209
288.5		0.58209
288.625		0.58209
288.75		0.58209
288.875		0.58209
289		0.58209
289.125		0.58209
289.25		0.58209
289.375		0.58209
289.5		0.58209
289.625		0.58209
289.75		0.58209
289.875		0.58209
290		0.58209
290.125		0.58209
290.25		0.58209
290.375		0.58209
290.5		0.58209
290.625		0.58209
290.75		0.58209
290.875		0.58209
291		0.58209
291.125		0.58209
291.25		0.58209
291.375		0.58209
291.5		0.58209
291.625		0.58209
291.75		0.58209
291.875		0.58209
292		0.58209
292.125		0.58209
292.25		0.58209
292.375		0.58209
292.5		0.58209
292.625		0.58209
292.75		0.58209
292.875		0.58209
293		0.58209
293.125		0.58209
293.25		0.58209
293.375		0.58209
293.5		0.58209
293.625		0.58209
293.75		0.58209
293.875		0.58209
294		0.58209
294.125		0.58209
294.25		0.58209
294.375		0.58209
294.5		0.58209
294.625		0.58209
294.75		0.58209
294.875		0.58209
295		0.58209
295.125		0.58209
295.25		0.58209
295.375		0.58209
295.5		0.58209
295.625		0.58209
295.75		0.58209
295.875		0.58209
296		0.58209
296.125		0.58209
296.25		0.58209
296.375		0.58209
296.5		0.58209
296.625		0.58209
296.75		0.58209
296.875		0.58209
297		0.58209
297.125		0.58209
297.25		0.58209
297.375		0.58209
297.5		0.58209
297.625		0.58209
297.75		0.58209
297.875		0.58209
298		0.58209
298.125		0.597015
298.25		0.597015
298.375		0.597015
298.5		0.597015
298.625		0.597015
298.75		0.597015
298.875		0.597015
299		0.597015
299.125		0.61194
299.25		0.61194
299.375		0.61194
299.5		0.61194
299.625		0.61194
299.75		0.61194
299.875		0.61194
300		0.61194
300.125		0.61194
300.25		0.61194
300.375		0.61194
300.5		0.61194
300.625		0.61194
300.75		0.61194
300.875		0.61194
301		0.61194
301.125		0.61194
301.25		0.61194
301.375		0.61194
301.5		0.61194
301.625		0.61194
301.75		0.61194
301.875		0.61194
302		0.61194
302.125		0.61194
302.25		0.61194
302.375		0.61194
302.5		0.61194
302.625		0.61194
302.75		0.61194
302.875		0.61194
303		0.61194
303.125		0.61194
303.25		0.61194
303.375		0.61194
303.5		0.61194
303.625		0.61194
303.75		0.61194
303.875		0.61194
304		0.61194
304.125		0.61194
304.25		0.61194
304.375		0.61194
304.5		0.61194
304.625		0.61194
304.75		0.61194
304.875		0.61194
305		0.61194
305.125		0.626866
305.25		0.626866
305.375		0.626866
305.5		0.626866
305.625		0.626866
305.75		0.626866
305.875		0.626866
306		0.626866
306.125		0.626866
306.25		0.626866
306.375		0.626866
306.5		0.626866
306.625		0.626866
306.75		0.626866
306.875		0.626866
307		0.626866
307.125		0.626866
307.25		0.626866
307.375		0.626866
307.5		0.626866
307.625		0.626866
307.75		0.626866
307.875		0.626866
308		0.626866
308.125		0.626866
308.25		0.626866
308.375		0.626866
308.5		0.626866
308.625		0.626866
308.75		0.626866
308.875		0.626866
309		0.626866
309.125		0.626866
309.25		0.626866
309.375		0.626866
309.5		0.626866
309.625		0.626866
309.75		0.626866
309.875		0.626866
310		0.626866
310.125		0.656716
310.25		0.656716
310.375		0.656716
310.5		0.656716
310.625		0.656716
310.75		0.656716
310.875		0.656716
311		0.656716
311.125		0.656716
311.25		0.656716
311.375		0.656716
311.5		0.656716
311.625		0.656716
311.75		0.656716
311.875		0.656716
312		0.656716
312.125		0.656716
312.25		0.656716
312.375		0.656716
312.5		0.656716
312.625		0.656716
312.75		0.656716
312.875		0.656716
313		0.656716
313.125		0.656716
313.25		0.656716
313.375		0.656716
313.5		0.656716
313.625		0.656716
313.75		0.656716
313.875		0.656716
314		0.656716
314.125		0.656716
314.25		0.656716
314.375		0.656716
314.5		0.656716
314.625		0.656716
314.75		0.656716
314.875		0.656716
315		0.656716
315.125		0.656716
315.25		0.656716
315.375		0.656716
315.5		0.656716
315.625		0.656716
315.75		0.656716
315.875		0.656716
316		0.656716
316.125		0.656716
316.25		0.656716
316.375		0.656716
316.5		0.656716
316.625		0.656716
316.75		0.656716
316.875		0.656716
317		0.656716
317.125		0.671642
317.25		0.671642
317.375		0.671642
317.5		0.671642
317.625		0.671642
317.75		0.671642
317.875		0.671642
318		0.671642
318.125		0.671642
318.25		0.671642
318.375		0.671642
318.5		0.671642
318.625		0.671642
318.75		0.671642
318.875		0.671642
319		0.671642
319.125		0.686567
319.25		0.686567
319.375		0.686567
319.5		0.686567
319.625		0.686567
319.75		0.686567
319.875		0.686567
320		0.686567
320.125		0.686567
320.25		0.686567
320.375		0.686567
320.5		0.686567
320.625		0.686567
320.75		0.686567
320.875		0.686567
321		0.686567
321.125		0.686567
321.25		0.686567
321.375		0.686567
321.5		0.686567
321.625		0.686567
321.75		0.686567
321.875		0.686567
322		0.686567
322.125		0.701493
322.25		0.701493
322.375		0.701493
322.5		0.701493
322.625		0.701493
322.75		0.701493
322.875		0.701493
323		0.701493
323.125		0.701493
323.25		0.701493
323.375		0.701493
323.5		0.701493
323.625		0.701493
323.75		0.701493
323.875		0.701493
324		0.701493
324.125		0.701493
324.25		0.701493
324.375		0.701493
324.5		0.701493
324.625		0.701493
324.75		0.701493
324.875		0.701493
325		0.701493
325.125		0.701493
325.25		0.701493
325.375		0.701493
325.5		0.701493
325.625		0.701493
325.75		0.701493
325.875		0.701493
326		0.701493
326.125		0.701493
326.25		0.701493
326.375		0.701493
326.5		0.701493
326.625		0.701493
326.75		0.701493
326.875		0.701493
327		0.701493
327.125		0.701493
327.25		0.701493
327.375		0.701493
327.5		0.701493
327.625		0.701493
327.75		0.701493
327.875		0.701493
328		0.701493
328.125		0.701493
328.25		0.701493
328.375		0.701493
328.5		0.701493
328.625		0.701493
328.75		0.701493
328.875		0.701493
329		0.701493
329.125		0.701493
329.25		0.701493
329.375		0.701493
329.5		0.701493
329.625		0.701493
329.75		0.701493
329.875		0.701493
330		0.701493
330.125		0.701493
330.25		0.701493
330.375		0.701493
330.5		0.701493
330.625		0.701493
330.75		0.701493
330.875		0.701493
331		0.701493
331.125		0.701493
331.25		0.701493
331.375		0.701493
331.5		0.701493
331.625		0.701493
331.75		0.701493
331.875		0.701493
332		0.701493
332.125		0.701493
332.25		0.701493
332.375		0.701493
332.5		0.701493
332.625		0.701493
332.75		0.701493
332.875		0.701493
333		0.701493
333.125		0.701493
333.25		0.701493
333.375		0.701493
333.5		0.701493
333.625		0.701493
333.75		0.701493
333.875		0.701493
334		0.701493
334.125		0.716418
334.25		0.716418
334.375		0.716418
334.5		0.716418
334.625		0.716418
334.75		0.716418
334.875		0.716418
335		0.716418
335.125		0.716418
335.25		0.716418
335.375		0.716418
335.5		0.716418
335.625		0.716418
335.75		0.716418
335.875		0.716418
336		0.716418
336.125		0.731343
336.25		0.731343
336.375		0.731343
336.5		0.731343
336.625		0.731343
336.75		0.731343
336.875		0.731343
337		0.731343
337.125		0.731343
337.25		0.731343
337.375		0.731343
337.5		0.731343
337.625		0.731343
337.75		0.731343
337.875		0.731343
338		0.731343
338.125		0.731343
338.25		0.731343
338.375		0.731343
338.5		0.731343
338.625		0.731343
338.75		0.731343
338.875		0.731343
339		0.731343
339.125		0.731343
339.25		0.731343
339.375		0.731343
339.5		0.731343
339.625		0.731343
339.75		0.731343
339.875		0.731343
340		0.731343
340.125		0.731343
340.25		0.731343
340.375		0.731343
340.5		0.731343
340.625		0.731343
340.75		0.731343
340.875		0.731343
341		0.731343
341.125		0.746269
341.25		0.746269
341.375		0.746269
341.5		0.746269
341.625		0.746269
341.75		0.746269
341.875		0.746269
342		0.746269
342.125		0.746269
342.25		0.746269
342.375		0.746269
342.5		0.746269
342.625		0.746269
342.75		0.746269
342.875		0.746269
343		0.746269
343.125		0.746269
343.25		0.746269
343.375		0.746269
343.5		0.746269
343.625		0.746269
343.75		0.746269
343.875		0.746269
344		0.746269
344.125		0.746269
344.25		0.746269
344.375		0.746269
344.5		0.746269
344.625		0.746269
344.75		0.746269
344.875		0.746269
345		0.746269
345.125		0.746269
345.25		0.746269
345.375		0.746269
345.5		0.746269
345.625		0.746269
345.75		0.746269
345.875		0.746269
346		0.746269
346.125		0.746269
346.25		0.746269
346.375		0.746269
346.5		0.746269
346.625		0.746269
346.75		0.746269
346.875		0.746269
347		0.746269
347.125		0.746269
347.25		0.746269
347.375		0.746269
347.5		0.746269
347.625		0.746269
347.75		0.746269
347.875		0.746269
348		0.746269
348.125		0.761194
348.25		0.761194
348.375		0.761194
348.5		0.761194
348.625		0.761194
348.75		0.761194
348.875		0.761194
349		0.761194
349.125		0.761194
349.25		0.761194
349.375		0.761194
349.5		0.761194
349.625		0.761194
349.75		0.761194
349.875		0.761194
350		0.761194
350.125		0.761194
350.25		0.761194
350.375		0.761194
350.5		0.761194
350.625		0.761194
350.75		0.761194
350.875		0.761194
351		0.761194
351.125		0.761194
351.25		0.761194
351.375		0.761194
351.5		0.761194
351.625		0.761194
351.75		0.761194
351.875		0.761194
352		0.761194
352.125		0.761194
352.25		0.761194
352.375		0.761194
352.5		0.761194
352.625		0.761194
352.75		0.761194
352.875		0.761194
353		0.761194
353.125		0.761194
353.25		0.761194
353.375		0.761194
353.5		0.761194
353.625		0.761194
353.75		0.761194
353.875		0.761194
354		0.761194
354.125		0.776119
354.25		0.776119
354.375		0.776119
354.5		0.776119
354.625		0.776119
354.75		0.776119
354.875		0.776119
355		0.776119
355.125		0.791045
355.25		0.791045
355.375		0.791045
355.5		0.791045
355.625		0.791045
355.75		0.791045
355.875		0.791045
356		0.791045
356.125		0.791045
356.25		0.791045
356.375		0.791045
356.5		0.791045
356.625		0.791045
356.75		0.791045
356.875		0.791045
357		0.791045
357.125		0.791045
357.25		0.791045
357.375		0.791045
357.5		0.791045
357.625		0.791045
357.75		0.791045
357.875		0.791045
358		0.791045
358.125		0.80597
358.25		0.80597
358.375		0.80597
358.5		0.80597
358.625		0.80597
358.75		0.80597
358.875		0.80597
359		0.80597
359.125		0.80597
359.25		0.80597
359.375		0.80597
359.5		0.80597
359.625		0.80597
359.75		0.80597
359.875		0.80597
360		0.80597
360.125		0.80597
360.25		0.80597
360.375		0.80597
360.5		0.80597
360.625		0.80597
360.75		0.80597
360.875		0.80597
361		0.80597
361.125		0.80597
361.25		0.80597
361.375		0.80597
361.5		0.80597
361.625		0.80597
361.75		0.80597
361.875		0.80597
362		0.80597
362.125		0.80597
362.25		0.80597
362.375		0.80597
362.5		0.80597
362.625		0.80597
362.75		0.80597
362.875		0.80597
363		0.80597
363.125		0.80597
363.25		0.80597
363.375		0.80597
363.5		0.80597
363.625		0.80597
363.75		0.80597
363.875		0.80597
364		0.80597
364.125		0.835821
364.25		0.835821
364.375		0.835821
364.5		0.835821
364.625		0.835821
364.75		0.835821
364.875		0.835821
365		0.835821
365.125		0.835821
365.25		0.835821
365.375		0.835821
365.5		0.835821
365.625		0.835821
365.75		0.835821
365.875		0.835821
366		0.835821
366.125		0.835821
366.25		0.835821
366.375		0.835821
366.5		0.835821
366.625		0.835821
366.75		0.835821
366.875		0.835821
367		0.835821
367.125		0.835821
367.25		0.835821
367.375		0.835821
367.5		0.835821
367.625		0.835821
367.75		0.835821
367.875		0.835821
368		0.835821
368.125		0.835821
368.25		0.835821
368.375		0.835821
368.5		0.835821
368.625		0.835821
368.75		0.835821
368.875		0.835821
369		0.835821
369.125		0.835821
369.25		0.835821
369.375		0.835821
369.5		0.835821
369.625		0.835821
369.75		0.835821
369.875		0.835821
370		0.835821
370.125		0.835821
370.25		0.835821
370.375		0.835821
370.5		0.835821
370.625		0.835821
370.75		0.835821
370.875		0.835821
371		0.835821
371.125		0.835821
371.25		0.835821
371.375		0.835821
371.5		0.835821
371.625		0.835821
371.75		0.835821
371.875		0.835821
372		0.835821
372.125		0.835821
372.25		0.835821
372.375		0.835821
372.5		0.835821
372.625		0.835821
372.75		0.835821
372.875		0.835821
373		0.835821
373.125		0.835821
373.25		0.835821
373.375		0.835821
373.5		0.835821
373.625		0.835821
373.75		0.835821
373.875		0.835821
374		0.835821
374.125		0.835821
374.25		0.835821
374.375		0.835821
374.5		0.835821
374.625		0.835821
374.75		0.835821
374.875		0.835821
375		0.835821
375.125		0.835821
375.25		0.835821
375.375		0.835821
375.5		0.835821
375.625		0.835821
375.75		0.835821
375.875		0.835821
376		0.835821
376.125		0.835821
376.25		0.835821
376.375		0.835821
376.5		0.835821
376.625		0.835821
376.75		0.835821
376.875		0.835821
377		0.835821
377.125		0.835821
377.25		0.835821
377.375		0.835821
377.5		0.835821
377.625		0.835821
377.75		0.835821
377.875		0.835821
378		0.835821
378.125		0.850746
378.25		0.850746
378.375		0.850746
378.5		0.850746
378.625		0.850746
378.75		0.850746
378.875		0.850746
379		0.850746
379.125		0.850746
379.25		0.850746
379.375		0.850746
379.5		0.850746
379.625		0.850746
379.75		0.850746
379.875		0.850746
380		0.850746
380.125		0.865672
380.25		0.865672
380.375		0.865672
380.5		0.865672
380.625		0.865672
380.75		0.865672
380.875		0.865672
381		0.865672
381.125		0.865672
381.25		0.865672
381.375		0.865672
381.5		0.865672
381.625		0.865672
381.75		0.865672
381.875		0.865672
382		0.865672
382.125		0.865672
382.25		0.865672
382.375		0.865672
382.5		0.865672
382.625		0.865672
382.75		0.865672
382.875		0.865672
383		0.865672
383.125		0.865672
383.25		0.865672
383.375		0.865672
383.5		0.865672
383.625		0.865672
383.75		0.865672
383.875		0.865672
384		0.865672
384.125		0.865672
384.25		0.865672
384.375		0.865672
384.5		0.865672
384.625		0.865672
384.75		0.865672
384.875		0.865672
385		0.865672
385.125		0.865672
385.25		0.865672
385.375		0.865672
385.5		0.865672
385.625		0.865672
385.75		0.865672
385.875		0.865672
386		0.865672
386.125		0.865672
386.25		0.865672
386.375		0.865672
386.5		0.865672
386.625		0.865672
386.75		0.865672
386.875		0.865672
387		0.865672
387.125		0.865672
387.25		0.865672
387.375		0.865672
387.5		0.865672
387.625		0.865672
387.75		0.865672
387.875		0.865672
388		0.865672
388.125		0.865672
388.25		0.865672
388.375		0.865672
388.5		0.865672
388.625		0.865672
388.75		0.865672
388.875		0.865672
389		0.865672
389.125		0.865672
389.25		0.865672
389.375		0.865672
389.5		0.865672
389.625		0.865672
389.75		0.865672
389.875		0.865672
390		0.865672
390.125		0.865672
390.25		0.865672
390.375		0.865672
390.5		0.865672
390.625		0.865672
390.75		0.865672
390.875		0.865672
391		0.865672
391.125		0.865672
391.25		0.865672
391.375		0.865672
391.5		0.865672
391.625		0.865672
391.75		0.865672
391.875		0.865672
392		0.865672
392.125		0.865672
392.25		0.865672
392.375		0.865672
392.5		0.865672
392.625		0.865672
392.75		0.865672
392.875		0.865672
393		0.865672
393.125		0.865672
393.25		0.865672
393.375		0.865672
393.5		0.865672
393.625		0.865672
393.75		0.865672
393.875		0.865672
394		0.865672
394.125		0.865672
394.25		0.865672
394.375		0.865672
394.5		0.865672
394.625		0.865672
394.75		0.865672
394.875		0.865672
395		0.865672
395.125		0.865672
395.25		0.865672
395.375		0.865672
395.5		0.865672
395.625		0.865672
395.75		0.865672
395.875		0.865672
396		0.865672
396.125		0.865672
396.25		0.865672
396.375		0.865672
396.5		0.865672
396.625		0.865672
396.75		0.865672
396.875		0.865672
397		0.865672
397.125		0.865672
397.25		0.865672
397.375		0.865672
397.5		0.865672
397.625		0.865672
397.75		0.865672
397.875		0.865672
398		0.865672
398.125		0.880597
398.25		0.880597
398.375		0.880597
398.5		0.880597
398.625		0.880597
398.75		0.880597
398.875		0.880597
399		0.880597
399.125		0.880597
399.25		0.880597
399.375		0.880597
399.5		0.880597
399.625		0.880597
399.75		0.880597
399.875		0.880597
400		0.880597
400.125		0.880597
400.25		0.880597
400.375		0.880597
400.5		0.880597
400.625		0.880597
400.75		0.880597
400.875		0.880597
401		0.880597
401.125		0.880597
401.25		0.880597
401.375		0.880597
401.5		0.880597
401.625		0.880597
401.75		0.880597
401.875		0.880597
402		0.880597
402.125		0.880597
402.25		0.880597
402.375		0.880597
402.5		0.880597
402.625		0.880597
402.75		0.880597
402.875		0.880597
403		0.880597
403.125		0.880597
403.25		0.880597
403.375		0.880597
403.5		0.880597
403.625		0.880597
403.75		0.880597
403.875		0.880597
404		0.880597
404.125		0.880597
404.25		0.880597
404.375		0.880597
404.5		0.880597
404.625		0.880597
404.75		0.880597
404.875		0.880597
405		0.880597
405.125		0.880597
405.25		0.880597
405.375		0.880597
405.5		0.880597
405.625		0.880597
405.75		0.880597
405.875		0.880597
406		0.880597
406.125		0.895522
406.25		0.895522
406.375		0.895522
406.5		0.895522
406.625		0.895522
406.75		0.895522
406.875		0.895522
407		0.895522
407.125		0.895522
407.25		0.895522
407.375		0.895522
407.5		0.895522
407.625		0.895522
407.75		0.895522
407.875		0.895522
408		0.895522
408.125		0.895522
408.25		0.895522
408.375		0.895522
408.5		0.895522
408.625		0.895522
408.75		0.895522
408.875		0.895522
409		0.895522
409.125		0.895522
409.25		0.895522
409.375		0.895522
409.5		0.895522
409.625		0.895522
409.75		0.895522
409.875		0.895522
410		0.895522
410.125		0.895522
410.25		0.895522
410.375		0.895522
410.5		0.895522
410.625		0.895522
410.75		0.895522
410.875		0.895522
411		0.895522
411.125		0.895522
411.25		0.895522
411.375		0.895522
411.5		0.895522
411.625		0.895522
411.75		0.895522
411.875		0.895522
412		0.895522
412.125		0.895522
412.25		0.895522
412.375		0.895522
412.5		0.895522
412.625		0.895522
412.75		0.895522
412.875		0.895522
413		0.895522
413.125		0.895522
413.25		0.895522
413.375		0.895522
413.5		0.895522
413.625		0.895522
413.75		0.895522
413.875		0.895522
414		0.895522
414.125		0.895522
414.25		0.895522
414.375		0.895522
414.5		0.895522
414.625		0.895522
414.75		0.895522
414.875		0.895522
415		0.895522
415.125		0.895522
415.25		0.895522
415.375		0.895522
415.5		0.895522
415.625		0.895522
415.75		0.895522
415.875		0.895522
416		0.895522
416.125		0.910448
416.25		0.910448
416.375		0.910448
416.5		0.910448
416.625		0.910448
416.75		0.910448
416.875		0.910448
417		0.910448
417.125		0.910448
417.25		0.910448
417.375		0.910448
417.5		0.910448
417.625		0.910448
417.75		0.910448
417.875		0.910448
418		0.910448
418.125		0.910448
418.25		0.910448
418.375		0.910448
418.5		0.910448
418.625		0.910448
418.75		0.910448
418.875		0.910448
419		0.910448
419.125		0.910448
419.25		0.910448
419.375		0.910448
419.5		0.910448
419.625		0.910448
419.75		0.910448
419.875		0.910448
420		0.910448
420.125		0.925373
420.25		0.925373
420.375		0.925373
420.5		0.925373
420.625		0.925373
420.75		0.925373
420.875		0.925373
421		0.925373
421.125		0.925373
421.25		0.925373
421.375		0.925373
421.5		0.925373
421.625		0.925373
421.75		0.925373
421.875		0.925373
422		0.925373
422.125		0.925373
422.25		0.925373
422.375		0.925373
422.5		0.925373
422.625		0.925373
422.75		0.925373
422.875		0.925373
423		0.925373
423.125		0.925373
423.25		0.925373
423.375		0.925373
423.5		0.925373
423.625		0.925373
423.75		0.925373
423.875		0.925373
424		0.925373
424.125		0.940299
424.25		0.940299
424.375		0.940299
424.5		0.940299
424.625		0.940299
424.75		0.940299
424.875		0.940299
425		0.940299
425.125		0.940299
425.25		0.940299
425.375		0.940299
425.5		0.940299
425.625		0.940299
425.75		0.940299
425.875		0.940299
426		0.940299
426.125		0.940299
426.25		0.940299
426.375		0.940299
426.5		0.940299
426.625		0.940299
426.75		0.940299
426.875		0.940299
427		0.940299
427.125		0.940299
427.25		0.940299
427.375		0.940299
427.5		0.940299
427.625		0.940299
427.75		0.940299
427.875		0.940299
428		0.940299
428.125		0.940299
428.25		0.940299
428.375		0.940299
428.5		0.940299
428.625		0.940299
428.75		0.940299
428.875		0.940299
429		0.940299
429.125		0.940299
429.25		0.940299
429.375		0.940299
429.5		0.940299
429.625		0.940299
429.75		0.940299
429.875		0.940299
430		0.940299
430.125		0.940299
430.25		0.940299
430.375		0.940299
430.5		0.940299
430.625		0.940299
430.75		0.940299
430.875		0.940299
431		0.940299
431.125		0.940299
431.25		0.940299
431.375		0.940299
431.5		0.940299
431.625		0.940299
431.75		0.940299
431.875		0.940299
432		0.940299
432.125		0.940299
432.25		0.940299
432.375		0.940299
432.5		0.940299
432.625		0.940299
432.75		0.940299
432.875		0.940299
433		0.940299
433.125		0.940299
433.25		0.940299
433.375		0.940299
433.5		0.940299
433.625		0.940299
433.75		0.940299
433.875		0.940299
434		0.940299
434.125		0.940299
434.25		0.940299
434.375		0.940299
434.5		0.940299
434.625		0.940299
434.75		0.940299
434.875		0.940299
435		0.940299
435.125		0.940299
435.25		0.940299
435.375		0.940299
435.5		0.940299
435.625		0.940299
435.75		0.940299
435.875		0.940299
436		0.940299
436.125		0.940299
436.25		0.940299
436.375		0.940299
436.5		0.940299
436.625		0.940299
436.75		0.940299
436.875		0.940299
437		0.940299
437.125		0.940299
437.25		0.940299
437.375		0.940299
437.5		0.940299
437.625		0.940299
437.75		0.940299
437.875		0.940299
438		0.940299
438.125		0.955224
438.25		0.955224
438.375		0.955224
438.5		0.955224
438.625		0.955224
438.75		0.955224
438.875		0.955224
439		0.955224
439.125		0.955224
439.25		0.955224
439.375		0.955224
439.5		0.955224
439.625		0.955224
439.75		0.955224
439.875		0.955224
440		0.955224
440.125		0.955224
440.25		0.955224
440.375		0.955224
440.5		0.955224
440.625		0.955224
440.75		0.955224
440.875		0.955224
441		0.955224
441.125		0.955224
441.25		0.955224
441.375		0.955224
441.5		0.955224
441.625		0.955224
441.75		0.955224
441.875		0.955224
442		0.955224
442.125		0.955224
442.25		0.955224
442.375		0.955224
442.5		0.955224
442.625		0.955224
442.75		0.955224
442.875		0.955224
443		0.955224
443.125		0.955224
443.25		0.955224
443.375		0.955224
443.5		0.955224
443.625		0.955224
443.75		0.955224
443.875		0.955224
444		0.955224
444.125		0.955224
444.25		0.955224
444.375		0.955224
444.5		0.955224
444.625		0.955224
444.75		0.955224
444.875		0.955224
445		0.955224
445.125		0.955224
445.25		0.955224
445.375		0.955224
445.5		0.955224
445.625		0.955224
445.75		0.955224
445.875		0.955224
446		0.955224
446.125		0.970149
446.25		0.970149
446.375		0.970149
446.5		0.970149
446.625		0.970149
446.75		0.970149
446.875		0.970149
447		0.970149
447.125		0.970149
447.25		0.970149
447.375		0.970149
447.5		0.970149
447.625		0.970149
447.75		0.970149
447.875		0.970149
448		0.970149
448.125		0.970149
448.25		0.970149
448.375		0.970149
448.5		0.970149
448.625		0.970149
448.75		0.970149
448.875		0.970149
449		0.970149
449.125		0.970149
449.25		0.970149
449.375		0.970149
449.5		0.970149
449.625		0.970149
449.75		0.970149
449.875		0.970149
450		0.970149
450.125		0.970149
450.25		0.970149
450.375		0.970149
450.5		0.970149
450.625		0.970149
450.75		0.970149
450.875		0.970149
451		0.970149
451.125		0.970149
451.25		0.970149
451.375		0.970149
451.5		0.970149
451.625		0.970149
451.75		0.970149
451.875		0.970149
452		0.970149
452.125		0.970149
452.25		0.970149
452.375		0.970149
452.5		0.970149
452.625		0.970149
452.75		0.970149
452.875		0.970149
453		0.970149
453.125		0.970149
453.25		0.970149
453.375		0.970149
453.5		0.970149
453.625		0.970149
453.75		0.970149
453.875		0.970149
454		0.970149
454.125		0.970149
454.25		0.970149
454.375		0.970149
454.5		0.970149
454.625		0.970149
454.75		0.970149
454.875		0.970149
455		0.970149
455.125		0.970149
455.25		0.970149
455.375		0.970149
455.5		0.970149
455.625		0.970149
455.75		0.970149
455.875		0.970149
456		0.970149
456.125		0.970149
456.25		0.970149
456.375		0.970149
456.5		0.970149
456.625		0.970149
456.75		0.970149
456.875		0.970149
457		0.970149
457.125		0.970149
457.25		0.970149
457.375		0.970149
457.5		0.970149
457.625		0.970149
457.75		0.970149
457.875		0.970149
458		0.970149
458.125		0.985075
458.25		0.985075
458.375		0.985075
458.5		0.985075
458.625		0.985075
458.75		0.985075
458.875		0.985075
459		0.985075
459.125		0.985075
459.25		0.985075
459.375		0.985075
459.5		0.985075
459.625		0.985075
459.75		0.985075
459.875		0.985075
460		0.985075
460.125		0.985075
460.25		0.985075
460.375		0.985075
460.5		0.985075
460.625		0.985075
460.75		0.985075
460.875		0.985075
461		0.985075
461.125		0.985075
461.25		0.985075
461.375		0.985075
461.5		0.985075
461.625		0.985075
461.75		0.985075
461.875		0.985075
462		0.985075
462.125		0.985075
462.25		0.985075
462.375		0.985075
462.5		0.985075
462.625		0.985075
462.75		0.985075
462.875		0.985075
463		0.985075
463.125		0.985075
463.25		0.985075
463.375		0.985075
463.5		0.985075
463.625		0.985075
463.75		0.985075
463.875		0.985075
464		0.985075
464.125		0.985075
464.25		0.985075
464.375		0.985075
464.5		0.985075
464.625		0.985075
464.75		0.985075
464.875		0.985075
465		0.985075
465.125		0.985075
465.25		0.985075
465.375		0.985075
465.5		0.985075
465.625		0.985075
465.75		0.985075
465.875		0.985075
466		0.985075
466.125		0.985075
466.25		0.985075
466.375		0.985075
466.5		0.985075
466.625		0.985075
466.75		0.985075
466.875		0.985075
467		0.985075
467.125		1
467.25		1
467.375		1
467.5		1
467.625		1
467.75		1
467.875		1
468		1
468.125		1
468.25		1
468.375		1
468.5		1
468.625		1
468.75		1
468.875		1
469		1
469.125		1
469.25		1
469.375		1
469.5		1
469.625		1
469.75		1
469.875		1
470		1
470.125		1
470.25		1
470.375		1
470.5		1
470.625		1
470.75		1
470.875		1
471		1
471.125		1
471.25		1
471.375		1
471.5		1
471.625		1
471.75		1
471.875		1
472		1
472.125		1
472.25		1
472.375		1
472.5		1
472.625		1
472.75		1
472.875		1
473		1
473.125		1
473.25		1
473.375		1
473.5		1
473.625		1
473.75		1
473.875		1
474		1
474.125		1
474.25		1
474.375		1
474.5		1
474.625		1
474.75		1
474.875		1
475		1
475.125		1
475.25		1
475.375		1
475.5		1
475.625		1
475.75		1
475.875		1
476		1
476.125		1
476.25		1
476.375		1
476.5		1
476.625		1
476.75		1
476.875		1
477		1
477.125		1
477.25		1
477.375		1
477.5		1
477.625		1
477.75		1
477.875		1
478		1
478.125		1
478.25		1
478.375		1
478.5		1
478.625		1
478.75		1
478.875		1
479		1
479.125		1
479.25		1
479.375		1
479.5		1
479.625		1
479.75		1
479.875		1
480		1
480.125		1
480.25		1
480.375		1
480.5		1
480.625		1
480.75		1
480.875		1
481		1
481.125		1
481.25		1
481.375		1
481.5		1
481.625		1
481.75		1
481.875		1
482		1
482.125		1
482.25		1
482.375		1
482.5		1
482.625		1
482.75		1
482.875		1
483		1
483.125		1
483.25		1
483.375		1
483.5		1
483.625		1
483.75		1
483.875		1
484		1
484.125		1
484.25		1
484.375		1
484.5		1
484.625		1
484.75		1
484.875		1
485		1
485.125		1
485.25		1
485.375		1
485.5		1
485.625		1
485.75		1
485.875		1
486		1
486.125		1
486.25		1
486.375		1
486.5		1
486.625		1
486.75		1
486.875		1
487		1
487.125		1
487.25		1
487.375		1
487.5		1
487.625		1
487.75		1
487.875		1
488		1
488.125		1
488.25		1
488.375		1
488.5		1
488.625		1
488.75		1
488.875		1
489		1
489.125		1
489.25		1
489.375		1
489.5		1
489.625		1
489.75		1
489.875		1
490		1
490.125		1
490.25		1
490.375		1
490.5		1
490.625		1
490.75		1
490.875		1
491		1
491.125		1
491.25		1
491.375		1
491.5		1
491.625		1
491.75		1
491.875		1
492		1
492.125		1
492.25		1
492.375		1
492.5		1
492.625		1
492.75		1
492.875		1
493		1
493.125		1
493.25		1
493.375		1
493.5		1
493.625		1
493.75		1
493.875		1
494		1
494.125		1
494.25		1
494.375		1
494.5		1
494.625		1
494.75		1
494.875		1
495		1
495.125		1
495.25		1
495.375		1
495.5		1
495.625		1
495.75		1
495.875		1
496		1
496.125		1
496.25		1
496.375		1
496.5		1
496.625		1
496.75		1
496.875		1
497		1
497.125		1
497.25		1
497.375		1
497.5		1
497.625		1
497.75		1
497.875		1
498		1
498.125		1
498.25		1
498.375		1
498.5		1
498.625		1
498.75		1
498.875		1
499		1
499.125		1
499.25		1
499.375		1
499.5		1
499.625		1
499.75		1
499.875		1
500		1
