# Calibration file of tamex_id 1 @ channel 30
# fine_T bin		 Calibration value
0.125		0
0.25		0
0.375		0
0.5		0
0.625		0
0.75		0
0.875		0
1		0
1.125		0
1.25		0
1.375		0
1.5		0
1.625		0
1.75		0
1.875		0
2		0
2.125		0
2.25		0
2.375		0
2.5		0
2.625		0
2.75		0
2.875		0
3		0
3.125		0
3.25		0
3.375		0
3.5		0
3.625		0
3.75		0
3.875		0
4		0
4.125		0
4.25		0
4.375		0
4.5		0
4.625		0
4.75		0
4.875		0
5		0
5.125		0
5.25		0
5.375		0
5.5		0
5.625		0
5.75		0
5.875		0
6		0
6.125		0
6.25		0
6.375		0
6.5		0
6.625		0
6.75		0
6.875		0
7		0
7.125		0
7.25		0
7.375		0
7.5		0
7.625		0
7.75		0
7.875		0
8		0
8.125		0
8.25		0
8.375		0
8.5		0
8.625		0
8.75		0
8.875		0
9		0
9.125		0
9.25		0
9.375		0
9.5		0
9.625		0
9.75		0
9.875		0
10		0
10.125		0
10.25		0
10.375		0
10.5		0
10.625		0
10.75		0
10.875		0
11		0
11.125		0
11.25		0
11.375		0
11.5		0
11.625		0
11.75		0
11.875		0
12		0
12.125		0
12.25		0
12.375		0
12.5		0
12.625		0
12.75		0
12.875		0
13		0
13.125		0
13.25		0
13.375		0
13.5		0
13.625		0
13.75		0
13.875		0
14		0
14.125		0
14.25		0
14.375		0
14.5		0
14.625		0
14.75		0
14.875		0
15		0
15.125		0
15.25		0
15.375		0
15.5		0
15.625		0
15.75		0
15.875		0
16		0
16.125		18.2963
16.25		18.2963
16.375		18.2963
16.5		18.2963
16.625		18.2963
16.75		18.2963
16.875		18.2963
17		18.2963
17.125		32.5673
17.25		32.5673
17.375		32.5673
17.5		32.5673
17.625		32.5673
17.75		32.5673
17.875		32.5673
18		32.5673
18.125		43.1792
18.25		43.1792
18.375		43.1792
18.5		43.1792
18.625		43.1792
18.75		43.1792
18.875		43.1792
19		43.1792
19.125		59.2799
19.25		59.2799
19.375		59.2799
19.5		59.2799
19.625		59.2799
19.75		59.2799
19.875		59.2799
20		59.2799
20.125		82.6991
20.25		82.6991
20.375		82.6991
20.5		82.6991
20.625		82.6991
20.75		82.6991
20.875		82.6991
21		82.6991
21.125		94.5916
21.25		94.5916
21.375		94.5916
21.5		94.5916
21.625		94.5916
21.75		94.5916
21.875		94.5916
22		94.5916
22.125		101.178
22.25		101.178
22.375		101.178
22.5		101.178
22.625		101.178
22.75		101.178
22.875		101.178
23		101.178
23.125		107.582
23.25		107.582
23.375		107.582
23.5		107.582
23.625		107.582
23.75		107.582
23.875		107.582
24		107.582
24.125		131.001
24.25		131.001
24.375		131.001
24.5		131.001
24.625		131.001
24.75		131.001
24.875		131.001
25		131.001
25.125		141.796
25.25		141.796
25.375		141.796
25.5		141.796
25.625		141.796
25.75		141.796
25.875		141.796
26		141.796
26.125		143.626
26.25		143.626
26.375		143.626
26.5		143.626
26.625		143.626
26.75		143.626
26.875		143.626
27		143.626
27.125		165.032
27.25		165.032
27.375		165.032
27.5		165.032
27.625		165.032
27.75		165.032
27.875		165.032
28		165.032
28.125		169.606
28.25		169.606
28.375		169.606
28.5		169.606
28.625		169.606
28.75		169.606
28.875		169.606
29		169.606
29.125		186.256
29.25		186.256
29.375		186.256
29.5		186.256
29.625		186.256
29.75		186.256
29.875		186.256
30		186.256
30.125		193.025
30.25		193.025
30.375		193.025
30.5		193.025
30.625		193.025
30.75		193.025
30.875		193.025
31		193.025
31.125		199.063
31.25		199.063
31.375		199.063
31.5		199.063
31.625		199.063
31.75		199.063
31.875		199.063
32		199.063
32.125		199.246
32.25		199.246
32.375		199.246
32.5		199.246
32.625		199.246
32.75		199.246
32.875		199.246
33		199.246
33.125		219.372
33.25		219.372
33.375		219.372
33.5		219.372
33.625		219.372
33.75		219.372
33.875		219.372
34		219.372
34.125		243.523
34.25		243.523
34.375		243.523
34.5		243.523
34.625		243.523
34.75		243.523
34.875		243.523
35		243.523
35.125		244.804
35.25		244.804
35.375		244.804
35.5		244.804
35.625		244.804
35.75		244.804
35.875		244.804
36		244.804
36.125		255.05
36.25		255.05
36.375		255.05
36.5		255.05
36.625		255.05
36.75		255.05
36.875		255.05
37		255.05
37.125		275.359
37.25		275.359
37.375		275.359
37.5		275.359
37.625		275.359
37.75		275.359
37.875		275.359
38		275.359
38.125		275.907
38.25		275.907
38.375		275.907
38.5		275.907
38.625		275.907
38.75		275.907
38.875		275.907
39		275.907
39.125		290.91
39.25		290.91
39.375		290.91
39.5		290.91
39.625		290.91
39.75		290.91
39.875		290.91
40		290.91
40.125		305.181
40.25		305.181
40.375		305.181
40.5		305.181
40.625		305.181
40.75		305.181
40.875		305.181
41		305.181
41.125		316.891
41.25		316.891
41.375		316.891
41.5		316.891
41.625		316.891
41.75		316.891
41.875		316.891
42		316.891
42.125		321.831
42.25		321.831
42.375		321.831
42.5		321.831
42.625		321.831
42.75		321.831
42.875		321.831
43		321.831
43.125		324.758
43.25		324.758
43.375		324.758
43.5		324.758
43.625		324.758
43.75		324.758
43.875		324.758
44		324.758
44.125		344.335
44.25		344.335
44.375		344.335
44.5		344.335
44.625		344.335
44.75		344.335
44.875		344.335
45		344.335
45.125		346.165
45.25		346.165
45.375		346.165
45.5		346.165
45.625		346.165
45.75		346.165
45.875		346.165
46		346.165
46.125		364.827
46.25		364.827
46.375		364.827
46.5		364.827
46.625		364.827
46.75		364.827
46.875		364.827
47		364.827
47.125		379.098
47.25		379.098
47.375		379.098
47.5		379.098
47.625		379.098
47.75		379.098
47.875		379.098
48		379.098
48.125		384.404
48.25		384.404
48.375		384.404
48.5		384.404
48.625		384.404
48.75		384.404
48.875		384.404
49		384.404
49.125		384.953
49.25		384.953
49.375		384.953
49.5		384.953
49.625		384.953
49.75		384.953
49.875		384.953
50		384.953
50.125		400.871
50.25		400.871
50.375		400.871
50.5		400.871
50.625		400.871
50.75		400.871
50.875		400.871
51		400.871
51.125		422.826
51.25		422.826
51.375		422.826
51.5		422.826
51.625		422.826
51.75		422.826
51.875		422.826
52		422.826
52.125		426.486
52.25		426.486
52.375		426.486
52.5		426.486
52.625		426.486
52.75		426.486
52.875		426.486
53		426.486
53.125		443.867
53.25		443.867
53.375		443.867
53.5		443.867
53.625		443.867
53.75		443.867
53.875		443.867
54		443.867
54.125		448.258
54.25		448.258
54.375		448.258
54.5		448.258
54.625		448.258
54.75		448.258
54.875		448.258
55		448.258
55.125		458.138
55.25		458.138
55.375		458.138
55.5		458.138
55.625		458.138
55.75		458.138
55.875		458.138
56		458.138
56.125		470.946
56.25		470.946
56.375		470.946
56.5		470.946
56.625		470.946
56.75		470.946
56.875		470.946
57		470.946
57.125		487.595
57.25		487.595
57.375		487.595
57.5		487.595
57.625		487.595
57.75		487.595
57.875		487.595
58		487.595
58.125		500.22
58.25		500.22
58.375		500.22
58.5		500.22
58.625		500.22
58.75		500.22
58.875		500.22
59		500.22
59.125		500.403
59.25		500.403
59.375		500.403
59.5		500.403
59.625		500.403
59.75		500.403
59.875		500.403
60		500.403
60.125		535.531
60.25		535.531
60.375		535.531
60.5		535.531
60.625		535.531
60.75		535.531
60.875		535.531
61		535.531
61.125		537.178
61.25		537.178
61.375		537.178
61.5		537.178
61.625		537.178
61.75		537.178
61.875		537.178
62		537.178
62.125		539.374
62.25		539.374
62.375		539.374
62.5		539.374
62.625		539.374
62.75		539.374
62.875		539.374
63		539.374
63.125		558.219
63.25		558.219
63.375		558.219
63.5		558.219
63.625		558.219
63.75		558.219
63.875		558.219
64		558.219
64.125		565.72
64.25		565.72
64.375		565.72
64.5		565.72
64.625		565.72
64.75		565.72
64.875		565.72
65		565.72
65.125		572.673
65.25		572.673
65.375		572.673
65.5		572.673
65.625		572.673
65.75		572.673
65.875		572.673
66		572.673
66.125		598.105
66.25		598.105
66.375		598.105
66.5		598.105
66.625		598.105
66.75		598.105
66.875		598.105
67		598.105
67.125		603.593
67.25		603.593
67.375		603.593
67.5		603.593
67.625		603.593
67.75		603.593
67.875		603.593
68		603.593
68.125		609.265
68.25		609.265
68.375		609.265
68.5		609.265
68.625		609.265
68.75		609.265
68.875		609.265
69		609.265
69.125		619.328
69.25		619.328
69.375		619.328
69.5		619.328
69.625		619.328
69.75		619.328
69.875		619.328
70		619.328
70.125		632.501
70.25		632.501
70.375		632.501
70.5		632.501
70.625		632.501
70.75		632.501
70.875		632.501
71		632.501
71.125		633.599
71.25		633.599
71.375		633.599
71.5		633.599
71.625		633.599
71.75		633.599
71.875		633.599
72		633.599
72.125		647.87
72.25		647.87
72.375		647.87
72.5		647.87
72.625		647.87
72.75		647.87
72.875		647.87
73		647.87
73.125		661.044
73.25		661.044
73.375		661.044
73.5		661.044
73.625		661.044
73.75		661.044
73.875		661.044
74		661.044
74.125		665.069
74.25		665.069
74.375		665.069
74.5		665.069
74.625		665.069
74.75		665.069
74.875		665.069
75		665.069
75.125		670.741
75.25		670.741
75.375		670.741
75.5		670.741
75.625		670.741
75.75		670.741
75.875		670.741
76		670.741
76.125		680.072
76.25		680.072
76.375		680.072
76.5		680.072
76.625		680.072
76.75		680.072
76.875		680.072
77		680.072
77.125		698.734
77.25		698.734
77.375		698.734
77.5		698.734
77.625		698.734
77.75		698.734
77.875		698.734
78		698.734
78.125		699.832
78.25		699.832
78.375		699.832
78.5		699.832
78.625		699.832
78.75		699.832
78.875		699.832
79		699.832
79.125		722.153
79.25		722.153
79.375		722.153
79.5		722.153
79.625		722.153
79.75		722.153
79.875		722.153
80		722.153
80.125		742.828
80.25		742.828
80.375		742.828
80.5		742.828
80.625		742.828
80.75		742.828
80.875		742.828
81		742.828
81.125		749.232
81.25		749.232
81.375		749.232
81.5		749.232
81.625		749.232
81.75		749.232
81.875		749.232
82		749.232
82.125		764.234
82.25		764.234
82.375		764.234
82.5		764.234
82.625		764.234
82.75		764.234
82.875		764.234
83		764.234
83.125		769.723
83.25		769.723
83.375		769.723
83.5		769.723
83.625		769.723
83.75		769.723
83.875		769.723
84		769.723
84.125		777.957
84.25		777.957
84.375		777.957
84.5		777.957
84.625		777.957
84.75		777.957
84.875		777.957
85		777.957
85.125		799.18
85.25		799.18
85.375		799.18
85.5		799.18
85.625		799.18
85.75		799.18
85.875		799.18
86		799.18
86.125		805.767
86.25		805.767
86.375		805.767
86.5		805.767
86.625		805.767
86.75		805.767
86.875		805.767
87		805.767
87.125		820.221
87.25		820.221
87.375		820.221
87.5		820.221
87.625		820.221
87.75		820.221
87.875		820.221
88		820.221
88.125		837.054
88.25		837.054
88.375		837.054
88.5		837.054
88.625		837.054
88.75		837.054
88.875		837.054
89		837.054
89.125		845.104
89.25		845.104
89.375		845.104
89.5		845.104
89.625		845.104
89.75		845.104
89.875		845.104
90		845.104
90.125		846.385
90.25		846.385
90.375		846.385
90.5		846.385
90.625		846.385
90.75		846.385
90.875		846.385
91		846.385
91.125		854.435
91.25		854.435
91.375		854.435
91.5		854.435
91.625		854.435
91.75		854.435
91.875		854.435
92		854.435
92.125		875.476
92.25		875.476
92.375		875.476
92.5		875.476
92.625		875.476
92.75		875.476
92.875		875.476
93		875.476
93.125		877.671
93.25		877.671
93.375		877.671
93.5		877.671
93.625		877.671
93.75		877.671
93.875		877.671
94		877.671
94.125		884.258
94.25		884.258
94.375		884.258
94.5		884.258
94.625		884.258
94.75		884.258
94.875		884.258
95		884.258
95.125		899.993
95.25		899.993
95.375		899.993
95.5		899.993
95.625		899.993
95.75		899.993
95.875		899.993
96		899.993
96.125		906.03
96.25		906.03
96.375		906.03
96.5		906.03
96.625		906.03
96.75		906.03
96.875		906.03
97		906.03
97.125		924.876
97.25		924.876
97.375		924.876
97.5		924.876
97.625		924.876
97.75		924.876
97.875		924.876
98		924.876
98.125		928.718
98.25		928.718
98.375		928.718
98.5		928.718
98.625		928.718
98.75		928.718
98.875		928.718
99		928.718
99.125		930.364
99.25		930.364
99.375		930.364
99.5		930.364
99.625		930.364
99.75		930.364
99.875		930.364
100		930.364
100.125		935.67
100.25		935.67
100.375		935.67
100.5		935.67
100.625		935.67
100.75		935.67
100.875		935.67
101		935.67
101.125		950.307
101.25		950.307
101.375		950.307
101.5		950.307
101.625		950.307
101.75		950.307
101.875		950.307
102		950.307
102.125		981.228
102.25		981.228
102.375		981.228
102.5		981.228
102.625		981.228
102.75		981.228
102.875		981.228
103		981.228
103.125		990.742
103.25		990.742
103.375		990.742
103.5		990.742
103.625		990.742
103.75		990.742
103.875		990.742
104		990.742
104.125		992.023
104.25		992.023
104.375		992.023
104.5		992.023
104.625		992.023
104.75		992.023
104.875		992.023
105		992.023
105.125		992.389
105.25		992.389
105.375		992.389
105.5		992.389
105.625		992.389
105.75		992.389
105.875		992.389
106		992.389
106.125		1007.21
106.25		1007.21
106.375		1007.21
106.5		1007.21
106.625		1007.21
106.75		1007.21
106.875		1007.21
107		1007.21
107.125		1015.44
107.25		1015.44
107.375		1015.44
107.5		1015.44
107.625		1015.44
107.75		1015.44
107.875		1015.44
108		1015.44
108.125		1024.77
108.25		1024.77
108.375		1024.77
108.5		1024.77
108.625		1024.77
108.75		1024.77
108.875		1024.77
109		1024.77
109.125		1035.75
109.25		1035.75
109.375		1035.75
109.5		1035.75
109.625		1035.75
109.75		1035.75
109.875		1035.75
110		1035.75
110.125		1050.94
110.25		1050.94
110.375		1050.94
110.5		1050.94
110.625		1050.94
110.75		1050.94
110.875		1050.94
111		1050.94
111.125		1063.56
111.25		1063.56
111.375		1063.56
111.5		1063.56
111.625		1063.56
111.75		1063.56
111.875		1063.56
112		1063.56
112.125		1073.26
112.25		1073.26
112.375		1073.26
112.5		1073.26
112.625		1073.26
112.75		1073.26
112.875		1073.26
113		1073.26
113.125		1102.17
113.25		1102.17
113.375		1102.17
113.5		1102.17
113.625		1102.17
113.75		1102.17
113.875		1102.17
114		1102.17
114.125		1111.13
114.25		1111.13
114.375		1111.13
114.5		1111.13
114.625		1111.13
114.75		1111.13
114.875		1111.13
115		1111.13
115.125		1120.65
115.25		1120.65
115.375		1120.65
115.5		1120.65
115.625		1120.65
115.75		1120.65
115.875		1120.65
116		1120.65
116.125		1127.96
116.25		1127.96
116.375		1127.96
116.5		1127.96
116.625		1127.96
116.75		1127.96
116.875		1127.96
117		1127.96
117.125		1136.38
117.25		1136.38
117.375		1136.38
117.5		1136.38
117.625		1136.38
117.75		1136.38
117.875		1136.38
118		1136.38
118.125		1149.55
118.25		1149.55
118.375		1149.55
118.5		1149.55
118.625		1149.55
118.75		1149.55
118.875		1149.55
119		1149.55
119.125		1168.22
119.25		1168.22
119.375		1168.22
119.5		1168.22
119.625		1168.22
119.75		1168.22
119.875		1168.22
120		1168.22
120.125		1174.8
120.25		1174.8
120.375		1174.8
120.5		1174.8
120.625		1174.8
120.75		1174.8
120.875		1174.8
121		1174.8
121.125		1175.17
121.25		1175.17
121.375		1175.17
121.5		1175.17
121.625		1175.17
121.75		1175.17
121.875		1175.17
122		1175.17
122.125		1175.35
122.25		1175.35
122.375		1175.35
122.5		1175.35
122.625		1175.35
122.75		1175.35
122.875		1175.35
123		1175.35
123.125		1183.4
123.25		1183.4
123.375		1183.4
123.5		1183.4
123.625		1183.4
123.75		1183.4
123.875		1183.4
124		1183.4
124.125		1205.17
124.25		1205.17
124.375		1205.17
124.5		1205.17
124.625		1205.17
124.75		1205.17
124.875		1205.17
125		1205.17
125.125		1216.88
125.25		1216.88
125.375		1216.88
125.5		1216.88
125.625		1216.88
125.75		1216.88
125.875		1216.88
126		1216.88
126.125		1228.41
126.25		1228.41
126.375		1228.41
126.5		1228.41
126.625		1228.41
126.75		1228.41
126.875		1228.41
127		1228.41
127.125		1230.06
127.25		1230.06
127.375		1230.06
127.5		1230.06
127.625		1230.06
127.75		1230.06
127.875		1230.06
128		1230.06
128.125		1230.79
128.25		1230.79
128.375		1230.79
128.5		1230.79
128.625		1230.79
128.75		1230.79
128.875		1230.79
129		1230.79
129.125		1258.78
129.25		1258.78
129.375		1258.78
129.5		1258.78
129.625		1258.78
129.75		1258.78
129.875		1258.78
130		1258.78
130.125		1263.17
130.25		1263.17
130.375		1263.17
130.5		1263.17
130.625		1263.17
130.75		1263.17
130.875		1263.17
131		1263.17
131.125		1263.54
131.25		1263.54
131.375		1263.54
131.5		1263.54
131.625		1263.54
131.75		1263.54
131.875		1263.54
132		1263.54
132.125		1278.91
132.25		1278.91
132.375		1278.91
132.5		1278.91
132.625		1278.91
132.75		1278.91
132.875		1278.91
133		1278.91
133.125		1280.01
133.25		1280.01
133.375		1280.01
133.5		1280.01
133.625		1280.01
133.75		1280.01
133.875		1280.01
134		1280.01
134.125		1290.98
134.25		1290.98
134.375		1290.98
134.5		1290.98
134.625		1290.98
134.75		1290.98
134.875		1290.98
135		1290.98
135.125		1303.61
135.25		1303.61
135.375		1303.61
135.5		1303.61
135.625		1303.61
135.75		1303.61
135.875		1303.61
136		1303.61
136.125		1303.79
136.25		1303.79
136.375		1303.79
136.5		1303.79
136.625		1303.79
136.75		1303.79
136.875		1303.79
137		1303.79
137.125		1308.37
137.25		1308.37
137.375		1308.37
137.5		1308.37
137.625		1308.37
137.75		1308.37
137.875		1308.37
138		1308.37
138.125		1331.42
138.25		1331.42
138.375		1331.42
138.5		1331.42
138.625		1331.42
138.75		1331.42
138.875		1331.42
139		1331.42
139.125		1344.41
139.25		1344.41
139.375		1344.41
139.5		1344.41
139.625		1344.41
139.75		1344.41
139.875		1344.41
140		1344.41
140.125		1358.31
140.25		1358.31
140.375		1358.31
140.5		1358.31
140.625		1358.31
140.75		1358.31
140.875		1358.31
141		1358.31
141.125		1359.23
141.25		1359.23
141.375		1359.23
141.5		1359.23
141.625		1359.23
141.75		1359.23
141.875		1359.23
142		1359.23
142.125		1365.82
142.25		1365.82
142.375		1365.82
142.5		1365.82
142.625		1365.82
142.75		1365.82
142.875		1365.82
143		1365.82
143.125		1386.86
143.25		1386.86
143.375		1386.86
143.5		1386.86
143.625		1386.86
143.75		1386.86
143.875		1386.86
144		1386.86
144.125		1389.6
144.25		1389.6
144.375		1389.6
144.5		1389.6
144.625		1389.6
144.75		1389.6
144.875		1389.6
145		1389.6
145.125		1404.79
145.25		1404.79
145.375		1404.79
145.5		1404.79
145.625		1404.79
145.75		1404.79
145.875		1404.79
146		1404.79
146.125		1412.29
146.25		1412.29
146.375		1412.29
146.5		1412.29
146.625		1412.29
146.75		1412.29
146.875		1412.29
147		1412.29
147.125		1422.35
147.25		1422.35
147.375		1422.35
147.5		1422.35
147.625		1422.35
147.75		1422.35
147.875		1422.35
148		1422.35
148.125		1427.84
148.25		1427.84
148.375		1427.84
148.5		1427.84
148.625		1427.84
148.75		1427.84
148.875		1427.84
149		1427.84
149.125		1443.03
149.25		1443.03
149.375		1443.03
149.5		1443.03
149.625		1443.03
149.75		1443.03
149.875		1443.03
150		1443.03
150.125		1444.12
150.25		1444.12
150.375		1444.12
150.5		1444.12
150.625		1444.12
150.75		1444.12
150.875		1444.12
151		1444.12
151.125		1455.47
151.25		1455.47
151.375		1455.47
151.5		1455.47
151.625		1455.47
151.75		1455.47
151.875		1455.47
152		1455.47
152.125		1465.35
152.25		1465.35
152.375		1465.35
152.5		1465.35
152.625		1465.35
152.75		1465.35
152.875		1465.35
153		1465.35
153.125		1480.9
153.25		1480.9
153.375		1480.9
153.5		1480.9
153.625		1480.9
153.75		1480.9
153.875		1480.9
154		1480.9
154.125		1481.81
154.25		1481.81
154.375		1481.81
154.5		1481.81
154.625		1481.81
154.75		1481.81
154.875		1481.81
155		1481.81
155.125		1500.11
155.25		1500.11
155.375		1500.11
155.5		1500.11
155.625		1500.11
155.75		1500.11
155.875		1500.11
156		1500.11
156.125		1516.03
156.25		1516.03
156.375		1516.03
156.5		1516.03
156.625		1516.03
156.75		1516.03
156.875		1516.03
157		1516.03
157.125		1519.5
157.25		1519.5
157.375		1519.5
157.5		1519.5
157.625		1519.5
157.75		1519.5
157.875		1519.5
158		1519.5
158.125		1522.61
158.25		1522.61
158.375		1522.61
158.5		1522.61
158.625		1522.61
158.75		1522.61
158.875		1522.61
159		1522.61
159.125		1539.26
159.25		1539.26
159.375		1539.26
159.5		1539.26
159.625		1539.26
159.75		1539.26
159.875		1539.26
160		1539.26
160.125		1540.73
160.25		1540.73
160.375		1540.73
160.5		1540.73
160.625		1540.73
160.75		1540.73
160.875		1540.73
161		1540.73
161.125		1560.85
161.25		1560.85
161.375		1560.85
161.5		1560.85
161.625		1560.85
161.75		1560.85
161.875		1560.85
162		1560.85
162.125		1568.9
162.25		1568.9
162.375		1568.9
162.5		1568.9
162.625		1568.9
162.75		1568.9
162.875		1568.9
163		1568.9
163.125		1577.87
163.25		1577.87
163.375		1577.87
163.5		1577.87
163.625		1577.87
163.75		1577.87
163.875		1577.87
164		1577.87
164.125		1583.72
164.25		1583.72
164.375		1583.72
164.5		1583.72
164.625		1583.72
164.75		1583.72
164.875		1583.72
165		1583.72
165.125		1600.19
165.25		1600.19
165.375		1600.19
165.5		1600.19
165.625		1600.19
165.75		1600.19
165.875		1600.19
166		1600.19
166.125		1602.93
166.25		1602.93
166.375		1602.93
166.5		1602.93
166.625		1602.93
166.75		1602.93
166.875		1602.93
167		1602.93
167.125		1616.11
167.25		1616.11
167.375		1616.11
167.5		1616.11
167.625		1616.11
167.75		1616.11
167.875		1616.11
168		1616.11
168.125		1620.68
168.25		1620.68
168.375		1620.68
168.5		1620.68
168.625		1620.68
168.75		1620.68
168.875		1620.68
169		1620.68
169.125		1634.22
169.25		1634.22
169.375		1634.22
169.5		1634.22
169.625		1634.22
169.75		1634.22
169.875		1634.22
170		1634.22
170.125		1647.21
170.25		1647.21
170.375		1647.21
170.5		1647.21
170.625		1647.21
170.75		1647.21
170.875		1647.21
171		1647.21
171.125		1664.04
171.25		1664.04
171.375		1664.04
171.5		1664.04
171.625		1664.04
171.75		1664.04
171.875		1664.04
172		1664.04
172.125		1671.91
172.25		1671.91
172.375		1671.91
172.5		1671.91
172.625		1671.91
172.75		1671.91
172.875		1671.91
173		1671.91
173.125		1677.95
173.25		1677.95
173.375		1677.95
173.5		1677.95
173.625		1677.95
173.75		1677.95
173.875		1677.95
174		1677.95
174.125		1680.69
174.25		1680.69
174.375		1680.69
174.5		1680.69
174.625		1680.69
174.75		1680.69
174.875		1680.69
175		1680.69
175.125		1700.45
175.25		1700.45
175.375		1700.45
175.5		1700.45
175.625		1700.45
175.75		1700.45
175.875		1700.45
176		1700.45
176.125		1706.49
176.25		1706.49
176.375		1706.49
176.5		1706.49
176.625		1706.49
176.75		1706.49
176.875		1706.49
177		1706.49
177.125		1724.42
177.25		1724.42
177.375		1724.42
177.5		1724.42
177.625		1724.42
177.75		1724.42
177.875		1724.42
178		1724.42
178.125		1730.83
178.25		1730.83
178.375		1730.83
178.5		1730.83
178.625		1730.83
178.75		1730.83
178.875		1730.83
179		1730.83
179.125		1741.99
179.25		1741.99
179.375		1741.99
179.5		1741.99
179.625		1741.99
179.75		1741.99
179.875		1741.99
180		1741.99
180.125		1744.55
180.25		1744.55
180.375		1744.55
180.5		1744.55
180.625		1744.55
180.75		1744.55
180.875		1744.55
181		1744.55
181.125		1753.51
181.25		1753.51
181.375		1753.51
181.5		1753.51
181.625		1753.51
181.75		1753.51
181.875		1753.51
182		1753.51
182.125		1784.25
182.25		1784.25
182.375		1784.25
182.5		1784.25
182.625		1784.25
182.75		1784.25
182.875		1784.25
183		1784.25
183.125		1787.91
183.25		1787.91
183.375		1787.91
183.5		1787.91
183.625		1787.91
183.75		1787.91
183.875		1787.91
184		1787.91
184.125		1807.12
184.25		1807.12
184.375		1807.12
184.5		1807.12
184.625		1807.12
184.75		1807.12
184.875		1807.12
185		1807.12
185.125		1808.22
185.25		1808.22
185.375		1808.22
185.5		1808.22
185.625		1808.22
185.75		1808.22
185.875		1808.22
186		1808.22
186.125		1810.6
186.25		1810.6
186.375		1810.6
186.5		1810.6
186.625		1810.6
186.75		1810.6
186.875		1810.6
187		1810.6
187.125		1824.32
187.25		1824.32
187.375		1824.32
187.5		1824.32
187.625		1824.32
187.75		1824.32
187.875		1824.32
188		1824.32
188.125		1841.33
188.25		1841.33
188.375		1841.33
188.5		1841.33
188.625		1841.33
188.75		1841.33
188.875		1841.33
189		1841.33
189.125		1843.16
189.25		1843.16
189.375		1843.16
189.5		1843.16
189.625		1843.16
189.75		1843.16
189.875		1843.16
190		1843.16
190.125		1873.35
190.25		1873.35
190.375		1873.35
190.5		1873.35
190.625		1873.35
190.75		1873.35
190.875		1873.35
191		1873.35
191.125		1874.45
191.25		1874.45
191.375		1874.45
191.5		1874.45
191.625		1874.45
191.75		1874.45
191.875		1874.45
192		1874.45
192.125		1876.65
192.25		1876.65
192.375		1876.65
192.5		1876.65
192.625		1876.65
192.75		1876.65
192.875		1876.65
193		1876.65
193.125		1883.97
193.25		1883.97
193.375		1883.97
193.5		1883.97
193.625		1883.97
193.75		1883.97
193.875		1883.97
194		1883.97
194.125		1889.64
194.25		1889.64
194.375		1889.64
194.5		1889.64
194.625		1889.64
194.75		1889.64
194.875		1889.64
195		1889.64
195.125		1916.35
195.25		1916.35
195.375		1916.35
195.5		1916.35
195.625		1916.35
195.75		1916.35
195.875		1916.35
196		1916.35
196.125		1927.51
196.25		1927.51
196.375		1927.51
196.5		1927.51
196.625		1927.51
196.75		1927.51
196.875		1927.51
197		1927.51
197.125		1930.62
197.25		1930.62
197.375		1930.62
197.5		1930.62
197.625		1930.62
197.75		1930.62
197.875		1930.62
198		1930.62
198.125		1940.32
198.25		1940.32
198.375		1940.32
198.5		1940.32
198.625		1940.32
198.75		1940.32
198.875		1940.32
199		1940.32
199.125		1943.61
199.25		1943.61
199.375		1943.61
199.5		1943.61
199.625		1943.61
199.75		1943.61
199.875		1943.61
200		1943.61
200.125		1946.72
200.25		1946.72
200.375		1946.72
200.5		1946.72
200.625		1946.72
200.75		1946.72
200.875		1946.72
201		1946.72
201.125		1971.06
201.25		1971.06
201.375		1971.06
201.5		1971.06
201.625		1971.06
201.75		1971.06
201.875		1971.06
202		1971.06
202.125		1980.94
202.25		1980.94
202.375		1980.94
202.5		1980.94
202.625		1980.94
202.75		1980.94
202.875		1980.94
203		1980.94
203.125		1986.61
203.25		1986.61
203.375		1986.61
203.5		1986.61
203.625		1986.61
203.75		1986.61
203.875		1986.61
204		1986.61
204.125		1995.02
204.25		1995.02
204.375		1995.02
204.5		1995.02
204.625		1995.02
204.75		1995.02
204.875		1995.02
205		1995.02
205.125		1995.94
205.25		1995.94
205.375		1995.94
205.5		1995.94
205.625		1995.94
205.75		1995.94
205.875		1995.94
206		1995.94
206.125		2002.71
206.25		2002.71
206.375		2002.71
206.5		2002.71
206.625		2002.71
206.75		2002.71
206.875		2002.71
207		2002.71
207.125		2030.52
207.25		2030.52
207.375		2030.52
207.5		2030.52
207.625		2030.52
207.75		2030.52
207.875		2030.52
208		2030.52
208.125		2035.09
208.25		2035.09
208.375		2035.09
208.5		2035.09
208.625		2035.09
208.75		2035.09
208.875		2035.09
209		2035.09
209.125		2041.5
209.25		2041.5
209.375		2041.5
209.5		2041.5
209.625		2041.5
209.75		2041.5
209.875		2041.5
210		2041.5
210.125		2049.73
210.25		2049.73
210.375		2049.73
210.5		2049.73
210.625		2049.73
210.75		2049.73
210.875		2049.73
211		2049.73
211.125		2059.24
211.25		2059.24
211.375		2059.24
211.5		2059.24
211.625		2059.24
211.75		2059.24
211.875		2059.24
212		2059.24
212.125		2076.26
212.25		2076.26
212.375		2076.26
212.5		2076.26
212.625		2076.26
212.75		2076.26
212.875		2076.26
213		2076.26
213.125		2089.98
213.25		2089.98
213.375		2089.98
213.5		2089.98
213.625		2089.98
213.75		2089.98
213.875		2089.98
214		2089.98
214.125		2092.54
214.25		2092.54
214.375		2092.54
214.5		2092.54
214.625		2092.54
214.75		2092.54
214.875		2092.54
215		2092.54
215.125		2093.64
215.25		2093.64
215.375		2093.64
215.5		2093.64
215.625		2093.64
215.75		2093.64
215.875		2093.64
216		2093.64
216.125		2112.85
216.25		2112.85
216.375		2112.85
216.5		2112.85
216.625		2112.85
216.75		2112.85
216.875		2112.85
217		2112.85
217.125		2130.78
217.25		2130.78
217.375		2130.78
217.5		2130.78
217.625		2130.78
217.75		2130.78
217.875		2130.78
218		2130.78
218.125		2134.26
218.25		2134.26
218.375		2134.26
218.5		2134.26
218.625		2134.26
218.75		2134.26
218.875		2134.26
219		2134.26
219.125		2143.95
219.25		2143.95
219.375		2143.95
219.5		2143.95
219.625		2143.95
219.75		2143.95
219.875		2143.95
220		2143.95
220.125		2151.82
220.25		2151.82
220.375		2151.82
220.5		2151.82
220.625		2151.82
220.75		2151.82
220.875		2151.82
221		2151.82
221.125		2171.95
221.25		2171.95
221.375		2171.95
221.5		2171.95
221.625		2171.95
221.75		2171.95
221.875		2171.95
222		2171.95
222.125		2181.65
222.25		2181.65
222.375		2181.65
222.5		2181.65
222.625		2181.65
222.75		2181.65
222.875		2181.65
223		2181.65
223.125		2191.89
223.25		2191.89
223.375		2191.89
223.5		2191.89
223.625		2191.89
223.75		2191.89
223.875		2191.89
224		2191.89
224.125		2200.86
224.25		2200.86
224.375		2200.86
224.5		2200.86
224.625		2200.86
224.75		2200.86
224.875		2200.86
225		2200.86
225.125		2210
225.25		2210
225.375		2210
225.5		2210
225.625		2210
225.75		2210
225.875		2210
226		2210
226.125		2226.29
226.25		2226.29
226.375		2226.29
226.5		2226.29
226.625		2226.29
226.75		2226.29
226.875		2226.29
227		2226.29
227.125		2232.69
227.25		2232.69
227.375		2232.69
227.5		2232.69
227.625		2232.69
227.75		2232.69
227.875		2232.69
228		2232.69
228.125		2237.08
228.25		2237.08
228.375		2237.08
228.5		2237.08
228.625		2237.08
228.75		2237.08
228.875		2237.08
229		2237.08
229.125		2249.89
229.25		2249.89
229.375		2249.89
229.5		2249.89
229.625		2249.89
229.75		2249.89
229.875		2249.89
230		2249.89
230.125		2270.38
230.25		2270.38
230.375		2270.38
230.5		2270.38
230.625		2270.38
230.75		2270.38
230.875		2270.38
231		2270.38
231.125		2276.42
231.25		2276.42
231.375		2276.42
231.5		2276.42
231.625		2276.42
231.75		2276.42
231.875		2276.42
232		2276.42
232.125		2278.62
232.25		2278.62
232.375		2278.62
232.5		2278.62
232.625		2278.62
232.75		2278.62
232.875		2278.62
233		2278.62
233.125		2293.44
233.25		2293.44
233.375		2293.44
233.5		2293.44
233.625		2293.44
233.75		2293.44
233.875		2293.44
234		2293.44
234.125		2309.35
234.25		2309.35
234.375		2309.35
234.5		2309.35
234.625		2309.35
234.75		2309.35
234.875		2309.35
235		2309.35
235.125		2310.08
235.25		2310.08
235.375		2310.08
235.5		2310.08
235.625		2310.08
235.75		2310.08
235.875		2310.08
236		2310.08
236.125		2311.18
236.25		2311.18
236.375		2311.18
236.5		2311.18
236.625		2311.18
236.75		2311.18
236.875		2311.18
237		2311.18
237.125		2340.64
237.25		2340.64
237.375		2340.64
237.5		2340.64
237.625		2340.64
237.75		2340.64
237.875		2340.64
238		2340.64
238.125		2355.09
238.25		2355.09
238.375		2355.09
238.5		2355.09
238.625		2355.09
238.75		2355.09
238.875		2355.09
239		2355.09
239.125		2355.83
239.25		2355.83
239.375		2355.83
239.5		2355.83
239.625		2355.83
239.75		2355.83
239.875		2355.83
240		2355.83
240.125		2375.59
240.25		2375.59
240.375		2375.59
240.5		2375.59
240.625		2375.59
240.75		2375.59
240.875		2375.59
241		2375.59
241.125		2377.05
241.25		2377.05
241.375		2377.05
241.5		2377.05
241.625		2377.05
241.75		2377.05
241.875		2377.05
242		2377.05
242.125		2384.92
242.25		2384.92
242.375		2384.92
242.5		2384.92
242.625		2384.92
242.75		2384.92
242.875		2384.92
243		2384.92
243.125		2406.51
243.25		2406.51
243.375		2406.51
243.5		2406.51
243.625		2406.51
243.75		2406.51
243.875		2406.51
244		2406.51
244.125		2412.18
244.25		2412.18
244.375		2412.18
244.5		2412.18
244.625		2412.18
244.75		2412.18
244.875		2412.18
245		2412.18
245.125		2420.41
245.25		2420.41
245.375		2420.41
245.5		2420.41
245.625		2420.41
245.75		2420.41
245.875		2420.41
246		2420.41
246.125		2433.77
246.25		2433.77
246.375		2433.77
246.5		2433.77
246.625		2433.77
246.75		2433.77
246.875		2433.77
247		2433.77
247.125		2438.16
247.25		2438.16
247.375		2438.16
247.5		2438.16
247.625		2438.16
247.75		2438.16
247.875		2438.16
248		2438.16
248.125		2439.62
248.25		2439.62
248.375		2439.62
248.5		2439.62
248.625		2439.62
248.75		2439.62
248.875		2439.62
249		2439.62
249.125		2463.59
249.25		2463.59
249.375		2463.59
249.5		2463.59
249.625		2463.59
249.75		2463.59
249.875		2463.59
250		2463.59
250.125		2481.52
250.25		2481.52
250.375		2481.52
250.5		2481.52
250.625		2481.52
250.75		2481.52
250.875		2481.52
251		2481.52
251.125		2486.28
251.25		2486.28
251.375		2486.28
251.5		2486.28
251.625		2486.28
251.75		2486.28
251.875		2486.28
252		2486.28
252.125		2489.57
252.25		2489.57
252.375		2489.57
252.5		2489.57
252.625		2489.57
252.75		2489.57
252.875		2489.57
253		2489.57
253.125		2498.9
253.25		2498.9
253.375		2498.9
253.5		2498.9
253.625		2498.9
253.75		2498.9
253.875		2498.9
254		2498.9
254.125		2504.21
254.25		2504.21
254.375		2504.21
254.5		2504.21
254.625		2504.21
254.75		2504.21
254.875		2504.21
255		2504.21
255.125		2523.42
255.25		2523.42
255.375		2523.42
255.5		2523.42
255.625		2523.42
255.75		2523.42
255.875		2523.42
256		2523.42
256.125		2556.72
256.25		2556.72
256.375		2556.72
256.5		2556.72
256.625		2556.72
256.75		2556.72
256.875		2556.72
257		2556.72
257.125		2557.82
257.25		2557.82
257.375		2557.82
257.5		2557.82
257.625		2557.82
257.75		2557.82
257.875		2557.82
258		2557.82
258.125		2560.01
258.25		2560.01
258.375		2560.01
258.5		2560.01
258.625		2560.01
258.75		2560.01
258.875		2560.01
259		2560.01
259.125		2568.61
259.25		2568.61
259.375		2568.61
259.5		2568.61
259.625		2568.61
259.75		2568.61
259.875		2568.61
260		2568.61
260.125		2582.52
260.25		2582.52
260.375		2582.52
260.5		2582.52
260.625		2582.52
260.75		2582.52
260.875		2582.52
261		2582.52
261.125		2594.59
261.25		2594.59
261.375		2594.59
261.5		2594.59
261.625		2594.59
261.75		2594.59
261.875		2594.59
262		2594.59
262.125		2610.69
262.25		2610.69
262.375		2610.69
262.5		2610.69
262.625		2610.69
262.75		2610.69
262.875		2610.69
263		2610.69
263.125		2613.07
263.25		2613.07
263.375		2613.07
263.5		2613.07
263.625		2613.07
263.75		2613.07
263.875		2613.07
264		2613.07
264.125		2637.59
264.25		2637.59
264.375		2637.59
264.5		2637.59
264.625		2637.59
264.75		2637.59
264.875		2637.59
265		2637.59
265.125		2640.7
265.25		2640.7
265.375		2640.7
265.5		2640.7
265.625		2640.7
265.75		2640.7
265.875		2640.7
266		2640.7
266.125		2645.09
266.25		2645.09
266.375		2645.09
266.5		2645.09
266.625		2645.09
266.75		2645.09
266.875		2645.09
267		2645.09
267.125		2647.47
267.25		2647.47
267.375		2647.47
267.5		2647.47
267.625		2647.47
267.75		2647.47
267.875		2647.47
268		2647.47
268.125		2676.74
268.25		2676.74
268.375		2676.74
268.5		2676.74
268.625		2676.74
268.75		2676.74
268.875		2676.74
269		2676.74
269.125		2691.2
269.25		2691.2
269.375		2691.2
269.5		2691.2
269.625		2691.2
269.75		2691.2
269.875		2691.2
270		2691.2
270.125		2703.27
270.25		2703.27
270.375		2703.27
270.5		2703.27
270.625		2703.27
270.75		2703.27
270.875		2703.27
271		2703.27
271.125		2707.3
271.25		2707.3
271.375		2707.3
271.5		2707.3
271.625		2707.3
271.75		2707.3
271.875		2707.3
272		2707.3
272.125		2710.59
272.25		2710.59
272.375		2710.59
272.5		2710.59
272.625		2710.59
272.75		2710.59
272.875		2710.59
273		2710.59
273.125		2738.03
273.25		2738.03
273.375		2738.03
273.5		2738.03
273.625		2738.03
273.75		2738.03
273.875		2738.03
274		2738.03
274.125		2740.05
274.25		2740.05
274.375		2740.05
274.5		2740.05
274.625		2740.05
274.75		2740.05
274.875		2740.05
275		2740.05
275.125		2746.45
275.25		2746.45
275.375		2746.45
275.5		2746.45
275.625		2746.45
275.75		2746.45
275.875		2746.45
276		2746.45
276.125		2763.1
276.25		2763.1
276.375		2763.1
276.5		2763.1
276.625		2763.1
276.75		2763.1
276.875		2763.1
277		2763.1
277.125		2768.22
277.25		2768.22
277.375		2768.22
277.5		2768.22
277.625		2768.22
277.75		2768.22
277.875		2768.22
278		2768.22
278.125		2781.76
278.25		2781.76
278.375		2781.76
278.5		2781.76
278.625		2781.76
278.75		2781.76
278.875		2781.76
279		2781.76
279.125		2806.65
279.25		2806.65
279.375		2806.65
279.5		2806.65
279.625		2806.65
279.75		2806.65
279.875		2806.65
280		2806.65
280.125		2809.57
280.25		2809.57
280.375		2809.57
280.5		2809.57
280.625		2809.57
280.75		2809.57
280.875		2809.57
281		2809.57
281.125		2840.49
281.25		2840.49
281.375		2840.49
281.5		2840.49
281.625		2840.49
281.75		2840.49
281.875		2840.49
282		2840.49
282.125		2841.41
282.25		2841.41
282.375		2841.41
282.5		2841.41
282.625		2841.41
282.75		2841.41
282.875		2841.41
283		2841.41
283.125		2842.69
283.25		2842.69
283.375		2842.69
283.5		2842.69
283.625		2842.69
283.75		2842.69
283.875		2842.69
284		2842.69
284.125		2843.97
284.25		2843.97
284.375		2843.97
284.5		2843.97
284.625		2843.97
284.75		2843.97
284.875		2843.97
285		2843.97
285.125		2887.7
285.25		2887.7
285.375		2887.7
285.5		2887.7
285.625		2887.7
285.75		2887.7
285.875		2887.7
286		2887.7
286.125		2888.43
286.25		2888.43
286.375		2888.43
286.5		2888.43
286.625		2888.43
286.75		2888.43
286.875		2888.43
287		2888.43
287.125		2888.8
287.25		2888.8
287.375		2888.8
287.5		2888.8
287.625		2888.8
287.75		2888.8
287.875		2888.8
288		2888.8
288.125		2892.27
288.25		2892.27
288.375		2892.27
288.5		2892.27
288.625		2892.27
288.75		2892.27
288.875		2892.27
289		2892.27
289.125		2894.47
289.25		2894.47
289.375		2894.47
289.5		2894.47
289.625		2894.47
289.75		2894.47
289.875		2894.47
290		2894.47
290.125		2918.25
290.25		2918.25
290.375		2918.25
290.5		2918.25
290.625		2918.25
290.75		2918.25
290.875		2918.25
291		2918.25
291.125		2933.62
291.25		2933.62
291.375		2933.62
291.5		2933.62
291.625		2933.62
291.75		2933.62
291.875		2933.62
292		2933.62
292.125		2937.46
292.25		2937.46
292.375		2937.46
292.5		2937.46
292.625		2937.46
292.75		2937.46
292.875		2937.46
293		2937.46
293.125		2944.96
293.25		2944.96
293.375		2944.96
293.5		2944.96
293.625		2944.96
293.75		2944.96
293.875		2944.96
294		2944.96
294.125		2961.07
294.25		2961.07
294.375		2961.07
294.5		2961.07
294.625		2961.07
294.75		2961.07
294.875		2961.07
295		2961.07
295.125		2966.74
295.25		2966.74
295.375		2966.74
295.5		2966.74
295.625		2966.74
295.75		2966.74
295.875		2966.74
296		2966.74
296.125		2975.52
296.25		2975.52
296.375		2975.52
296.5		2975.52
296.625		2975.52
296.75		2975.52
296.875		2975.52
297		2975.52
297.125		2989.24
297.25		2989.24
297.375		2989.24
297.5		2989.24
297.625		2989.24
297.75		2989.24
297.875		2989.24
298		2989.24
298.125		3004.79
298.25		3004.79
298.375		3004.79
298.5		3004.79
298.625		3004.79
298.75		3004.79
298.875		3004.79
299		3004.79
299.125		3030.77
299.25		3030.77
299.375		3030.77
299.5		3030.77
299.625		3030.77
299.75		3030.77
299.875		3030.77
300		3030.77
300.125		3037.36
300.25		3037.36
300.375		3037.36
300.5		3037.36
300.625		3037.36
300.75		3037.36
300.875		3037.36
301		3037.36
301.125		3043.22
301.25		3043.22
301.375		3043.22
301.5		3043.22
301.625		3043.22
301.75		3043.22
301.875		3043.22
302		3043.22
302.125		3059.5
302.25		3059.5
302.375		3059.5
302.5		3059.5
302.625		3059.5
302.75		3059.5
302.875		3059.5
303		3059.5
303.125		3066.09
303.25		3066.09
303.375		3066.09
303.5		3066.09
303.625		3066.09
303.75		3066.09
303.875		3066.09
304		3066.09
304.125		3070.48
304.25		3070.48
304.375		3070.48
304.5		3070.48
304.625		3070.48
304.75		3070.48
304.875		3070.48
305		3070.48
305.125		3090.05
305.25		3090.05
305.375		3090.05
305.5		3090.05
305.625		3090.05
305.75		3090.05
305.875		3090.05
306		3090.05
306.125		3100.12
306.25		3100.12
306.375		3100.12
306.5		3100.12
306.625		3100.12
306.75		3100.12
306.875		3100.12
307		3100.12
307.125		3120.79
307.25		3120.79
307.375		3120.79
307.5		3120.79
307.625		3120.79
307.75		3120.79
307.875		3120.79
308		3120.79
308.125		3121.71
308.25		3121.71
308.375		3121.71
308.5		3121.71
308.625		3121.71
308.75		3121.71
308.875		3121.71
309		3121.71
309.125		3130.49
309.25		3130.49
309.375		3130.49
309.5		3130.49
309.625		3130.49
309.75		3130.49
309.875		3130.49
310		3130.49
310.125		3132.5
310.25		3132.5
310.375		3132.5
310.5		3132.5
310.625		3132.5
310.75		3132.5
310.875		3132.5
311		3132.5
311.125		3140.92
311.25		3140.92
311.375		3140.92
311.5		3140.92
311.625		3140.92
311.75		3140.92
311.875		3140.92
312		3140.92
312.125		3172.75
312.25		3172.75
312.375		3172.75
312.5		3172.75
312.625		3172.75
312.75		3172.75
312.875		3172.75
313		3172.75
313.125		3192.88
313.25		3192.88
313.375		3192.88
313.5		3192.88
313.625		3192.88
313.75		3192.88
313.875		3192.88
314		3192.88
314.125		3198.73
314.25		3198.73
314.375		3198.73
314.5		3198.73
314.625		3198.73
314.75		3198.73
314.875		3198.73
315		3198.73
315.125		3200.38
315.25		3200.38
315.375		3200.38
315.5		3200.38
315.625		3200.38
315.75		3200.38
315.875		3200.38
316		3200.38
316.125		3217.58
316.25		3217.58
316.375		3217.58
316.5		3217.58
316.625		3217.58
316.75		3217.58
316.875		3217.58
317		3217.58
317.125		3229.65
317.25		3229.65
317.375		3229.65
317.5		3229.65
317.625		3229.65
317.75		3229.65
317.875		3229.65
318		3229.65
318.125		3231.67
318.25		3231.67
318.375		3231.67
318.5		3231.67
318.625		3231.67
318.75		3231.67
318.875		3231.67
319		3231.67
319.125		3246.67
319.25		3246.67
319.375		3246.67
319.5		3246.67
319.625		3246.67
319.75		3246.67
319.875		3246.67
320		3246.67
320.125		3246.67
320.25		3246.67
320.375		3246.67
320.5		3246.67
320.625		3246.67
320.75		3246.67
320.875		3246.67
321		3246.67
321.125		3275.4
321.25		3275.4
321.375		3275.4
321.5		3275.4
321.625		3275.4
321.75		3275.4
321.875		3275.4
322		3275.4
322.125		3276.86
322.25		3276.86
322.375		3276.86
322.5		3276.86
322.625		3276.86
322.75		3276.86
322.875		3276.86
323		3276.86
323.125		3280.15
323.25		3280.15
323.375		3280.15
323.5		3280.15
323.625		3280.15
323.75		3280.15
323.875		3280.15
324		3280.15
324.125		3302.47
324.25		3302.47
324.375		3302.47
324.5		3302.47
324.625		3302.47
324.75		3302.47
324.875		3302.47
325		3302.47
325.125		3307.05
325.25		3307.05
325.375		3307.05
325.5		3307.05
325.625		3307.05
325.75		3307.05
325.875		3307.05
326		3307.05
326.125		3308.33
326.25		3308.33
326.375		3308.33
326.5		3308.33
326.625		3308.33
326.75		3308.33
326.875		3308.33
327		3308.33
327.125		3324.06
327.25		3324.06
327.375		3324.06
327.5		3324.06
327.625		3324.06
327.75		3324.06
327.875		3324.06
328		3324.06
328.125		3342.73
328.25		3342.73
328.375		3342.73
328.5		3342.73
328.625		3342.73
328.75		3342.73
328.875		3342.73
329		3342.73
329.125		3352.61
329.25		3352.61
329.375		3352.61
329.5		3352.61
329.625		3352.61
329.75		3352.61
329.875		3352.61
330		3352.61
330.125		3361.39
330.25		3361.39
330.375		3361.39
330.5		3361.39
330.625		3361.39
330.75		3361.39
330.875		3361.39
331		3361.39
331.125		3363.77
331.25		3363.77
331.375		3363.77
331.5		3363.77
331.625		3363.77
331.75		3363.77
331.875		3363.77
332		3363.77
332.125		3379.32
332.25		3379.32
332.375		3379.32
332.5		3379.32
332.625		3379.32
332.75		3379.32
332.875		3379.32
333		3379.32
333.125		3396.7
333.25		3396.7
333.375		3396.7
333.5		3396.7
333.625		3396.7
333.75		3396.7
333.875		3396.7
334		3396.7
334.125		3400.72
334.25		3400.72
334.375		3400.72
334.5		3400.72
334.625		3400.72
334.75		3400.72
334.875		3400.72
335		3400.72
335.125		3422.68
335.25		3422.68
335.375		3422.68
335.5		3422.68
335.625		3422.68
335.75		3422.68
335.875		3422.68
336		3422.68
336.125		3428.53
336.25		3428.53
336.375		3428.53
336.5		3428.53
336.625		3428.53
336.75		3428.53
336.875		3428.53
337		3428.53
337.125		3444.64
337.25		3444.64
337.375		3444.64
337.5		3444.64
337.625		3444.64
337.75		3444.64
337.875		3444.64
338		3444.64
338.125		3449.39
338.25		3449.39
338.375		3449.39
338.5		3449.39
338.625		3449.39
338.75		3449.39
338.875		3449.39
339		3449.39
339.125		3453.6
339.25		3453.6
339.375		3453.6
339.5		3453.6
339.625		3453.6
339.75		3453.6
339.875		3453.6
340		3453.6
340.125		3457.26
340.25		3457.26
340.375		3457.26
340.5		3457.26
340.625		3457.26
340.75		3457.26
340.875		3457.26
341		3457.26
341.125		3477.75
341.25		3477.75
341.375		3477.75
341.5		3477.75
341.625		3477.75
341.75		3477.75
341.875		3477.75
342		3477.75
342.125		3479.03
342.25		3479.03
342.375		3479.03
342.5		3479.03
342.625		3479.03
342.75		3479.03
342.875		3479.03
343		3479.03
343.125		3488.73
343.25		3488.73
343.375		3488.73
343.5		3488.73
343.625		3488.73
343.75		3488.73
343.875		3488.73
344		3488.73
344.125		3495.13
344.25		3495.13
344.375		3495.13
344.5		3495.13
344.625		3495.13
344.75		3495.13
344.875		3495.13
345		3495.13
345.125		3498.43
345.25		3498.43
345.375		3498.43
345.5		3498.43
345.625		3498.43
345.75		3498.43
345.875		3498.43
346		3498.43
346.125		3530.08
346.25		3530.08
346.375		3530.08
346.5		3530.08
346.625		3530.08
346.75		3530.08
346.875		3530.08
347		3530.08
347.125		3531.36
347.25		3531.36
347.375		3531.36
347.5		3531.36
347.625		3531.36
347.75		3531.36
347.875		3531.36
348		3531.36
348.125		3541.24
348.25		3541.24
348.375		3541.24
348.5		3541.24
348.625		3541.24
348.75		3541.24
348.875		3541.24
349		3541.24
349.125		3553.5
349.25		3553.5
349.375		3553.5
349.5		3553.5
349.625		3553.5
349.75		3553.5
349.875		3553.5
350		3553.5
350.125		3575.27
350.25		3575.27
350.375		3575.27
350.5		3575.27
350.625		3575.27
350.75		3575.27
350.875		3575.27
351		3575.27
351.125		3576.55
351.25		3576.55
351.375		3576.55
351.5		3576.55
351.625		3576.55
351.75		3576.55
351.875		3576.55
352		3576.55
352.125		3579.66
352.25		3579.66
352.375		3579.66
352.5		3579.66
352.625		3579.66
352.75		3579.66
352.875		3579.66
353		3579.66
353.125		3590.46
353.25		3590.46
353.375		3590.46
353.5		3590.46
353.625		3590.46
353.75		3590.46
353.875		3590.46
354		3590.46
354.125		3616.07
354.25		3616.07
354.375		3616.07
354.5		3616.07
354.625		3616.07
354.75		3616.07
354.875		3616.07
355		3616.07
355.125		3623.21
355.25		3623.21
355.375		3623.21
355.5		3623.21
355.625		3623.21
355.75		3623.21
355.875		3623.21
356		3623.21
356.125		3623.57
356.25		3623.57
356.375		3623.57
356.5		3623.57
356.625		3623.57
356.75		3623.57
356.875		3623.57
357		3623.57
357.125		3626.68
357.25		3626.68
357.375		3626.68
357.5		3626.68
357.625		3626.68
357.75		3626.68
357.875		3626.68
358		3626.68
358.125		3634
358.25		3634
358.375		3634
358.5		3634
358.625		3634
358.75		3634
358.875		3634
359		3634
359.125		3644.06
359.25		3644.06
359.375		3644.06
359.5		3644.06
359.625		3644.06
359.75		3644.06
359.875		3644.06
360		3644.06
360.125		3666.02
360.25		3666.02
360.375		3666.02
360.5		3666.02
360.625		3666.02
360.75		3666.02
360.875		3666.02
361		3666.02
361.125		3673.89
361.25		3673.89
361.375		3673.89
361.5		3673.89
361.625		3673.89
361.75		3673.89
361.875		3673.89
362		3673.89
362.125		3678.28
362.25		3678.28
362.375		3678.28
362.5		3678.28
362.625		3678.28
362.75		3678.28
362.875		3678.28
363		3678.28
363.125		3680.29
363.25		3680.29
363.375		3680.29
363.5		3680.29
363.625		3680.29
363.75		3680.29
363.875		3680.29
364		3680.29
364.125		3697.49
364.25		3697.49
364.375		3697.49
364.5		3697.49
364.625		3697.49
364.75		3697.49
364.875		3697.49
365		3697.49
365.125		3713.22
365.25		3713.22
365.375		3713.22
365.5		3713.22
365.625		3713.22
365.75		3713.22
365.875		3713.22
366		3713.22
366.125		3719.08
366.25		3719.08
366.375		3719.08
366.5		3719.08
366.625		3719.08
366.75		3719.08
366.875		3719.08
367		3719.08
367.125		3731.15
367.25		3731.15
367.375		3731.15
367.5		3731.15
367.625		3731.15
367.75		3731.15
367.875		3731.15
368		3731.15
368.125		3732.62
368.25		3732.62
368.375		3732.62
368.5		3732.62
368.625		3732.62
368.75		3732.62
368.875		3732.62
369		3732.62
369.125		3738.47
369.25		3738.47
369.375		3738.47
369.5		3738.47
369.625		3738.47
369.75		3738.47
369.875		3738.47
370		3738.47
370.125		3754.76
370.25		3754.76
370.375		3754.76
370.5		3754.76
370.625		3754.76
370.75		3754.76
370.875		3754.76
371		3754.76
371.125		3761.16
371.25		3761.16
371.375		3761.16
371.5		3761.16
371.625		3761.16
371.75		3761.16
371.875		3761.16
372		3761.16
372.125		3763.36
372.25		3763.36
372.375		3763.36
372.5		3763.36
372.625		3763.36
372.75		3763.36
372.875		3763.36
373		3763.36
373.125		3786.78
373.25		3786.78
373.375		3786.78
373.5		3786.78
373.625		3786.78
373.75		3786.78
373.875		3786.78
374		3786.78
374.125		3795.19
374.25		3795.19
374.375		3795.19
374.5		3795.19
374.625		3795.19
374.75		3795.19
374.875		3795.19
375		3795.19
375.125		3795.56
375.25		3795.56
375.375		3795.56
375.5		3795.56
375.625		3795.56
375.75		3795.56
375.875		3795.56
376		3795.56
376.125		3802.88
376.25		3802.88
376.375		3802.88
376.5		3802.88
376.625		3802.88
376.75		3802.88
376.875		3802.88
377		3802.88
377.125		3815.87
377.25		3815.87
377.375		3815.87
377.5		3815.87
377.625		3815.87
377.75		3815.87
377.875		3815.87
378		3815.87
378.125		3828.86
378.25		3828.86
378.375		3828.86
378.5		3828.86
378.625		3828.86
378.75		3828.86
378.875		3828.86
379		3828.86
379.125		3841.66
379.25		3841.66
379.375		3841.66
379.5		3841.66
379.625		3841.66
379.75		3841.66
379.875		3841.66
380		3841.66
380.125		3862.89
380.25		3862.89
380.375		3862.89
380.5		3862.89
380.625		3862.89
380.75		3862.89
380.875		3862.89
381		3862.89
381.125		3866.73
381.25		3866.73
381.375		3866.73
381.5		3866.73
381.625		3866.73
381.75		3866.73
381.875		3866.73
382		3866.73
382.125		3881.55
382.25		3881.55
382.375		3881.55
382.5		3881.55
382.625		3881.55
382.75		3881.55
382.875		3881.55
383		3881.55
383.125		3882.46
383.25		3882.46
383.375		3882.46
383.5		3882.46
383.625		3882.46
383.75		3882.46
383.875		3882.46
384		3882.46
384.125		3887.4
384.25		3887.4
384.375		3887.4
384.5		3887.4
384.625		3887.4
384.75		3887.4
384.875		3887.4
385		3887.4
385.125		3890.33
385.25		3890.33
385.375		3890.33
385.5		3890.33
385.625		3890.33
385.75		3890.33
385.875		3890.33
386		3890.33
386.125		3922.35
386.25		3922.35
386.375		3922.35
386.5		3922.35
386.625		3922.35
386.75		3922.35
386.875		3922.35
387		3922.35
387.125		3941.93
387.25		3941.93
387.375		3941.93
387.5		3941.93
387.625		3941.93
387.75		3941.93
387.875		3941.93
388		3941.93
388.125		3944.31
388.25		3944.31
388.375		3944.31
388.5		3944.31
388.625		3944.31
388.75		3944.31
388.875		3944.31
389		3944.31
389.125		3946.14
389.25		3946.14
389.375		3946.14
389.5		3946.14
389.625		3946.14
389.75		3946.14
389.875		3946.14
390		3946.14
390.125		3963.15
390.25		3963.15
390.375		3963.15
390.5		3963.15
390.625		3963.15
390.75		3963.15
390.875		3963.15
391		3963.15
391.125		3969.19
391.25		3969.19
391.375		3969.19
391.5		3969.19
391.625		3969.19
391.75		3969.19
391.875		3969.19
392		3969.19
392.125		3975.78
392.25		3975.78
392.375		3975.78
392.5		3975.78
392.625		3975.78
392.75		3975.78
392.875		3975.78
393		3975.78
393.125		3997.18
393.25		3997.18
393.375		3997.18
393.5		3997.18
393.625		3997.18
393.75		3997.18
393.875		3997.18
394		3997.18
394.125		4004.32
394.25		4004.32
394.375		4004.32
394.5		4004.32
394.625		4004.32
394.75		4004.32
394.875		4004.32
395		4004.32
395.125		4015.48
395.25		4015.48
395.375		4015.48
395.5		4015.48
395.625		4015.48
395.75		4015.48
395.875		4015.48
396		4015.48
396.125		4029.38
396.25		4029.38
396.375		4029.38
396.5		4029.38
396.625		4029.38
396.75		4029.38
396.875		4029.38
397		4029.38
397.125		4034.51
397.25		4034.51
397.375		4034.51
397.5		4034.51
397.625		4034.51
397.75		4034.51
397.875		4034.51
398		4034.51
398.125		4045.67
398.25		4045.67
398.375		4045.67
398.5		4045.67
398.625		4045.67
398.75		4045.67
398.875		4045.67
399		4045.67
399.125		4070.18
399.25		4070.18
399.375		4070.18
399.5		4070.18
399.625		4070.18
399.75		4070.18
399.875		4070.18
400		4070.18
400.125		4080.06
400.25		4080.06
400.375		4080.06
400.5		4080.06
400.625		4080.06
400.75		4080.06
400.875		4080.06
401		4080.06
401.125		4086.29
401.25		4086.29
401.375		4086.29
401.5		4086.29
401.625		4086.29
401.75		4086.29
401.875		4086.29
402		4086.29
402.125		4089.58
402.25		4089.58
402.375		4089.58
402.5		4089.58
402.625		4089.58
402.75		4089.58
402.875		4089.58
403		4089.58
403.125		4093.05
403.25		4093.05
403.375		4093.05
403.5		4093.05
403.625		4093.05
403.75		4093.05
403.875		4093.05
404		4093.05
404.125		4128
404.25		4128
404.375		4128
404.5		4128
404.625		4128
404.75		4128
404.875		4128
405		4128
405.125		4129.46
405.25		4129.46
405.375		4129.46
405.5		4129.46
405.625		4129.46
405.75		4129.46
405.875		4129.46
406		4129.46
406.125		4141.36
406.25		4141.36
406.375		4141.36
406.5		4141.36
406.625		4141.36
406.75		4141.36
406.875		4141.36
407		4141.36
407.125		4143.74
407.25		4143.74
407.375		4143.74
407.5		4143.74
407.625		4143.74
407.75		4143.74
407.875		4143.74
408		4143.74
408.125		4152.15
408.25		4152.15
408.375		4152.15
408.5		4152.15
408.625		4152.15
408.75		4152.15
408.875		4152.15
409		4152.15
409.125		4175.39
409.25		4175.39
409.375		4175.39
409.5		4175.39
409.625		4175.39
409.75		4175.39
409.875		4175.39
410		4175.39
410.125		4180.33
410.25		4180.33
410.375		4180.33
410.5		4180.33
410.625		4180.33
410.75		4180.33
410.875		4180.33
411		4180.33
411.125		4184.54
411.25		4184.54
411.375		4184.54
411.5		4184.54
411.625		4184.54
411.75		4184.54
411.875		4184.54
412		4184.54
412.125		4200.45
412.25		4200.45
412.375		4200.45
412.5		4200.45
412.625		4200.45
412.75		4200.45
412.875		4200.45
413		4200.45
413.125		4219.66
413.25		4219.66
413.375		4219.66
413.5		4219.66
413.625		4219.66
413.75		4219.66
413.875		4219.66
414		4219.66
414.125		4228.81
414.25		4228.81
414.375		4228.81
414.5		4228.81
414.625		4228.81
414.75		4228.81
414.875		4228.81
415		4228.81
415.125		4236.31
415.25		4236.31
415.375		4236.31
415.5		4236.31
415.625		4236.31
415.75		4236.31
415.875		4236.31
416		4236.31
416.125		4240.34
416.25		4240.34
416.375		4240.34
416.5		4240.34
416.625		4240.34
416.75		4240.34
416.875		4240.34
417		4240.34
417.125		4256.07
417.25		4256.07
417.375		4256.07
417.5		4256.07
417.625		4256.07
417.75		4256.07
417.875		4256.07
418		4256.07
418.125		4260.1
418.25		4260.1
418.375		4260.1
418.5		4260.1
418.625		4260.1
418.75		4260.1
418.875		4260.1
419		4260.1
419.125		4281.69
419.25		4281.69
419.375		4281.69
419.5		4281.69
419.625		4281.69
419.75		4281.69
419.875		4281.69
420		4281.69
420.125		4297.06
420.25		4297.06
420.375		4297.06
420.5		4297.06
420.625		4297.06
420.75		4297.06
420.875		4297.06
421		4297.06
421.125		4310.6
421.25		4310.6
421.375		4310.6
421.5		4310.6
421.625		4310.6
421.75		4310.6
421.875		4310.6
422		4310.6
422.125		4316.63
422.25		4316.63
422.375		4316.63
422.5		4316.63
422.625		4316.63
422.75		4316.63
422.875		4316.63
423		4316.63
423.125		4328.71
423.25		4328.71
423.375		4328.71
423.5		4328.71
423.625		4328.71
423.75		4328.71
423.875		4328.71
424		4328.71
424.125		4339.14
424.25		4339.14
424.375		4339.14
424.5		4339.14
424.625		4339.14
424.75		4339.14
424.875		4339.14
425		4339.14
425.125		4345.18
425.25		4345.18
425.375		4345.18
425.5		4345.18
425.625		4345.18
425.75		4345.18
425.875		4345.18
426		4345.18
426.125		4360
426.25		4360
426.375		4360
426.5		4360
426.625		4360
426.75		4360
426.875		4360
427		4360
427.125		4373.54
427.25		4373.54
427.375		4373.54
427.5		4373.54
427.625		4373.54
427.75		4373.54
427.875		4373.54
428		4373.54
428.125		4376.83
428.25		4376.83
428.375		4376.83
428.5		4376.83
428.625		4376.83
428.75		4376.83
428.875		4376.83
429		4376.83
429.125		4396.59
429.25		4396.59
429.375		4396.59
429.5		4396.59
429.625		4396.59
429.75		4396.59
429.875		4396.59
430		4396.59
430.125		4410.68
430.25		4410.68
430.375		4410.68
430.5		4410.68
430.625		4410.68
430.75		4410.68
430.875		4410.68
431		4410.68
431.125		4415.07
431.25		4415.07
431.375		4415.07
431.5		4415.07
431.625		4415.07
431.75		4415.07
431.875		4415.07
432		4415.07
432.125		4418.73
432.25		4418.73
432.375		4418.73
432.5		4418.73
432.625		4418.73
432.75		4418.73
432.875		4418.73
433		4418.73
433.125		4440.32
433.25		4440.32
433.375		4440.32
433.5		4440.32
433.625		4440.32
433.75		4440.32
433.875		4440.32
434		4440.32
434.125		4454.95
434.25		4454.95
434.375		4454.95
434.5		4454.95
434.625		4454.95
434.75		4454.95
434.875		4454.95
435		4454.95
435.125		4459.53
435.25		4459.53
435.375		4459.53
435.5		4459.53
435.625		4459.53
435.75		4459.53
435.875		4459.53
436		4459.53
436.125		4471.06
436.25		4471.06
436.375		4471.06
436.5		4471.06
436.625		4471.06
436.75		4471.06
436.875		4471.06
437		4471.06
437.125		4478.37
437.25		4478.37
437.375		4478.37
437.5		4478.37
437.625		4478.37
437.75		4478.37
437.875		4478.37
438		4478.37
438.125		4494.84
438.25		4494.84
438.375		4494.84
438.5		4494.84
438.625		4494.84
438.75		4494.84
438.875		4494.84
439		4494.84
439.125		4510.03
439.25		4510.03
439.375		4510.03
439.5		4510.03
439.625		4510.03
439.75		4510.03
439.875		4510.03
440		4510.03
440.125		4511.49
440.25		4511.49
440.375		4511.49
440.5		4511.49
440.625		4511.49
440.75		4511.49
440.875		4511.49
441		4511.49
441.125		4513.5
441.25		4513.5
441.375		4513.5
441.5		4513.5
441.625		4513.5
441.75		4513.5
441.875		4513.5
442		4513.5
442.125		4524.85
442.25		4524.85
442.375		4524.85
442.5		4524.85
442.625		4524.85
442.75		4524.85
442.875		4524.85
443		4524.85
443.125		4540.76
443.25		4540.76
443.375		4540.76
443.5		4540.76
443.625		4540.76
443.75		4540.76
443.875		4540.76
444		4540.76
444.125		4555.22
444.25		4555.22
444.375		4555.22
444.5		4555.22
444.625		4555.22
444.75		4555.22
444.875		4555.22
445		4555.22
445.125		4571.14
445.25		4571.14
445.375		4571.14
445.5		4571.14
445.625		4571.14
445.75		4571.14
445.875		4571.14
446		4571.14
446.125		4575.71
446.25		4575.71
446.375		4575.71
446.5		4575.71
446.625		4575.71
446.75		4575.71
446.875		4575.71
447		4575.71
447.125		4576.44
447.25		4576.44
447.375		4576.44
447.5		4576.44
447.625		4576.44
447.75		4576.44
447.875		4576.44
448		4576.44
448.125		4592.73
448.25		4592.73
448.375		4592.73
448.5		4592.73
448.625		4592.73
448.75		4592.73
448.875		4592.73
449		4592.73
449.125		4602.61
449.25		4602.61
449.375		4602.61
449.5		4602.61
449.625		4602.61
449.75		4602.61
449.875		4602.61
450		4602.61
450.125		4618.71
450.25		4618.71
450.375		4618.71
450.5		4618.71
450.625		4618.71
450.75		4618.71
450.875		4618.71
451		4618.71
451.125		4626.76
451.25		4626.76
451.375		4626.76
451.5		4626.76
451.625		4626.76
451.75		4626.76
451.875		4626.76
452		4626.76
452.125		4636.82
452.25		4636.82
452.375		4636.82
452.5		4636.82
452.625		4636.82
452.75		4636.82
452.875		4636.82
453		4636.82
453.125		4641.21
453.25		4641.21
453.375		4641.21
453.5		4641.21
453.625		4641.21
453.75		4641.21
453.875		4641.21
454		4641.21
454.125		4644.5
454.25		4644.5
454.375		4644.5
454.5		4644.5
454.625		4644.5
454.75		4644.5
454.875		4644.5
455		4644.5
455.125		4651.46
455.25		4651.46
455.375		4651.46
455.5		4651.46
455.625		4651.46
455.75		4651.46
455.875		4651.46
456		4651.46
456.125		4677.44
456.25		4677.44
456.375		4677.44
456.5		4677.44
456.625		4677.44
456.75		4677.44
456.875		4677.44
457		4677.44
457.125		4680.55
457.25		4680.55
457.375		4680.55
457.5		4680.55
457.625		4680.55
457.75		4680.55
457.875		4680.55
458		4680.55
458.125		4686.95
458.25		4686.95
458.375		4686.95
458.5		4686.95
458.625		4686.95
458.75		4686.95
458.875		4686.95
459		4686.95
459.125		4702.87
459.25		4702.87
459.375		4702.87
459.5		4702.87
459.625		4702.87
459.75		4702.87
459.875		4702.87
460		4702.87
460.125		4713.48
460.25		4713.48
460.375		4713.48
460.5		4713.48
460.625		4713.48
460.75		4713.48
460.875		4713.48
461		4713.48
461.125		4734.34
461.25		4734.34
461.375		4734.34
461.5		4734.34
461.625		4734.34
461.75		4734.34
461.875		4734.34
462		4734.34
462.125		4744.58
462.25		4744.58
462.375		4744.58
462.5		4744.58
462.625		4744.58
462.75		4744.58
462.875		4744.58
463		4744.58
463.125		4746.78
463.25		4746.78
463.375		4746.78
463.5		4746.78
463.625		4746.78
463.75		4746.78
463.875		4746.78
464		4746.78
464.125		4748.98
464.25		4748.98
464.375		4748.98
464.5		4748.98
464.625		4748.98
464.75		4748.98
464.875		4748.98
465		4748.98
465.125		4768.19
465.25		4768.19
465.375		4768.19
465.5		4768.19
465.625		4768.19
465.75		4768.19
465.875		4768.19
466		4768.19
466.125		4778.8
466.25		4778.8
466.375		4778.8
466.5		4778.8
466.625		4778.8
466.75		4778.8
466.875		4778.8
467		4778.8
467.125		4781.91
467.25		4781.91
467.375		4781.91
467.5		4781.91
467.625		4781.91
467.75		4781.91
467.875		4781.91
468		4781.91
468.125		4804.05
468.25		4804.05
468.375		4804.05
468.5		4804.05
468.625		4804.05
468.75		4804.05
468.875		4804.05
469		4804.05
469.125		4812.83
469.25		4812.83
469.375		4812.83
469.5		4812.83
469.625		4812.83
469.75		4812.83
469.875		4812.83
470		4812.83
470.125		4821.06
470.25		4821.06
470.375		4821.06
470.5		4821.06
470.625		4821.06
470.75		4821.06
470.875		4821.06
471		4821.06
471.125		4831.67
471.25		4831.67
471.375		4831.67
471.5		4831.67
471.625		4831.67
471.75		4831.67
471.875		4831.67
472		4831.67
472.125		4836.8
472.25		4836.8
472.375		4836.8
472.5		4836.8
472.625		4836.8
472.75		4836.8
472.875		4836.8
473		4836.8
473.125		4849.6
473.25		4849.6
473.375		4849.6
473.5		4849.6
473.625		4849.6
473.75		4849.6
473.875		4849.6
474		4849.6
474.125		4851.43
474.25		4851.43
474.375		4851.43
474.5		4851.43
474.625		4851.43
474.75		4851.43
474.875		4851.43
475		4851.43
475.125		4869.55
475.25		4869.55
475.375		4869.55
475.5		4869.55
475.625		4869.55
475.75		4869.55
475.875		4869.55
476		4869.55
476.125		4880.71
476.25		4880.71
476.375		4880.71
476.5		4880.71
476.625		4880.71
476.75		4880.71
476.875		4880.71
477		4880.71
477.125		4881.99
477.25		4881.99
477.375		4881.99
477.5		4881.99
477.625		4881.99
477.75		4881.99
477.875		4881.99
478		4881.99
478.125		4914.37
478.25		4914.37
478.375		4914.37
478.5		4914.37
478.625		4914.37
478.75		4914.37
478.875		4914.37
479		4914.37
479.125		4919.5
479.25		4919.5
479.375		4919.5
479.5		4919.5
479.625		4919.5
479.75		4919.5
479.875		4919.5
480		4919.5
480.125		4922.24
480.25		4922.24
480.375		4922.24
480.5		4922.24
480.625		4922.24
480.75		4922.24
480.875		4922.24
481		4922.24
481.125		4953.16
481.25		4953.16
481.375		4953.16
481.5		4953.16
481.625		4953.16
481.75		4953.16
481.875		4953.16
482		4953.16
482.125		4964.51
482.25		4964.51
482.375		4964.51
482.5		4964.51
482.625		4964.51
482.75		4964.51
482.875		4964.51
483		4964.51
483.125		4971.27
483.25		4971.27
483.375		4971.27
483.5		4971.27
483.625		4971.27
483.75		4971.27
483.875		4971.27
484		4971.27
484.125		4974.02
484.25		4974.02
484.375		4974.02
484.5		4974.02
484.625		4974.02
484.75		4974.02
484.875		4974.02
485		4974.02
485.125		4989.94
485.25		4989.94
485.375		4989.94
485.5		4989.94
485.625		4989.94
485.75		4989.94
485.875		4989.94
486		4989.94
486.125		4997.07
486.25		4997.07
486.375		4997.07
486.5		4997.07
486.625		4997.07
486.75		4997.07
486.875		4997.07
487		4997.07
487.125		0
487.25		0
487.375		0
487.5		0
487.625		0
487.75		0
487.875		0
488		0
488.125		0
488.25		0
488.375		0
488.5		0
488.625		0
488.75		0
488.875		0
489		0
489.125		0
489.25		0
489.375		0
489.5		0
489.625		0
489.75		0
489.875		0
490		0
490.125		0
490.25		0
490.375		0
490.5		0
490.625		0
490.75		0
490.875		0
491		0
491.125		0
491.25		0
491.375		0
491.5		0
491.625		0
491.75		0
491.875		0
492		0
492.125		0
492.25		0
492.375		0
492.5		0
492.625		0
492.75		0
492.875		0
493		0
493.125		0
493.25		0
493.375		0
493.5		0
493.625		0
493.75		0
493.875		0
494		0
494.125		0
494.25		0
494.375		0
494.5		0
494.625		0
494.75		0
494.875		0
495		0
495.125		0
495.25		0
495.375		0
495.5		0
495.625		0
495.75		0
495.875		0
496		0
496.125		0
496.25		0
496.375		0
496.5		0
496.625		0
496.75		0
496.875		0
497		0
497.125		0
497.25		0
497.375		0
497.5		0
497.625		0
497.75		0
497.875		0
498		0
498.125		0
498.25		0
498.375		0
498.5		0
498.625		0
498.75		0
498.875		0
499		0
499.125		0
499.25		0
499.375		0
499.5		0
499.625		0
499.75		0
499.875		0
500		0
