# Calibration file of tamex_id 0 @ channel 8
# fine_T bin		 Calibration value
0.125		0
0.25		0
0.375		0
0.5		0
0.625		0
0.75		0
0.875		0
1		0
1.125		0
1.25		0
1.375		0
1.5		0
1.625		0
1.75		0
1.875		0
2		0
2.125		0
2.25		0
2.375		0
2.5		0
2.625		0
2.75		0
2.875		0
3		0
3.125		0
3.25		0
3.375		0
3.5		0
3.625		0
3.75		0
3.875		0
4		0
4.125		0
4.25		0
4.375		0
4.5		0
4.625		0
4.75		0
4.875		0
5		0
5.125		0
5.25		0
5.375		0
5.5		0
5.625		0
5.75		0
5.875		0
6		0
6.125		0
6.25		0
6.375		0
6.5		0
6.625		0
6.75		0
6.875		0
7		0
7.125		0
7.25		0
7.375		0
7.5		0
7.625		0
7.75		0
7.875		0
8		0
8.125		0
8.25		0
8.375		0
8.5		0
8.625		0
8.75		0
8.875		0
9		0
9.125		0
9.25		0
9.375		0
9.5		0
9.625		0
9.75		0
9.875		0
10		0
10.125		0
10.25		0
10.375		0
10.5		0
10.625		0
10.75		0
10.875		0
11		0
11.125		0
11.25		0
11.375		0
11.5		0
11.625		0
11.75		0
11.875		0
12		0
12.125		0
12.25		0
12.375		0
12.5		0
12.625		0
12.75		0
12.875		0
13		0
13.125		0
13.25		0
13.375		0
13.5		0
13.625		0
13.75		0
13.875		0
14		0
14.125		0
14.25		0
14.375		0
14.5		0
14.625		0
14.75		0
14.875		0
15		0
15.125		0
15.25		0
15.375		0
15.5		0
15.625		0
15.75		0
15.875		0
16		0
16.125		0
16.25		0
16.375		0
16.5		0
16.625		0
16.75		0
16.875		0
17		0
17.125		0
17.25		0
17.375		0
17.5		0
17.625		0
17.75		0
17.875		0
18		0
18.125		0
18.25		0
18.375		0
18.5		0
18.625		0
18.75		0
18.875		0
19		0
19.125		0
19.25		0
19.375		0
19.5		0
19.625		0
19.75		0
19.875		0
20		0
20.125		0
20.25		0
20.375		0
20.5		0
20.625		0
20.75		0
20.875		0
21		0
21.125		0
21.25		0
21.375		0
21.5		0
21.625		0
21.75		0
21.875		0
22		0
22.125		0
22.25		0
22.375		0
22.5		0
22.625		0
22.75		0
22.875		0
23		0
23.125		0
23.25		0
23.375		0
23.5		0
23.625		0
23.75		0
23.875		0
24		0
24.125		0
24.25		0
24.375		0
24.5		0
24.625		0
24.75		0
24.875		0
25		0
25.125		0.0208333
25.25		0.0208333
25.375		0.0208333
25.5		0.0208333
25.625		0.0208333
25.75		0.0208333
25.875		0.0208333
26		0.0208333
26.125		0.0208333
26.25		0.0208333
26.375		0.0208333
26.5		0.0208333
26.625		0.0208333
26.75		0.0208333
26.875		0.0208333
27		0.0208333
27.125		0.03125
27.25		0.03125
27.375		0.03125
27.5		0.03125
27.625		0.03125
27.75		0.03125
27.875		0.03125
28		0.03125
28.125		0.03125
28.25		0.03125
28.375		0.03125
28.5		0.03125
28.625		0.03125
28.75		0.03125
28.875		0.03125
29		0.03125
29.125		0.03125
29.25		0.03125
29.375		0.03125
29.5		0.03125
29.625		0.03125
29.75		0.03125
29.875		0.03125
30		0.03125
30.125		0.03125
30.25		0.03125
30.375		0.03125
30.5		0.03125
30.625		0.03125
30.75		0.03125
30.875		0.03125
31		0.03125
31.125		0.03125
31.25		0.03125
31.375		0.03125
31.5		0.03125
31.625		0.03125
31.75		0.03125
31.875		0.03125
32		0.03125
32.125		0.03125
32.25		0.03125
32.375		0.03125
32.5		0.03125
32.625		0.03125
32.75		0.03125
32.875		0.03125
33		0.03125
33.125		0.03125
33.25		0.03125
33.375		0.03125
33.5		0.03125
33.625		0.03125
33.75		0.03125
33.875		0.03125
34		0.03125
34.125		0.03125
34.25		0.03125
34.375		0.03125
34.5		0.03125
34.625		0.03125
34.75		0.03125
34.875		0.03125
35		0.03125
35.125		0.03125
35.25		0.03125
35.375		0.03125
35.5		0.03125
35.625		0.03125
35.75		0.03125
35.875		0.03125
36		0.03125
36.125		0.03125
36.25		0.03125
36.375		0.03125
36.5		0.03125
36.625		0.03125
36.75		0.03125
36.875		0.03125
37		0.03125
37.125		0.03125
37.25		0.03125
37.375		0.03125
37.5		0.03125
37.625		0.03125
37.75		0.03125
37.875		0.03125
38		0.03125
38.125		0.03125
38.25		0.03125
38.375		0.03125
38.5		0.03125
38.625		0.03125
38.75		0.03125
38.875		0.03125
39		0.03125
39.125		0.03125
39.25		0.03125
39.375		0.03125
39.5		0.03125
39.625		0.03125
39.75		0.03125
39.875		0.03125
40		0.03125
40.125		0.03125
40.25		0.03125
40.375		0.03125
40.5		0.03125
40.625		0.03125
40.75		0.03125
40.875		0.03125
41		0.03125
41.125		0.03125
41.25		0.03125
41.375		0.03125
41.5		0.03125
41.625		0.03125
41.75		0.03125
41.875		0.03125
42		0.03125
42.125		0.03125
42.25		0.03125
42.375		0.03125
42.5		0.03125
42.625		0.03125
42.75		0.03125
42.875		0.03125
43		0.03125
43.125		0.03125
43.25		0.03125
43.375		0.03125
43.5		0.03125
43.625		0.03125
43.75		0.03125
43.875		0.03125
44		0.03125
44.125		0.03125
44.25		0.03125
44.375		0.03125
44.5		0.03125
44.625		0.03125
44.75		0.03125
44.875		0.03125
45		0.03125
45.125		0.03125
45.25		0.03125
45.375		0.03125
45.5		0.03125
45.625		0.03125
45.75		0.03125
45.875		0.03125
46		0.03125
46.125		0.03125
46.25		0.03125
46.375		0.03125
46.5		0.03125
46.625		0.03125
46.75		0.03125
46.875		0.03125
47		0.03125
47.125		0.03125
47.25		0.03125
47.375		0.03125
47.5		0.03125
47.625		0.03125
47.75		0.03125
47.875		0.03125
48		0.03125
48.125		0.03125
48.25		0.03125
48.375		0.03125
48.5		0.03125
48.625		0.03125
48.75		0.03125
48.875		0.03125
49		0.03125
49.125		0.03125
49.25		0.03125
49.375		0.03125
49.5		0.03125
49.625		0.03125
49.75		0.03125
49.875		0.03125
50		0.03125
50.125		0.03125
50.25		0.03125
50.375		0.03125
50.5		0.03125
50.625		0.03125
50.75		0.03125
50.875		0.03125
51		0.03125
51.125		0.03125
51.25		0.03125
51.375		0.03125
51.5		0.03125
51.625		0.03125
51.75		0.03125
51.875		0.03125
52		0.03125
52.125		0.03125
52.25		0.03125
52.375		0.03125
52.5		0.03125
52.625		0.03125
52.75		0.03125
52.875		0.03125
53		0.03125
53.125		0.03125
53.25		0.03125
53.375		0.03125
53.5		0.03125
53.625		0.03125
53.75		0.03125
53.875		0.03125
54		0.03125
54.125		0.03125
54.25		0.03125
54.375		0.03125
54.5		0.03125
54.625		0.03125
54.75		0.03125
54.875		0.03125
55		0.03125
55.125		0.03125
55.25		0.03125
55.375		0.03125
55.5		0.03125
55.625		0.03125
55.75		0.03125
55.875		0.03125
56		0.03125
56.125		0.03125
56.25		0.03125
56.375		0.03125
56.5		0.03125
56.625		0.03125
56.75		0.03125
56.875		0.03125
57		0.03125
57.125		0.03125
57.25		0.03125
57.375		0.03125
57.5		0.03125
57.625		0.03125
57.75		0.03125
57.875		0.03125
58		0.03125
58.125		0.0416667
58.25		0.0416667
58.375		0.0416667
58.5		0.0416667
58.625		0.0416667
58.75		0.0416667
58.875		0.0416667
59		0.0416667
59.125		0.0416667
59.25		0.0416667
59.375		0.0416667
59.5		0.0416667
59.625		0.0416667
59.75		0.0416667
59.875		0.0416667
60		0.0416667
60.125		0.0416667
60.25		0.0416667
60.375		0.0416667
60.5		0.0416667
60.625		0.0416667
60.75		0.0416667
60.875		0.0416667
61		0.0416667
61.125		0.0520833
61.25		0.0520833
61.375		0.0520833
61.5		0.0520833
61.625		0.0520833
61.75		0.0520833
61.875		0.0520833
62		0.0520833
62.125		0.0833333
62.25		0.0833333
62.375		0.0833333
62.5		0.0833333
62.625		0.0833333
62.75		0.0833333
62.875		0.0833333
63		0.0833333
63.125		0.0833333
63.25		0.0833333
63.375		0.0833333
63.5		0.0833333
63.625		0.0833333
63.75		0.0833333
63.875		0.0833333
64		0.0833333
64.125		0.0833333
64.25		0.0833333
64.375		0.0833333
64.5		0.0833333
64.625		0.0833333
64.75		0.0833333
64.875		0.0833333
65		0.0833333
65.125		0.0833333
65.25		0.0833333
65.375		0.0833333
65.5		0.0833333
65.625		0.0833333
65.75		0.0833333
65.875		0.0833333
66		0.0833333
66.125		0.0833333
66.25		0.0833333
66.375		0.0833333
66.5		0.0833333
66.625		0.0833333
66.75		0.0833333
66.875		0.0833333
67		0.0833333
67.125		0.0833333
67.25		0.0833333
67.375		0.0833333
67.5		0.0833333
67.625		0.0833333
67.75		0.0833333
67.875		0.0833333
68		0.0833333
68.125		0.0833333
68.25		0.0833333
68.375		0.0833333
68.5		0.0833333
68.625		0.0833333
68.75		0.0833333
68.875		0.0833333
69		0.0833333
69.125		0.0833333
69.25		0.0833333
69.375		0.0833333
69.5		0.0833333
69.625		0.0833333
69.75		0.0833333
69.875		0.0833333
70		0.0833333
70.125		0.0833333
70.25		0.0833333
70.375		0.0833333
70.5		0.0833333
70.625		0.0833333
70.75		0.0833333
70.875		0.0833333
71		0.0833333
71.125		0.0833333
71.25		0.0833333
71.375		0.0833333
71.5		0.0833333
71.625		0.0833333
71.75		0.0833333
71.875		0.0833333
72		0.0833333
72.125		0.104167
72.25		0.104167
72.375		0.104167
72.5		0.104167
72.625		0.104167
72.75		0.104167
72.875		0.104167
73		0.104167
73.125		0.104167
73.25		0.104167
73.375		0.104167
73.5		0.104167
73.625		0.104167
73.75		0.104167
73.875		0.104167
74		0.104167
74.125		0.114583
74.25		0.114583
74.375		0.114583
74.5		0.114583
74.625		0.114583
74.75		0.114583
74.875		0.114583
75		0.114583
75.125		0.114583
75.25		0.114583
75.375		0.114583
75.5		0.114583
75.625		0.114583
75.75		0.114583
75.875		0.114583
76		0.114583
76.125		0.114583
76.25		0.114583
76.375		0.114583
76.5		0.114583
76.625		0.114583
76.75		0.114583
76.875		0.114583
77		0.114583
77.125		0.125
77.25		0.125
77.375		0.125
77.5		0.125
77.625		0.125
77.75		0.125
77.875		0.125
78		0.125
78.125		0.125
78.25		0.125
78.375		0.125
78.5		0.125
78.625		0.125
78.75		0.125
78.875		0.125
79		0.125
79.125		0.135417
79.25		0.135417
79.375		0.135417
79.5		0.135417
79.625		0.135417
79.75		0.135417
79.875		0.135417
80		0.135417
80.125		0.135417
80.25		0.135417
80.375		0.135417
80.5		0.135417
80.625		0.135417
80.75		0.135417
80.875		0.135417
81		0.135417
81.125		0.135417
81.25		0.135417
81.375		0.135417
81.5		0.135417
81.625		0.135417
81.75		0.135417
81.875		0.135417
82		0.135417
82.125		0.135417
82.25		0.135417
82.375		0.135417
82.5		0.135417
82.625		0.135417
82.75		0.135417
82.875		0.135417
83		0.135417
83.125		0.135417
83.25		0.135417
83.375		0.135417
83.5		0.135417
83.625		0.135417
83.75		0.135417
83.875		0.135417
84		0.135417
84.125		0.135417
84.25		0.135417
84.375		0.135417
84.5		0.135417
84.625		0.135417
84.75		0.135417
84.875		0.135417
85		0.135417
85.125		0.135417
85.25		0.135417
85.375		0.135417
85.5		0.135417
85.625		0.135417
85.75		0.135417
85.875		0.135417
86		0.135417
86.125		0.135417
86.25		0.135417
86.375		0.135417
86.5		0.135417
86.625		0.135417
86.75		0.135417
86.875		0.135417
87		0.135417
87.125		0.135417
87.25		0.135417
87.375		0.135417
87.5		0.135417
87.625		0.135417
87.75		0.135417
87.875		0.135417
88		0.135417
88.125		0.135417
88.25		0.135417
88.375		0.135417
88.5		0.135417
88.625		0.135417
88.75		0.135417
88.875		0.135417
89		0.135417
89.125		0.135417
89.25		0.135417
89.375		0.135417
89.5		0.135417
89.625		0.135417
89.75		0.135417
89.875		0.135417
90		0.135417
90.125		0.166667
90.25		0.166667
90.375		0.166667
90.5		0.166667
90.625		0.166667
90.75		0.166667
90.875		0.166667
91		0.166667
91.125		0.166667
91.25		0.166667
91.375		0.166667
91.5		0.166667
91.625		0.166667
91.75		0.166667
91.875		0.166667
92		0.166667
92.125		0.166667
92.25		0.166667
92.375		0.166667
92.5		0.166667
92.625		0.166667
92.75		0.166667
92.875		0.166667
93		0.166667
93.125		0.166667
93.25		0.166667
93.375		0.166667
93.5		0.166667
93.625		0.166667
93.75		0.166667
93.875		0.166667
94		0.166667
94.125		0.177083
94.25		0.177083
94.375		0.177083
94.5		0.177083
94.625		0.177083
94.75		0.177083
94.875		0.177083
95		0.177083
95.125		0.177083
95.25		0.177083
95.375		0.177083
95.5		0.177083
95.625		0.177083
95.75		0.177083
95.875		0.177083
96		0.177083
96.125		0.177083
96.25		0.177083
96.375		0.177083
96.5		0.177083
96.625		0.177083
96.75		0.177083
96.875		0.177083
97		0.177083
97.125		0.177083
97.25		0.177083
97.375		0.177083
97.5		0.177083
97.625		0.177083
97.75		0.177083
97.875		0.177083
98		0.177083
98.125		0.197917
98.25		0.197917
98.375		0.197917
98.5		0.197917
98.625		0.197917
98.75		0.197917
98.875		0.197917
99		0.197917
99.125		0.197917
99.25		0.197917
99.375		0.197917
99.5		0.197917
99.625		0.197917
99.75		0.197917
99.875		0.197917
100		0.197917
100.125		0.197917
100.25		0.197917
100.375		0.197917
100.5		0.197917
100.625		0.197917
100.75		0.197917
100.875		0.197917
101		0.197917
101.125		0.197917
101.25		0.197917
101.375		0.197917
101.5		0.197917
101.625		0.197917
101.75		0.197917
101.875		0.197917
102		0.197917
102.125		0.197917
102.25		0.197917
102.375		0.197917
102.5		0.197917
102.625		0.197917
102.75		0.197917
102.875		0.197917
103		0.197917
103.125		0.208333
103.25		0.208333
103.375		0.208333
103.5		0.208333
103.625		0.208333
103.75		0.208333
103.875		0.208333
104		0.208333
104.125		0.208333
104.25		0.208333
104.375		0.208333
104.5		0.208333
104.625		0.208333
104.75		0.208333
104.875		0.208333
105		0.208333
105.125		0.208333
105.25		0.208333
105.375		0.208333
105.5		0.208333
105.625		0.208333
105.75		0.208333
105.875		0.208333
106		0.208333
106.125		0.208333
106.25		0.208333
106.375		0.208333
106.5		0.208333
106.625		0.208333
106.75		0.208333
106.875		0.208333
107		0.208333
107.125		0.208333
107.25		0.208333
107.375		0.208333
107.5		0.208333
107.625		0.208333
107.75		0.208333
107.875		0.208333
108		0.208333
108.125		0.208333
108.25		0.208333
108.375		0.208333
108.5		0.208333
108.625		0.208333
108.75		0.208333
108.875		0.208333
109		0.208333
109.125		0.21875
109.25		0.21875
109.375		0.21875
109.5		0.21875
109.625		0.21875
109.75		0.21875
109.875		0.21875
110		0.21875
110.125		0.21875
110.25		0.21875
110.375		0.21875
110.5		0.21875
110.625		0.21875
110.75		0.21875
110.875		0.21875
111		0.21875
111.125		0.21875
111.25		0.21875
111.375		0.21875
111.5		0.21875
111.625		0.21875
111.75		0.21875
111.875		0.21875
112		0.21875
112.125		0.21875
112.25		0.21875
112.375		0.21875
112.5		0.21875
112.625		0.21875
112.75		0.21875
112.875		0.21875
113		0.21875
113.125		0.21875
113.25		0.21875
113.375		0.21875
113.5		0.21875
113.625		0.21875
113.75		0.21875
113.875		0.21875
114		0.21875
114.125		0.21875
114.25		0.21875
114.375		0.21875
114.5		0.21875
114.625		0.21875
114.75		0.21875
114.875		0.21875
115		0.21875
115.125		0.21875
115.25		0.21875
115.375		0.21875
115.5		0.21875
115.625		0.21875
115.75		0.21875
115.875		0.21875
116		0.21875
116.125		0.21875
116.25		0.21875
116.375		0.21875
116.5		0.21875
116.625		0.21875
116.75		0.21875
116.875		0.21875
117		0.21875
117.125		0.21875
117.25		0.21875
117.375		0.21875
117.5		0.21875
117.625		0.21875
117.75		0.21875
117.875		0.21875
118		0.21875
118.125		0.21875
118.25		0.21875
118.375		0.21875
118.5		0.21875
118.625		0.21875
118.75		0.21875
118.875		0.21875
119		0.21875
119.125		0.239583
119.25		0.239583
119.375		0.239583
119.5		0.239583
119.625		0.239583
119.75		0.239583
119.875		0.239583
120		0.239583
120.125		0.239583
120.25		0.239583
120.375		0.239583
120.5		0.239583
120.625		0.239583
120.75		0.239583
120.875		0.239583
121		0.239583
121.125		0.25
121.25		0.25
121.375		0.25
121.5		0.25
121.625		0.25
121.75		0.25
121.875		0.25
122		0.25
122.125		0.260417
122.25		0.260417
122.375		0.260417
122.5		0.260417
122.625		0.260417
122.75		0.260417
122.875		0.260417
123		0.260417
123.125		0.260417
123.25		0.260417
123.375		0.260417
123.5		0.260417
123.625		0.260417
123.75		0.260417
123.875		0.260417
124		0.260417
124.125		0.270833
124.25		0.270833
124.375		0.270833
124.5		0.270833
124.625		0.270833
124.75		0.270833
124.875		0.270833
125		0.270833
125.125		0.270833
125.25		0.270833
125.375		0.270833
125.5		0.270833
125.625		0.270833
125.75		0.270833
125.875		0.270833
126		0.270833
126.125		0.28125
126.25		0.28125
126.375		0.28125
126.5		0.28125
126.625		0.28125
126.75		0.28125
126.875		0.28125
127		0.28125
127.125		0.28125
127.25		0.28125
127.375		0.28125
127.5		0.28125
127.625		0.28125
127.75		0.28125
127.875		0.28125
128		0.28125
128.125		0.291667
128.25		0.291667
128.375		0.291667
128.5		0.291667
128.625		0.291667
128.75		0.291667
128.875		0.291667
129		0.291667
129.125		0.291667
129.25		0.291667
129.375		0.291667
129.5		0.291667
129.625		0.291667
129.75		0.291667
129.875		0.291667
130		0.291667
130.125		0.291667
130.25		0.291667
130.375		0.291667
130.5		0.291667
130.625		0.291667
130.75		0.291667
130.875		0.291667
131		0.291667
131.125		0.291667
131.25		0.291667
131.375		0.291667
131.5		0.291667
131.625		0.291667
131.75		0.291667
131.875		0.291667
132		0.291667
132.125		0.302083
132.25		0.302083
132.375		0.302083
132.5		0.302083
132.625		0.302083
132.75		0.302083
132.875		0.302083
133		0.302083
133.125		0.302083
133.25		0.302083
133.375		0.302083
133.5		0.302083
133.625		0.302083
133.75		0.302083
133.875		0.302083
134		0.302083
134.125		0.322917
134.25		0.322917
134.375		0.322917
134.5		0.322917
134.625		0.322917
134.75		0.322917
134.875		0.322917
135		0.322917
135.125		0.322917
135.25		0.322917
135.375		0.322917
135.5		0.322917
135.625		0.322917
135.75		0.322917
135.875		0.322917
136		0.322917
136.125		0.322917
136.25		0.322917
136.375		0.322917
136.5		0.322917
136.625		0.322917
136.75		0.322917
136.875		0.322917
137		0.322917
137.125		0.322917
137.25		0.322917
137.375		0.322917
137.5		0.322917
137.625		0.322917
137.75		0.322917
137.875		0.322917
138		0.322917
138.125		0.322917
138.25		0.322917
138.375		0.322917
138.5		0.322917
138.625		0.322917
138.75		0.322917
138.875		0.322917
139		0.322917
139.125		0.333333
139.25		0.333333
139.375		0.333333
139.5		0.333333
139.625		0.333333
139.75		0.333333
139.875		0.333333
140		0.333333
140.125		0.333333
140.25		0.333333
140.375		0.333333
140.5		0.333333
140.625		0.333333
140.75		0.333333
140.875		0.333333
141		0.333333
141.125		0.333333
141.25		0.333333
141.375		0.333333
141.5		0.333333
141.625		0.333333
141.75		0.333333
141.875		0.333333
142		0.333333
142.125		0.333333
142.25		0.333333
142.375		0.333333
142.5		0.333333
142.625		0.333333
142.75		0.333333
142.875		0.333333
143		0.333333
143.125		0.333333
143.25		0.333333
143.375		0.333333
143.5		0.333333
143.625		0.333333
143.75		0.333333
143.875		0.333333
144		0.333333
144.125		0.333333
144.25		0.333333
144.375		0.333333
144.5		0.333333
144.625		0.333333
144.75		0.333333
144.875		0.333333
145		0.333333
145.125		0.333333
145.25		0.333333
145.375		0.333333
145.5		0.333333
145.625		0.333333
145.75		0.333333
145.875		0.333333
146		0.333333
146.125		0.333333
146.25		0.333333
146.375		0.333333
146.5		0.333333
146.625		0.333333
146.75		0.333333
146.875		0.333333
147		0.333333
147.125		0.333333
147.25		0.333333
147.375		0.333333
147.5		0.333333
147.625		0.333333
147.75		0.333333
147.875		0.333333
148		0.333333
148.125		0.333333
148.25		0.333333
148.375		0.333333
148.5		0.333333
148.625		0.333333
148.75		0.333333
148.875		0.333333
149		0.333333
149.125		0.34375
149.25		0.34375
149.375		0.34375
149.5		0.34375
149.625		0.34375
149.75		0.34375
149.875		0.34375
150		0.34375
150.125		0.354167
150.25		0.354167
150.375		0.354167
150.5		0.354167
150.625		0.354167
150.75		0.354167
150.875		0.354167
151		0.354167
151.125		0.354167
151.25		0.354167
151.375		0.354167
151.5		0.354167
151.625		0.354167
151.75		0.354167
151.875		0.354167
152		0.354167
152.125		0.354167
152.25		0.354167
152.375		0.354167
152.5		0.354167
152.625		0.354167
152.75		0.354167
152.875		0.354167
153		0.354167
153.125		0.354167
153.25		0.354167
153.375		0.354167
153.5		0.354167
153.625		0.354167
153.75		0.354167
153.875		0.354167
154		0.354167
154.125		0.354167
154.25		0.354167
154.375		0.354167
154.5		0.354167
154.625		0.354167
154.75		0.354167
154.875		0.354167
155		0.354167
155.125		0.354167
155.25		0.354167
155.375		0.354167
155.5		0.354167
155.625		0.354167
155.75		0.354167
155.875		0.354167
156		0.354167
156.125		0.354167
156.25		0.354167
156.375		0.354167
156.5		0.354167
156.625		0.354167
156.75		0.354167
156.875		0.354167
157		0.354167
157.125		0.354167
157.25		0.354167
157.375		0.354167
157.5		0.354167
157.625		0.354167
157.75		0.354167
157.875		0.354167
158		0.354167
158.125		0.354167
158.25		0.354167
158.375		0.354167
158.5		0.354167
158.625		0.354167
158.75		0.354167
158.875		0.354167
159		0.354167
159.125		0.354167
159.25		0.354167
159.375		0.354167
159.5		0.354167
159.625		0.354167
159.75		0.354167
159.875		0.354167
160		0.354167
160.125		0.364583
160.25		0.364583
160.375		0.364583
160.5		0.364583
160.625		0.364583
160.75		0.364583
160.875		0.364583
161		0.364583
161.125		0.364583
161.25		0.364583
161.375		0.364583
161.5		0.364583
161.625		0.364583
161.75		0.364583
161.875		0.364583
162		0.364583
162.125		0.364583
162.25		0.364583
162.375		0.364583
162.5		0.364583
162.625		0.364583
162.75		0.364583
162.875		0.364583
163		0.364583
163.125		0.364583
163.25		0.364583
163.375		0.364583
163.5		0.364583
163.625		0.364583
163.75		0.364583
163.875		0.364583
164		0.364583
164.125		0.364583
164.25		0.364583
164.375		0.364583
164.5		0.364583
164.625		0.364583
164.75		0.364583
164.875		0.364583
165		0.364583
165.125		0.364583
165.25		0.364583
165.375		0.364583
165.5		0.364583
165.625		0.364583
165.75		0.364583
165.875		0.364583
166		0.364583
166.125		0.364583
166.25		0.364583
166.375		0.364583
166.5		0.364583
166.625		0.364583
166.75		0.364583
166.875		0.364583
167		0.364583
167.125		0.364583
167.25		0.364583
167.375		0.364583
167.5		0.364583
167.625		0.364583
167.75		0.364583
167.875		0.364583
168		0.364583
168.125		0.364583
168.25		0.364583
168.375		0.364583
168.5		0.364583
168.625		0.364583
168.75		0.364583
168.875		0.364583
169		0.364583
169.125		0.364583
169.25		0.364583
169.375		0.364583
169.5		0.364583
169.625		0.364583
169.75		0.364583
169.875		0.364583
170		0.364583
170.125		0.364583
170.25		0.364583
170.375		0.364583
170.5		0.364583
170.625		0.364583
170.75		0.364583
170.875		0.364583
171		0.364583
171.125		0.364583
171.25		0.364583
171.375		0.364583
171.5		0.364583
171.625		0.364583
171.75		0.364583
171.875		0.364583
172		0.364583
172.125		0.375
172.25		0.375
172.375		0.375
172.5		0.375
172.625		0.375
172.75		0.375
172.875		0.375
173		0.375
173.125		0.375
173.25		0.375
173.375		0.375
173.5		0.375
173.625		0.375
173.75		0.375
173.875		0.375
174		0.375
174.125		0.375
174.25		0.375
174.375		0.375
174.5		0.375
174.625		0.375
174.75		0.375
174.875		0.375
175		0.375
175.125		0.375
175.25		0.375
175.375		0.375
175.5		0.375
175.625		0.375
175.75		0.375
175.875		0.375
176		0.375
176.125		0.385417
176.25		0.385417
176.375		0.385417
176.5		0.385417
176.625		0.385417
176.75		0.385417
176.875		0.385417
177		0.385417
177.125		0.395833
177.25		0.395833
177.375		0.395833
177.5		0.395833
177.625		0.395833
177.75		0.395833
177.875		0.395833
178		0.395833
178.125		0.395833
178.25		0.395833
178.375		0.395833
178.5		0.395833
178.625		0.395833
178.75		0.395833
178.875		0.395833
179		0.395833
179.125		0.395833
179.25		0.395833
179.375		0.395833
179.5		0.395833
179.625		0.395833
179.75		0.395833
179.875		0.395833
180		0.395833
180.125		0.395833
180.25		0.395833
180.375		0.395833
180.5		0.395833
180.625		0.395833
180.75		0.395833
180.875		0.395833
181		0.395833
181.125		0.395833
181.25		0.395833
181.375		0.395833
181.5		0.395833
181.625		0.395833
181.75		0.395833
181.875		0.395833
182		0.395833
182.125		0.395833
182.25		0.395833
182.375		0.395833
182.5		0.395833
182.625		0.395833
182.75		0.395833
182.875		0.395833
183		0.395833
183.125		0.395833
183.25		0.395833
183.375		0.395833
183.5		0.395833
183.625		0.395833
183.75		0.395833
183.875		0.395833
184		0.395833
184.125		0.395833
184.25		0.395833
184.375		0.395833
184.5		0.395833
184.625		0.395833
184.75		0.395833
184.875		0.395833
185		0.395833
185.125		0.395833
185.25		0.395833
185.375		0.395833
185.5		0.395833
185.625		0.395833
185.75		0.395833
185.875		0.395833
186		0.395833
186.125		0.40625
186.25		0.40625
186.375		0.40625
186.5		0.40625
186.625		0.40625
186.75		0.40625
186.875		0.40625
187		0.40625
187.125		0.40625
187.25		0.40625
187.375		0.40625
187.5		0.40625
187.625		0.40625
187.75		0.40625
187.875		0.40625
188		0.40625
188.125		0.40625
188.25		0.40625
188.375		0.40625
188.5		0.40625
188.625		0.40625
188.75		0.40625
188.875		0.40625
189		0.40625
189.125		0.40625
189.25		0.40625
189.375		0.40625
189.5		0.40625
189.625		0.40625
189.75		0.40625
189.875		0.40625
190		0.40625
190.125		0.416667
190.25		0.416667
190.375		0.416667
190.5		0.416667
190.625		0.416667
190.75		0.416667
190.875		0.416667
191		0.416667
191.125		0.416667
191.25		0.416667
191.375		0.416667
191.5		0.416667
191.625		0.416667
191.75		0.416667
191.875		0.416667
192		0.416667
192.125		0.416667
192.25		0.416667
192.375		0.416667
192.5		0.416667
192.625		0.416667
192.75		0.416667
192.875		0.416667
193		0.416667
193.125		0.416667
193.25		0.416667
193.375		0.416667
193.5		0.416667
193.625		0.416667
193.75		0.416667
193.875		0.416667
194		0.416667
194.125		0.416667
194.25		0.416667
194.375		0.416667
194.5		0.416667
194.625		0.416667
194.75		0.416667
194.875		0.416667
195		0.416667
195.125		0.416667
195.25		0.416667
195.375		0.416667
195.5		0.416667
195.625		0.416667
195.75		0.416667
195.875		0.416667
196		0.416667
196.125		0.416667
196.25		0.416667
196.375		0.416667
196.5		0.416667
196.625		0.416667
196.75		0.416667
196.875		0.416667
197		0.416667
197.125		0.416667
197.25		0.416667
197.375		0.416667
197.5		0.416667
197.625		0.416667
197.75		0.416667
197.875		0.416667
198		0.416667
198.125		0.427083
198.25		0.427083
198.375		0.427083
198.5		0.427083
198.625		0.427083
198.75		0.427083
198.875		0.427083
199		0.427083
199.125		0.427083
199.25		0.427083
199.375		0.427083
199.5		0.427083
199.625		0.427083
199.75		0.427083
199.875		0.427083
200		0.427083
200.125		0.427083
200.25		0.427083
200.375		0.427083
200.5		0.427083
200.625		0.427083
200.75		0.427083
200.875		0.427083
201		0.427083
201.125		0.427083
201.25		0.427083
201.375		0.427083
201.5		0.427083
201.625		0.427083
201.75		0.427083
201.875		0.427083
202		0.427083
202.125		0.4375
202.25		0.4375
202.375		0.4375
202.5		0.4375
202.625		0.4375
202.75		0.4375
202.875		0.4375
203		0.4375
203.125		0.4375
203.25		0.4375
203.375		0.4375
203.5		0.4375
203.625		0.4375
203.75		0.4375
203.875		0.4375
204		0.4375
204.125		0.4375
204.25		0.4375
204.375		0.4375
204.5		0.4375
204.625		0.4375
204.75		0.4375
204.875		0.4375
205		0.4375
205.125		0.4375
205.25		0.4375
205.375		0.4375
205.5		0.4375
205.625		0.4375
205.75		0.4375
205.875		0.4375
206		0.4375
206.125		0.4375
206.25		0.4375
206.375		0.4375
206.5		0.4375
206.625		0.4375
206.75		0.4375
206.875		0.4375
207		0.4375
207.125		0.4375
207.25		0.4375
207.375		0.4375
207.5		0.4375
207.625		0.4375
207.75		0.4375
207.875		0.4375
208		0.4375
208.125		0.4375
208.25		0.4375
208.375		0.4375
208.5		0.4375
208.625		0.4375
208.75		0.4375
208.875		0.4375
209		0.4375
209.125		0.4375
209.25		0.4375
209.375		0.4375
209.5		0.4375
209.625		0.4375
209.75		0.4375
209.875		0.4375
210		0.4375
210.125		0.447917
210.25		0.447917
210.375		0.447917
210.5		0.447917
210.625		0.447917
210.75		0.447917
210.875		0.447917
211		0.447917
211.125		0.458333
211.25		0.458333
211.375		0.458333
211.5		0.458333
211.625		0.458333
211.75		0.458333
211.875		0.458333
212		0.458333
212.125		0.458333
212.25		0.458333
212.375		0.458333
212.5		0.458333
212.625		0.458333
212.75		0.458333
212.875		0.458333
213		0.458333
213.125		0.458333
213.25		0.458333
213.375		0.458333
213.5		0.458333
213.625		0.458333
213.75		0.458333
213.875		0.458333
214		0.458333
214.125		0.46875
214.25		0.46875
214.375		0.46875
214.5		0.46875
214.625		0.46875
214.75		0.46875
214.875		0.46875
215		0.46875
215.125		0.46875
215.25		0.46875
215.375		0.46875
215.5		0.46875
215.625		0.46875
215.75		0.46875
215.875		0.46875
216		0.46875
216.125		0.46875
216.25		0.46875
216.375		0.46875
216.5		0.46875
216.625		0.46875
216.75		0.46875
216.875		0.46875
217		0.46875
217.125		0.46875
217.25		0.46875
217.375		0.46875
217.5		0.46875
217.625		0.46875
217.75		0.46875
217.875		0.46875
218		0.46875
218.125		0.46875
218.25		0.46875
218.375		0.46875
218.5		0.46875
218.625		0.46875
218.75		0.46875
218.875		0.46875
219		0.46875
219.125		0.46875
219.25		0.46875
219.375		0.46875
219.5		0.46875
219.625		0.46875
219.75		0.46875
219.875		0.46875
220		0.46875
220.125		0.479167
220.25		0.479167
220.375		0.479167
220.5		0.479167
220.625		0.479167
220.75		0.479167
220.875		0.479167
221		0.479167
221.125		0.479167
221.25		0.479167
221.375		0.479167
221.5		0.479167
221.625		0.479167
221.75		0.479167
221.875		0.479167
222		0.479167
222.125		0.479167
222.25		0.479167
222.375		0.479167
222.5		0.479167
222.625		0.479167
222.75		0.479167
222.875		0.479167
223		0.479167
223.125		0.479167
223.25		0.479167
223.375		0.479167
223.5		0.479167
223.625		0.479167
223.75		0.479167
223.875		0.479167
224		0.479167
224.125		0.489583
224.25		0.489583
224.375		0.489583
224.5		0.489583
224.625		0.489583
224.75		0.489583
224.875		0.489583
225		0.489583
225.125		0.489583
225.25		0.489583
225.375		0.489583
225.5		0.489583
225.625		0.489583
225.75		0.489583
225.875		0.489583
226		0.489583
226.125		0.5
226.25		0.5
226.375		0.5
226.5		0.5
226.625		0.5
226.75		0.5
226.875		0.5
227		0.5
227.125		0.5
227.25		0.5
227.375		0.5
227.5		0.5
227.625		0.5
227.75		0.5
227.875		0.5
228		0.5
228.125		0.5
228.25		0.5
228.375		0.5
228.5		0.5
228.625		0.5
228.75		0.5
228.875		0.5
229		0.5
229.125		0.5
229.25		0.5
229.375		0.5
229.5		0.5
229.625		0.5
229.75		0.5
229.875		0.5
230		0.5
230.125		0.5
230.25		0.5
230.375		0.5
230.5		0.5
230.625		0.5
230.75		0.5
230.875		0.5
231		0.5
231.125		0.510417
231.25		0.510417
231.375		0.510417
231.5		0.510417
231.625		0.510417
231.75		0.510417
231.875		0.510417
232		0.510417
232.125		0.510417
232.25		0.510417
232.375		0.510417
232.5		0.510417
232.625		0.510417
232.75		0.510417
232.875		0.510417
233		0.510417
233.125		0.510417
233.25		0.510417
233.375		0.510417
233.5		0.510417
233.625		0.510417
233.75		0.510417
233.875		0.510417
234		0.510417
234.125		0.520833
234.25		0.520833
234.375		0.520833
234.5		0.520833
234.625		0.520833
234.75		0.520833
234.875		0.520833
235		0.520833
235.125		0.520833
235.25		0.520833
235.375		0.520833
235.5		0.520833
235.625		0.520833
235.75		0.520833
235.875		0.520833
236		0.520833
236.125		0.520833
236.25		0.520833
236.375		0.520833
236.5		0.520833
236.625		0.520833
236.75		0.520833
236.875		0.520833
237		0.520833
237.125		0.520833
237.25		0.520833
237.375		0.520833
237.5		0.520833
237.625		0.520833
237.75		0.520833
237.875		0.520833
238		0.520833
238.125		0.520833
238.25		0.520833
238.375		0.520833
238.5		0.520833
238.625		0.520833
238.75		0.520833
238.875		0.520833
239		0.520833
239.125		0.520833
239.25		0.520833
239.375		0.520833
239.5		0.520833
239.625		0.520833
239.75		0.520833
239.875		0.520833
240		0.520833
240.125		0.53125
240.25		0.53125
240.375		0.53125
240.5		0.53125
240.625		0.53125
240.75		0.53125
240.875		0.53125
241		0.53125
241.125		0.541667
241.25		0.541667
241.375		0.541667
241.5		0.541667
241.625		0.541667
241.75		0.541667
241.875		0.541667
242		0.541667
242.125		0.541667
242.25		0.541667
242.375		0.541667
242.5		0.541667
242.625		0.541667
242.75		0.541667
242.875		0.541667
243		0.541667
243.125		0.541667
243.25		0.541667
243.375		0.541667
243.5		0.541667
243.625		0.541667
243.75		0.541667
243.875		0.541667
244		0.541667
244.125		0.552083
244.25		0.552083
244.375		0.552083
244.5		0.552083
244.625		0.552083
244.75		0.552083
244.875		0.552083
245		0.552083
245.125		0.552083
245.25		0.552083
245.375		0.552083
245.5		0.552083
245.625		0.552083
245.75		0.552083
245.875		0.552083
246		0.552083
246.125		0.552083
246.25		0.552083
246.375		0.552083
246.5		0.552083
246.625		0.552083
246.75		0.552083
246.875		0.552083
247		0.552083
247.125		0.5625
247.25		0.5625
247.375		0.5625
247.5		0.5625
247.625		0.5625
247.75		0.5625
247.875		0.5625
248		0.5625
248.125		0.5625
248.25		0.5625
248.375		0.5625
248.5		0.5625
248.625		0.5625
248.75		0.5625
248.875		0.5625
249		0.5625
249.125		0.5625
249.25		0.5625
249.375		0.5625
249.5		0.5625
249.625		0.5625
249.75		0.5625
249.875		0.5625
250		0.5625
250.125		0.5625
250.25		0.5625
250.375		0.5625
250.5		0.5625
250.625		0.5625
250.75		0.5625
250.875		0.5625
251		0.5625
251.125		0.5625
251.25		0.5625
251.375		0.5625
251.5		0.5625
251.625		0.5625
251.75		0.5625
251.875		0.5625
252		0.5625
252.125		0.5625
252.25		0.5625
252.375		0.5625
252.5		0.5625
252.625		0.5625
252.75		0.5625
252.875		0.5625
253		0.5625
253.125		0.5625
253.25		0.5625
253.375		0.5625
253.5		0.5625
253.625		0.5625
253.75		0.5625
253.875		0.5625
254		0.5625
254.125		0.572917
254.25		0.572917
254.375		0.572917
254.5		0.572917
254.625		0.572917
254.75		0.572917
254.875		0.572917
255		0.572917
255.125		0.572917
255.25		0.572917
255.375		0.572917
255.5		0.572917
255.625		0.572917
255.75		0.572917
255.875		0.572917
256		0.572917
256.125		0.572917
256.25		0.572917
256.375		0.572917
256.5		0.572917
256.625		0.572917
256.75		0.572917
256.875		0.572917
257		0.572917
257.125		0.572917
257.25		0.572917
257.375		0.572917
257.5		0.572917
257.625		0.572917
257.75		0.572917
257.875		0.572917
258		0.572917
258.125		0.572917
258.25		0.572917
258.375		0.572917
258.5		0.572917
258.625		0.572917
258.75		0.572917
258.875		0.572917
259		0.572917
259.125		0.572917
259.25		0.572917
259.375		0.572917
259.5		0.572917
259.625		0.572917
259.75		0.572917
259.875		0.572917
260		0.572917
260.125		0.572917
260.25		0.572917
260.375		0.572917
260.5		0.572917
260.625		0.572917
260.75		0.572917
260.875		0.572917
261		0.572917
261.125		0.572917
261.25		0.572917
261.375		0.572917
261.5		0.572917
261.625		0.572917
261.75		0.572917
261.875		0.572917
262		0.572917
262.125		0.572917
262.25		0.572917
262.375		0.572917
262.5		0.572917
262.625		0.572917
262.75		0.572917
262.875		0.572917
263		0.572917
263.125		0.572917
263.25		0.572917
263.375		0.572917
263.5		0.572917
263.625		0.572917
263.75		0.572917
263.875		0.572917
264		0.572917
264.125		0.583333
264.25		0.583333
264.375		0.583333
264.5		0.583333
264.625		0.583333
264.75		0.583333
264.875		0.583333
265		0.583333
265.125		0.583333
265.25		0.583333
265.375		0.583333
265.5		0.583333
265.625		0.583333
265.75		0.583333
265.875		0.583333
266		0.583333
266.125		0.583333
266.25		0.583333
266.375		0.583333
266.5		0.583333
266.625		0.583333
266.75		0.583333
266.875		0.583333
267		0.583333
267.125		0.583333
267.25		0.583333
267.375		0.583333
267.5		0.583333
267.625		0.583333
267.75		0.583333
267.875		0.583333
268		0.583333
268.125		0.604167
268.25		0.604167
268.375		0.604167
268.5		0.604167
268.625		0.604167
268.75		0.604167
268.875		0.604167
269		0.604167
269.125		0.604167
269.25		0.604167
269.375		0.604167
269.5		0.604167
269.625		0.604167
269.75		0.604167
269.875		0.604167
270		0.604167
270.125		0.604167
270.25		0.604167
270.375		0.604167
270.5		0.604167
270.625		0.604167
270.75		0.604167
270.875		0.604167
271		0.604167
271.125		0.614583
271.25		0.614583
271.375		0.614583
271.5		0.614583
271.625		0.614583
271.75		0.614583
271.875		0.614583
272		0.614583
272.125		0.614583
272.25		0.614583
272.375		0.614583
272.5		0.614583
272.625		0.614583
272.75		0.614583
272.875		0.614583
273		0.614583
273.125		0.614583
273.25		0.614583
273.375		0.614583
273.5		0.614583
273.625		0.614583
273.75		0.614583
273.875		0.614583
274		0.614583
274.125		0.614583
274.25		0.614583
274.375		0.614583
274.5		0.614583
274.625		0.614583
274.75		0.614583
274.875		0.614583
275		0.614583
275.125		0.614583
275.25		0.614583
275.375		0.614583
275.5		0.614583
275.625		0.614583
275.75		0.614583
275.875		0.614583
276		0.614583
276.125		0.625
276.25		0.625
276.375		0.625
276.5		0.625
276.625		0.625
276.75		0.625
276.875		0.625
277		0.625
277.125		0.625
277.25		0.625
277.375		0.625
277.5		0.625
277.625		0.625
277.75		0.625
277.875		0.625
278		0.625
278.125		0.625
278.25		0.625
278.375		0.625
278.5		0.625
278.625		0.625
278.75		0.625
278.875		0.625
279		0.625
279.125		0.625
279.25		0.625
279.375		0.625
279.5		0.625
279.625		0.625
279.75		0.625
279.875		0.625
280		0.625
280.125		0.625
280.25		0.625
280.375		0.625
280.5		0.625
280.625		0.625
280.75		0.625
280.875		0.625
281		0.625
281.125		0.625
281.25		0.625
281.375		0.625
281.5		0.625
281.625		0.625
281.75		0.625
281.875		0.625
282		0.625
282.125		0.625
282.25		0.625
282.375		0.625
282.5		0.625
282.625		0.625
282.75		0.625
282.875		0.625
283		0.625
283.125		0.625
283.25		0.625
283.375		0.625
283.5		0.625
283.625		0.625
283.75		0.625
283.875		0.625
284		0.625
284.125		0.625
284.25		0.625
284.375		0.625
284.5		0.625
284.625		0.625
284.75		0.625
284.875		0.625
285		0.625
285.125		0.625
285.25		0.625
285.375		0.625
285.5		0.625
285.625		0.625
285.75		0.625
285.875		0.625
286		0.625
286.125		0.625
286.25		0.625
286.375		0.625
286.5		0.625
286.625		0.625
286.75		0.625
286.875		0.625
287		0.625
287.125		0.625
287.25		0.625
287.375		0.625
287.5		0.625
287.625		0.625
287.75		0.625
287.875		0.625
288		0.625
288.125		0.625
288.25		0.625
288.375		0.625
288.5		0.625
288.625		0.625
288.75		0.625
288.875		0.625
289		0.625
289.125		0.625
289.25		0.625
289.375		0.625
289.5		0.625
289.625		0.625
289.75		0.625
289.875		0.625
290		0.625
290.125		0.625
290.25		0.625
290.375		0.625
290.5		0.625
290.625		0.625
290.75		0.625
290.875		0.625
291		0.625
291.125		0.625
291.25		0.625
291.375		0.625
291.5		0.625
291.625		0.625
291.75		0.625
291.875		0.625
292		0.625
292.125		0.625
292.25		0.625
292.375		0.625
292.5		0.625
292.625		0.625
292.75		0.625
292.875		0.625
293		0.625
293.125		0.625
293.25		0.625
293.375		0.625
293.5		0.625
293.625		0.625
293.75		0.625
293.875		0.625
294		0.625
294.125		0.625
294.25		0.625
294.375		0.625
294.5		0.625
294.625		0.625
294.75		0.625
294.875		0.625
295		0.625
295.125		0.625
295.25		0.625
295.375		0.625
295.5		0.625
295.625		0.625
295.75		0.625
295.875		0.625
296		0.625
296.125		0.625
296.25		0.625
296.375		0.625
296.5		0.625
296.625		0.625
296.75		0.625
296.875		0.625
297		0.625
297.125		0.625
297.25		0.625
297.375		0.625
297.5		0.625
297.625		0.625
297.75		0.625
297.875		0.625
298		0.625
298.125		0.625
298.25		0.625
298.375		0.625
298.5		0.625
298.625		0.625
298.75		0.625
298.875		0.625
299		0.625
299.125		0.625
299.25		0.625
299.375		0.625
299.5		0.625
299.625		0.625
299.75		0.625
299.875		0.625
300		0.625
300.125		0.625
300.25		0.625
300.375		0.625
300.5		0.625
300.625		0.625
300.75		0.625
300.875		0.625
301		0.625
301.125		0.625
301.25		0.625
301.375		0.625
301.5		0.625
301.625		0.625
301.75		0.625
301.875		0.625
302		0.625
302.125		0.625
302.25		0.625
302.375		0.625
302.5		0.625
302.625		0.625
302.75		0.625
302.875		0.625
303		0.625
303.125		0.625
303.25		0.625
303.375		0.625
303.5		0.625
303.625		0.625
303.75		0.625
303.875		0.625
304		0.625
304.125		0.645833
304.25		0.645833
304.375		0.645833
304.5		0.645833
304.625		0.645833
304.75		0.645833
304.875		0.645833
305		0.645833
305.125		0.645833
305.25		0.645833
305.375		0.645833
305.5		0.645833
305.625		0.645833
305.75		0.645833
305.875		0.645833
306		0.645833
306.125		0.645833
306.25		0.645833
306.375		0.645833
306.5		0.645833
306.625		0.645833
306.75		0.645833
306.875		0.645833
307		0.645833
307.125		0.65625
307.25		0.65625
307.375		0.65625
307.5		0.65625
307.625		0.65625
307.75		0.65625
307.875		0.65625
308		0.65625
308.125		0.65625
308.25		0.65625
308.375		0.65625
308.5		0.65625
308.625		0.65625
308.75		0.65625
308.875		0.65625
309		0.65625
309.125		0.666667
309.25		0.666667
309.375		0.666667
309.5		0.666667
309.625		0.666667
309.75		0.666667
309.875		0.666667
310		0.666667
310.125		0.666667
310.25		0.666667
310.375		0.666667
310.5		0.666667
310.625		0.666667
310.75		0.666667
310.875		0.666667
311		0.666667
311.125		0.677083
311.25		0.677083
311.375		0.677083
311.5		0.677083
311.625		0.677083
311.75		0.677083
311.875		0.677083
312		0.677083
312.125		0.6875
312.25		0.6875
312.375		0.6875
312.5		0.6875
312.625		0.6875
312.75		0.6875
312.875		0.6875
313		0.6875
313.125		0.697917
313.25		0.697917
313.375		0.697917
313.5		0.697917
313.625		0.697917
313.75		0.697917
313.875		0.697917
314		0.697917
314.125		0.708333
314.25		0.708333
314.375		0.708333
314.5		0.708333
314.625		0.708333
314.75		0.708333
314.875		0.708333
315		0.708333
315.125		0.708333
315.25		0.708333
315.375		0.708333
315.5		0.708333
315.625		0.708333
315.75		0.708333
315.875		0.708333
316		0.708333
316.125		0.708333
316.25		0.708333
316.375		0.708333
316.5		0.708333
316.625		0.708333
316.75		0.708333
316.875		0.708333
317		0.708333
317.125		0.708333
317.25		0.708333
317.375		0.708333
317.5		0.708333
317.625		0.708333
317.75		0.708333
317.875		0.708333
318		0.708333
318.125		0.708333
318.25		0.708333
318.375		0.708333
318.5		0.708333
318.625		0.708333
318.75		0.708333
318.875		0.708333
319		0.708333
319.125		0.708333
319.25		0.708333
319.375		0.708333
319.5		0.708333
319.625		0.708333
319.75		0.708333
319.875		0.708333
320		0.708333
320.125		0.708333
320.25		0.708333
320.375		0.708333
320.5		0.708333
320.625		0.708333
320.75		0.708333
320.875		0.708333
321		0.708333
321.125		0.708333
321.25		0.708333
321.375		0.708333
321.5		0.708333
321.625		0.708333
321.75		0.708333
321.875		0.708333
322		0.708333
322.125		0.708333
322.25		0.708333
322.375		0.708333
322.5		0.708333
322.625		0.708333
322.75		0.708333
322.875		0.708333
323		0.708333
323.125		0.71875
323.25		0.71875
323.375		0.71875
323.5		0.71875
323.625		0.71875
323.75		0.71875
323.875		0.71875
324		0.71875
324.125		0.729167
324.25		0.729167
324.375		0.729167
324.5		0.729167
324.625		0.729167
324.75		0.729167
324.875		0.729167
325		0.729167
325.125		0.729167
325.25		0.729167
325.375		0.729167
325.5		0.729167
325.625		0.729167
325.75		0.729167
325.875		0.729167
326		0.729167
326.125		0.729167
326.25		0.729167
326.375		0.729167
326.5		0.729167
326.625		0.729167
326.75		0.729167
326.875		0.729167
327		0.729167
327.125		0.729167
327.25		0.729167
327.375		0.729167
327.5		0.729167
327.625		0.729167
327.75		0.729167
327.875		0.729167
328		0.729167
328.125		0.729167
328.25		0.729167
328.375		0.729167
328.5		0.729167
328.625		0.729167
328.75		0.729167
328.875		0.729167
329		0.729167
329.125		0.729167
329.25		0.729167
329.375		0.729167
329.5		0.729167
329.625		0.729167
329.75		0.729167
329.875		0.729167
330		0.729167
330.125		0.729167
330.25		0.729167
330.375		0.729167
330.5		0.729167
330.625		0.729167
330.75		0.729167
330.875		0.729167
331		0.729167
331.125		0.729167
331.25		0.729167
331.375		0.729167
331.5		0.729167
331.625		0.729167
331.75		0.729167
331.875		0.729167
332		0.729167
332.125		0.729167
332.25		0.729167
332.375		0.729167
332.5		0.729167
332.625		0.729167
332.75		0.729167
332.875		0.729167
333		0.729167
333.125		0.729167
333.25		0.729167
333.375		0.729167
333.5		0.729167
333.625		0.729167
333.75		0.729167
333.875		0.729167
334		0.729167
334.125		0.739583
334.25		0.739583
334.375		0.739583
334.5		0.739583
334.625		0.739583
334.75		0.739583
334.875		0.739583
335		0.739583
335.125		0.75
335.25		0.75
335.375		0.75
335.5		0.75
335.625		0.75
335.75		0.75
335.875		0.75
336		0.75
336.125		0.75
336.25		0.75
336.375		0.75
336.5		0.75
336.625		0.75
336.75		0.75
336.875		0.75
337		0.75
337.125		0.75
337.25		0.75
337.375		0.75
337.5		0.75
337.625		0.75
337.75		0.75
337.875		0.75
338		0.75
338.125		0.75
338.25		0.75
338.375		0.75
338.5		0.75
338.625		0.75
338.75		0.75
338.875		0.75
339		0.75
339.125		0.75
339.25		0.75
339.375		0.75
339.5		0.75
339.625		0.75
339.75		0.75
339.875		0.75
340		0.75
340.125		0.75
340.25		0.75
340.375		0.75
340.5		0.75
340.625		0.75
340.75		0.75
340.875		0.75
341		0.75
341.125		0.75
341.25		0.75
341.375		0.75
341.5		0.75
341.625		0.75
341.75		0.75
341.875		0.75
342		0.75
342.125		0.75
342.25		0.75
342.375		0.75
342.5		0.75
342.625		0.75
342.75		0.75
342.875		0.75
343		0.75
343.125		0.75
343.25		0.75
343.375		0.75
343.5		0.75
343.625		0.75
343.75		0.75
343.875		0.75
344		0.75
344.125		0.75
344.25		0.75
344.375		0.75
344.5		0.75
344.625		0.75
344.75		0.75
344.875		0.75
345		0.75
345.125		0.75
345.25		0.75
345.375		0.75
345.5		0.75
345.625		0.75
345.75		0.75
345.875		0.75
346		0.75
346.125		0.75
346.25		0.75
346.375		0.75
346.5		0.75
346.625		0.75
346.75		0.75
346.875		0.75
347		0.75
347.125		0.75
347.25		0.75
347.375		0.75
347.5		0.75
347.625		0.75
347.75		0.75
347.875		0.75
348		0.75
348.125		0.75
348.25		0.75
348.375		0.75
348.5		0.75
348.625		0.75
348.75		0.75
348.875		0.75
349		0.75
349.125		0.75
349.25		0.75
349.375		0.75
349.5		0.75
349.625		0.75
349.75		0.75
349.875		0.75
350		0.75
350.125		0.75
350.25		0.75
350.375		0.75
350.5		0.75
350.625		0.75
350.75		0.75
350.875		0.75
351		0.75
351.125		0.75
351.25		0.75
351.375		0.75
351.5		0.75
351.625		0.75
351.75		0.75
351.875		0.75
352		0.75
352.125		0.75
352.25		0.75
352.375		0.75
352.5		0.75
352.625		0.75
352.75		0.75
352.875		0.75
353		0.75
353.125		0.760417
353.25		0.760417
353.375		0.760417
353.5		0.760417
353.625		0.760417
353.75		0.760417
353.875		0.760417
354		0.760417
354.125		0.760417
354.25		0.760417
354.375		0.760417
354.5		0.760417
354.625		0.760417
354.75		0.760417
354.875		0.760417
355		0.760417
355.125		0.760417
355.25		0.760417
355.375		0.760417
355.5		0.760417
355.625		0.760417
355.75		0.760417
355.875		0.760417
356		0.760417
356.125		0.770833
356.25		0.770833
356.375		0.770833
356.5		0.770833
356.625		0.770833
356.75		0.770833
356.875		0.770833
357		0.770833
357.125		0.770833
357.25		0.770833
357.375		0.770833
357.5		0.770833
357.625		0.770833
357.75		0.770833
357.875		0.770833
358		0.770833
358.125		0.770833
358.25		0.770833
358.375		0.770833
358.5		0.770833
358.625		0.770833
358.75		0.770833
358.875		0.770833
359		0.770833
359.125		0.770833
359.25		0.770833
359.375		0.770833
359.5		0.770833
359.625		0.770833
359.75		0.770833
359.875		0.770833
360		0.770833
360.125		0.791667
360.25		0.791667
360.375		0.791667
360.5		0.791667
360.625		0.791667
360.75		0.791667
360.875		0.791667
361		0.791667
361.125		0.791667
361.25		0.791667
361.375		0.791667
361.5		0.791667
361.625		0.791667
361.75		0.791667
361.875		0.791667
362		0.791667
362.125		0.802083
362.25		0.802083
362.375		0.802083
362.5		0.802083
362.625		0.802083
362.75		0.802083
362.875		0.802083
363		0.802083
363.125		0.802083
363.25		0.802083
363.375		0.802083
363.5		0.802083
363.625		0.802083
363.75		0.802083
363.875		0.802083
364		0.802083
364.125		0.802083
364.25		0.802083
364.375		0.802083
364.5		0.802083
364.625		0.802083
364.75		0.802083
364.875		0.802083
365		0.802083
365.125		0.802083
365.25		0.802083
365.375		0.802083
365.5		0.802083
365.625		0.802083
365.75		0.802083
365.875		0.802083
366		0.802083
366.125		0.802083
366.25		0.802083
366.375		0.802083
366.5		0.802083
366.625		0.802083
366.75		0.802083
366.875		0.802083
367		0.802083
367.125		0.802083
367.25		0.802083
367.375		0.802083
367.5		0.802083
367.625		0.802083
367.75		0.802083
367.875		0.802083
368		0.802083
368.125		0.802083
368.25		0.802083
368.375		0.802083
368.5		0.802083
368.625		0.802083
368.75		0.802083
368.875		0.802083
369		0.802083
369.125		0.802083
369.25		0.802083
369.375		0.802083
369.5		0.802083
369.625		0.802083
369.75		0.802083
369.875		0.802083
370		0.802083
370.125		0.802083
370.25		0.802083
370.375		0.802083
370.5		0.802083
370.625		0.802083
370.75		0.802083
370.875		0.802083
371		0.802083
371.125		0.802083
371.25		0.802083
371.375		0.802083
371.5		0.802083
371.625		0.802083
371.75		0.802083
371.875		0.802083
372		0.802083
372.125		0.8125
372.25		0.8125
372.375		0.8125
372.5		0.8125
372.625		0.8125
372.75		0.8125
372.875		0.8125
373		0.8125
373.125		0.822917
373.25		0.822917
373.375		0.822917
373.5		0.822917
373.625		0.822917
373.75		0.822917
373.875		0.822917
374		0.822917
374.125		0.822917
374.25		0.822917
374.375		0.822917
374.5		0.822917
374.625		0.822917
374.75		0.822917
374.875		0.822917
375		0.822917
375.125		0.822917
375.25		0.822917
375.375		0.822917
375.5		0.822917
375.625		0.822917
375.75		0.822917
375.875		0.822917
376		0.822917
376.125		0.833333
376.25		0.833333
376.375		0.833333
376.5		0.833333
376.625		0.833333
376.75		0.833333
376.875		0.833333
377		0.833333
377.125		0.84375
377.25		0.84375
377.375		0.84375
377.5		0.84375
377.625		0.84375
377.75		0.84375
377.875		0.84375
378		0.84375
378.125		0.84375
378.25		0.84375
378.375		0.84375
378.5		0.84375
378.625		0.84375
378.75		0.84375
378.875		0.84375
379		0.84375
379.125		0.854167
379.25		0.854167
379.375		0.854167
379.5		0.854167
379.625		0.854167
379.75		0.854167
379.875		0.854167
380		0.854167
380.125		0.854167
380.25		0.854167
380.375		0.854167
380.5		0.854167
380.625		0.854167
380.75		0.854167
380.875		0.854167
381		0.854167
381.125		0.854167
381.25		0.854167
381.375		0.854167
381.5		0.854167
381.625		0.854167
381.75		0.854167
381.875		0.854167
382		0.854167
382.125		0.854167
382.25		0.854167
382.375		0.854167
382.5		0.854167
382.625		0.854167
382.75		0.854167
382.875		0.854167
383		0.854167
383.125		0.854167
383.25		0.854167
383.375		0.854167
383.5		0.854167
383.625		0.854167
383.75		0.854167
383.875		0.854167
384		0.854167
384.125		0.854167
384.25		0.854167
384.375		0.854167
384.5		0.854167
384.625		0.854167
384.75		0.854167
384.875		0.854167
385		0.854167
385.125		0.854167
385.25		0.854167
385.375		0.854167
385.5		0.854167
385.625		0.854167
385.75		0.854167
385.875		0.854167
386		0.854167
386.125		0.854167
386.25		0.854167
386.375		0.854167
386.5		0.854167
386.625		0.854167
386.75		0.854167
386.875		0.854167
387		0.854167
387.125		0.854167
387.25		0.854167
387.375		0.854167
387.5		0.854167
387.625		0.854167
387.75		0.854167
387.875		0.854167
388		0.854167
388.125		0.854167
388.25		0.854167
388.375		0.854167
388.5		0.854167
388.625		0.854167
388.75		0.854167
388.875		0.854167
389		0.854167
389.125		0.854167
389.25		0.854167
389.375		0.854167
389.5		0.854167
389.625		0.854167
389.75		0.854167
389.875		0.854167
390		0.854167
390.125		0.854167
390.25		0.854167
390.375		0.854167
390.5		0.854167
390.625		0.854167
390.75		0.854167
390.875		0.854167
391		0.854167
391.125		0.854167
391.25		0.854167
391.375		0.854167
391.5		0.854167
391.625		0.854167
391.75		0.854167
391.875		0.854167
392		0.854167
392.125		0.854167
392.25		0.854167
392.375		0.854167
392.5		0.854167
392.625		0.854167
392.75		0.854167
392.875		0.854167
393		0.854167
393.125		0.854167
393.25		0.854167
393.375		0.854167
393.5		0.854167
393.625		0.854167
393.75		0.854167
393.875		0.854167
394		0.854167
394.125		0.854167
394.25		0.854167
394.375		0.854167
394.5		0.854167
394.625		0.854167
394.75		0.854167
394.875		0.854167
395		0.854167
395.125		0.854167
395.25		0.854167
395.375		0.854167
395.5		0.854167
395.625		0.854167
395.75		0.854167
395.875		0.854167
396		0.854167
396.125		0.854167
396.25		0.854167
396.375		0.854167
396.5		0.854167
396.625		0.854167
396.75		0.854167
396.875		0.854167
397		0.854167
397.125		0.854167
397.25		0.854167
397.375		0.854167
397.5		0.854167
397.625		0.854167
397.75		0.854167
397.875		0.854167
398		0.854167
398.125		0.854167
398.25		0.854167
398.375		0.854167
398.5		0.854167
398.625		0.854167
398.75		0.854167
398.875		0.854167
399		0.854167
399.125		0.854167
399.25		0.854167
399.375		0.854167
399.5		0.854167
399.625		0.854167
399.75		0.854167
399.875		0.854167
400		0.854167
400.125		0.854167
400.25		0.854167
400.375		0.854167
400.5		0.854167
400.625		0.854167
400.75		0.854167
400.875		0.854167
401		0.854167
401.125		0.854167
401.25		0.854167
401.375		0.854167
401.5		0.854167
401.625		0.854167
401.75		0.854167
401.875		0.854167
402		0.854167
402.125		0.854167
402.25		0.854167
402.375		0.854167
402.5		0.854167
402.625		0.854167
402.75		0.854167
402.875		0.854167
403		0.854167
403.125		0.854167
403.25		0.854167
403.375		0.854167
403.5		0.854167
403.625		0.854167
403.75		0.854167
403.875		0.854167
404		0.854167
404.125		0.854167
404.25		0.854167
404.375		0.854167
404.5		0.854167
404.625		0.854167
404.75		0.854167
404.875		0.854167
405		0.854167
405.125		0.854167
405.25		0.854167
405.375		0.854167
405.5		0.854167
405.625		0.854167
405.75		0.854167
405.875		0.854167
406		0.854167
406.125		0.854167
406.25		0.854167
406.375		0.854167
406.5		0.854167
406.625		0.854167
406.75		0.854167
406.875		0.854167
407		0.854167
407.125		0.864583
407.25		0.864583
407.375		0.864583
407.5		0.864583
407.625		0.864583
407.75		0.864583
407.875		0.864583
408		0.864583
408.125		0.864583
408.25		0.864583
408.375		0.864583
408.5		0.864583
408.625		0.864583
408.75		0.864583
408.875		0.864583
409		0.864583
409.125		0.864583
409.25		0.864583
409.375		0.864583
409.5		0.864583
409.625		0.864583
409.75		0.864583
409.875		0.864583
410		0.864583
410.125		0.864583
410.25		0.864583
410.375		0.864583
410.5		0.864583
410.625		0.864583
410.75		0.864583
410.875		0.864583
411		0.864583
411.125		0.875
411.25		0.875
411.375		0.875
411.5		0.875
411.625		0.875
411.75		0.875
411.875		0.875
412		0.875
412.125		0.875
412.25		0.875
412.375		0.875
412.5		0.875
412.625		0.875
412.75		0.875
412.875		0.875
413		0.875
413.125		0.875
413.25		0.875
413.375		0.875
413.5		0.875
413.625		0.875
413.75		0.875
413.875		0.875
414		0.875
414.125		0.875
414.25		0.875
414.375		0.875
414.5		0.875
414.625		0.875
414.75		0.875
414.875		0.875
415		0.875
415.125		0.875
415.25		0.875
415.375		0.875
415.5		0.875
415.625		0.875
415.75		0.875
415.875		0.875
416		0.875
416.125		0.895833
416.25		0.895833
416.375		0.895833
416.5		0.895833
416.625		0.895833
416.75		0.895833
416.875		0.895833
417		0.895833
417.125		0.895833
417.25		0.895833
417.375		0.895833
417.5		0.895833
417.625		0.895833
417.75		0.895833
417.875		0.895833
418		0.895833
418.125		0.90625
418.25		0.90625
418.375		0.90625
418.5		0.90625
418.625		0.90625
418.75		0.90625
418.875		0.90625
419		0.90625
419.125		0.90625
419.25		0.90625
419.375		0.90625
419.5		0.90625
419.625		0.90625
419.75		0.90625
419.875		0.90625
420		0.90625
420.125		0.916667
420.25		0.916667
420.375		0.916667
420.5		0.916667
420.625		0.916667
420.75		0.916667
420.875		0.916667
421		0.916667
421.125		0.927083
421.25		0.927083
421.375		0.927083
421.5		0.927083
421.625		0.927083
421.75		0.927083
421.875		0.927083
422		0.927083
422.125		0.927083
422.25		0.927083
422.375		0.927083
422.5		0.927083
422.625		0.927083
422.75		0.927083
422.875		0.927083
423		0.927083
423.125		0.9375
423.25		0.9375
423.375		0.9375
423.5		0.9375
423.625		0.9375
423.75		0.9375
423.875		0.9375
424		0.9375
424.125		0.9375
424.25		0.9375
424.375		0.9375
424.5		0.9375
424.625		0.9375
424.75		0.9375
424.875		0.9375
425		0.9375
425.125		0.9375
425.25		0.9375
425.375		0.9375
425.5		0.9375
425.625		0.9375
425.75		0.9375
425.875		0.9375
426		0.9375
426.125		0.9375
426.25		0.9375
426.375		0.9375
426.5		0.9375
426.625		0.9375
426.75		0.9375
426.875		0.9375
427		0.9375
427.125		0.958333
427.25		0.958333
427.375		0.958333
427.5		0.958333
427.625		0.958333
427.75		0.958333
427.875		0.958333
428		0.958333
428.125		0.958333
428.25		0.958333
428.375		0.958333
428.5		0.958333
428.625		0.958333
428.75		0.958333
428.875		0.958333
429		0.958333
429.125		0.958333
429.25		0.958333
429.375		0.958333
429.5		0.958333
429.625		0.958333
429.75		0.958333
429.875		0.958333
430		0.958333
430.125		0.958333
430.25		0.958333
430.375		0.958333
430.5		0.958333
430.625		0.958333
430.75		0.958333
430.875		0.958333
431		0.958333
431.125		0.958333
431.25		0.958333
431.375		0.958333
431.5		0.958333
431.625		0.958333
431.75		0.958333
431.875		0.958333
432		0.958333
432.125		0.958333
432.25		0.958333
432.375		0.958333
432.5		0.958333
432.625		0.958333
432.75		0.958333
432.875		0.958333
433		0.958333
433.125		0.958333
433.25		0.958333
433.375		0.958333
433.5		0.958333
433.625		0.958333
433.75		0.958333
433.875		0.958333
434		0.958333
434.125		0.958333
434.25		0.958333
434.375		0.958333
434.5		0.958333
434.625		0.958333
434.75		0.958333
434.875		0.958333
435		0.958333
435.125		0.958333
435.25		0.958333
435.375		0.958333
435.5		0.958333
435.625		0.958333
435.75		0.958333
435.875		0.958333
436		0.958333
436.125		0.958333
436.25		0.958333
436.375		0.958333
436.5		0.958333
436.625		0.958333
436.75		0.958333
436.875		0.958333
437		0.958333
437.125		0.958333
437.25		0.958333
437.375		0.958333
437.5		0.958333
437.625		0.958333
437.75		0.958333
437.875		0.958333
438		0.958333
438.125		0.958333
438.25		0.958333
438.375		0.958333
438.5		0.958333
438.625		0.958333
438.75		0.958333
438.875		0.958333
439		0.958333
439.125		0.958333
439.25		0.958333
439.375		0.958333
439.5		0.958333
439.625		0.958333
439.75		0.958333
439.875		0.958333
440		0.958333
440.125		0.958333
440.25		0.958333
440.375		0.958333
440.5		0.958333
440.625		0.958333
440.75		0.958333
440.875		0.958333
441		0.958333
441.125		0.958333
441.25		0.958333
441.375		0.958333
441.5		0.958333
441.625		0.958333
441.75		0.958333
441.875		0.958333
442		0.958333
442.125		0.958333
442.25		0.958333
442.375		0.958333
442.5		0.958333
442.625		0.958333
442.75		0.958333
442.875		0.958333
443		0.958333
443.125		0.958333
443.25		0.958333
443.375		0.958333
443.5		0.958333
443.625		0.958333
443.75		0.958333
443.875		0.958333
444		0.958333
444.125		0.958333
444.25		0.958333
444.375		0.958333
444.5		0.958333
444.625		0.958333
444.75		0.958333
444.875		0.958333
445		0.958333
445.125		0.96875
445.25		0.96875
445.375		0.96875
445.5		0.96875
445.625		0.96875
445.75		0.96875
445.875		0.96875
446		0.96875
446.125		0.979167
446.25		0.979167
446.375		0.979167
446.5		0.979167
446.625		0.979167
446.75		0.979167
446.875		0.979167
447		0.979167
447.125		0.979167
447.25		0.979167
447.375		0.979167
447.5		0.979167
447.625		0.979167
447.75		0.979167
447.875		0.979167
448		0.979167
448.125		0.989583
448.25		0.989583
448.375		0.989583
448.5		0.989583
448.625		0.989583
448.75		0.989583
448.875		0.989583
449		0.989583
449.125		0.989583
449.25		0.989583
449.375		0.989583
449.5		0.989583
449.625		0.989583
449.75		0.989583
449.875		0.989583
450		0.989583
450.125		0.989583
450.25		0.989583
450.375		0.989583
450.5		0.989583
450.625		0.989583
450.75		0.989583
450.875		0.989583
451		0.989583
451.125		0.989583
451.25		0.989583
451.375		0.989583
451.5		0.989583
451.625		0.989583
451.75		0.989583
451.875		0.989583
452		0.989583
452.125		0.989583
452.25		0.989583
452.375		0.989583
452.5		0.989583
452.625		0.989583
452.75		0.989583
452.875		0.989583
453		0.989583
453.125		0.989583
453.25		0.989583
453.375		0.989583
453.5		0.989583
453.625		0.989583
453.75		0.989583
453.875		0.989583
454		0.989583
454.125		0.989583
454.25		0.989583
454.375		0.989583
454.5		0.989583
454.625		0.989583
454.75		0.989583
454.875		0.989583
455		0.989583
455.125		0.989583
455.25		0.989583
455.375		0.989583
455.5		0.989583
455.625		0.989583
455.75		0.989583
455.875		0.989583
456		0.989583
456.125		0.989583
456.25		0.989583
456.375		0.989583
456.5		0.989583
456.625		0.989583
456.75		0.989583
456.875		0.989583
457		0.989583
457.125		1
457.25		1
457.375		1
457.5		1
457.625		1
457.75		1
457.875		1
458		1
458.125		1
458.25		1
458.375		1
458.5		1
458.625		1
458.75		1
458.875		1
459		1
459.125		1
459.25		1
459.375		1
459.5		1
459.625		1
459.75		1
459.875		1
460		1
460.125		1
460.25		1
460.375		1
460.5		1
460.625		1
460.75		1
460.875		1
461		1
461.125		1
461.25		1
461.375		1
461.5		1
461.625		1
461.75		1
461.875		1
462		1
462.125		1
462.25		1
462.375		1
462.5		1
462.625		1
462.75		1
462.875		1
463		1
463.125		1
463.25		1
463.375		1
463.5		1
463.625		1
463.75		1
463.875		1
464		1
464.125		1
464.25		1
464.375		1
464.5		1
464.625		1
464.75		1
464.875		1
465		1
465.125		1
465.25		1
465.375		1
465.5		1
465.625		1
465.75		1
465.875		1
466		1
466.125		1
466.25		1
466.375		1
466.5		1
466.625		1
466.75		1
466.875		1
467		1
467.125		1
467.25		1
467.375		1
467.5		1
467.625		1
467.75		1
467.875		1
468		1
468.125		1
468.25		1
468.375		1
468.5		1
468.625		1
468.75		1
468.875		1
469		1
469.125		1
469.25		1
469.375		1
469.5		1
469.625		1
469.75		1
469.875		1
470		1
470.125		1
470.25		1
470.375		1
470.5		1
470.625		1
470.75		1
470.875		1
471		1
471.125		1
471.25		1
471.375		1
471.5		1
471.625		1
471.75		1
471.875		1
472		1
472.125		1
472.25		1
472.375		1
472.5		1
472.625		1
472.75		1
472.875		1
473		1
473.125		1
473.25		1
473.375		1
473.5		1
473.625		1
473.75		1
473.875		1
474		1
474.125		1
474.25		1
474.375		1
474.5		1
474.625		1
474.75		1
474.875		1
475		1
475.125		1
475.25		1
475.375		1
475.5		1
475.625		1
475.75		1
475.875		1
476		1
476.125		1
476.25		1
476.375		1
476.5		1
476.625		1
476.75		1
476.875		1
477		1
477.125		1
477.25		1
477.375		1
477.5		1
477.625		1
477.75		1
477.875		1
478		1
478.125		1
478.25		1
478.375		1
478.5		1
478.625		1
478.75		1
478.875		1
479		1
479.125		1
479.25		1
479.375		1
479.5		1
479.625		1
479.75		1
479.875		1
480		1
480.125		1
480.25		1
480.375		1
480.5		1
480.625		1
480.75		1
480.875		1
481		1
481.125		1
481.25		1
481.375		1
481.5		1
481.625		1
481.75		1
481.875		1
482		1
482.125		1
482.25		1
482.375		1
482.5		1
482.625		1
482.75		1
482.875		1
483		1
483.125		1
483.25		1
483.375		1
483.5		1
483.625		1
483.75		1
483.875		1
484		1
484.125		1
484.25		1
484.375		1
484.5		1
484.625		1
484.75		1
484.875		1
485		1
485.125		1
485.25		1
485.375		1
485.5		1
485.625		1
485.75		1
485.875		1
486		1
486.125		1
486.25		1
486.375		1
486.5		1
486.625		1
486.75		1
486.875		1
487		1
487.125		1
487.25		1
487.375		1
487.5		1
487.625		1
487.75		1
487.875		1
488		1
488.125		1
488.25		1
488.375		1
488.5		1
488.625		1
488.75		1
488.875		1
489		1
489.125		1
489.25		1
489.375		1
489.5		1
489.625		1
489.75		1
489.875		1
490		1
490.125		1
490.25		1
490.375		1
490.5		1
490.625		1
490.75		1
490.875		1
491		1
491.125		1
491.25		1
491.375		1
491.5		1
491.625		1
491.75		1
491.875		1
492		1
492.125		1
492.25		1
492.375		1
492.5		1
492.625		1
492.75		1
492.875		1
493		1
493.125		1
493.25		1
493.375		1
493.5		1
493.625		1
493.75		1
493.875		1
494		1
494.125		1
494.25		1
494.375		1
494.5		1
494.625		1
494.75		1
494.875		1
495		1
495.125		1
495.25		1
495.375		1
495.5		1
495.625		1
495.75		1
495.875		1
496		1
496.125		1
496.25		1
496.375		1
496.5		1
496.625		1
496.75		1
496.875		1
497		1
497.125		1
497.25		1
497.375		1
497.5		1
497.625		1
497.75		1
497.875		1
498		1
498.125		1
498.25		1
498.375		1
498.5		1
498.625		1
498.75		1
498.875		1
499		1
499.125		1
499.25		1
499.375		1
499.5		1
499.625		1
499.75		1
499.875		1
500		1
