# Calibration file of tamex_id 0 @ channel 20
# fine_T bin		 Calibration value
0.125		0
0.25		0
0.375		0
0.5		0
0.625		0
0.75		0
0.875		0
1		0
1.125		0
1.25		0
1.375		0
1.5		0
1.625		0
1.75		0
1.875		0
2		0
2.125		0
2.25		0
2.375		0
2.5		0
2.625		0
2.75		0
2.875		0
3		0
3.125		0
3.25		0
3.375		0
3.5		0
3.625		0
3.75		0
3.875		0
4		0
4.125		0
4.25		0
4.375		0
4.5		0
4.625		0
4.75		0
4.875		0
5		0
5.125		0
5.25		0
5.375		0
5.5		0
5.625		0
5.75		0
5.875		0
6		0
6.125		0
6.25		0
6.375		0
6.5		0
6.625		0
6.75		0
6.875		0
7		0
7.125		0
7.25		0
7.375		0
7.5		0
7.625		0
7.75		0
7.875		0
8		0
8.125		0
8.25		0
8.375		0
8.5		0
8.625		0
8.75		0
8.875		0
9		0
9.125		0
9.25		0
9.375		0
9.5		0
9.625		0
9.75		0
9.875		0
10		0
10.125		0
10.25		0
10.375		0
10.5		0
10.625		0
10.75		0
10.875		0
11		0
11.125		0
11.25		0
11.375		0
11.5		0
11.625		0
11.75		0
11.875		0
12		0
12.125		0
12.25		0
12.375		0
12.5		0
12.625		0
12.75		0
12.875		0
13		0
13.125		0
13.25		0
13.375		0
13.5		0
13.625		0
13.75		0
13.875		0
14		0
14.125		0
14.25		0
14.375		0
14.5		0
14.625		0
14.75		0
14.875		0
15		0
15.125		0
15.25		0
15.375		0
15.5		0
15.625		0
15.75		0
15.875		0
16		0
16.125		0
16.25		0
16.375		0
16.5		0
16.625		0
16.75		0
16.875		0
17		0
17.125		0
17.25		0
17.375		0
17.5		0
17.625		0
17.75		0
17.875		0
18		0
18.125		0
18.25		0
18.375		0
18.5		0
18.625		0
18.75		0
18.875		0
19		0
19.125		0
19.25		0
19.375		0
19.5		0
19.625		0
19.75		0
19.875		0
20		0
20.125		0
20.25		0
20.375		0
20.5		0
20.625		0
20.75		0
20.875		0
21		0
21.125		0
21.25		0
21.375		0
21.5		0
21.625		0
21.75		0
21.875		0
22		0
22.125		0
22.25		0
22.375		0
22.5		0
22.625		0
22.75		0
22.875		0
23		0
23.125		0
23.25		0
23.375		0
23.5		0
23.625		0
23.75		0
23.875		0
24		0
24.125		0
24.25		0
24.375		0
24.5		0
24.625		0
24.75		0
24.875		0
25		0
25.125		312.5
25.25		312.5
25.375		312.5
25.5		312.5
25.625		312.5
25.75		312.5
25.875		312.5
26		312.5
26.125		312.5
26.25		312.5
26.375		312.5
26.5		312.5
26.625		312.5
26.75		312.5
26.875		312.5
27		312.5
27.125		312.5
27.25		312.5
27.375		312.5
27.5		312.5
27.625		312.5
27.75		312.5
27.875		312.5
28		312.5
28.125		312.5
28.25		312.5
28.375		312.5
28.5		312.5
28.625		312.5
28.75		312.5
28.875		312.5
29		312.5
29.125		312.5
29.25		312.5
29.375		312.5
29.5		312.5
29.625		312.5
29.75		312.5
29.875		312.5
30		312.5
30.125		312.5
30.25		312.5
30.375		312.5
30.5		312.5
30.625		312.5
30.75		312.5
30.875		312.5
31		312.5
31.125		312.5
31.25		312.5
31.375		312.5
31.5		312.5
31.625		312.5
31.75		312.5
31.875		312.5
32		312.5
32.125		312.5
32.25		312.5
32.375		312.5
32.5		312.5
32.625		312.5
32.75		312.5
32.875		312.5
33		312.5
33.125		312.5
33.25		312.5
33.375		312.5
33.5		312.5
33.625		312.5
33.75		312.5
33.875		312.5
34		312.5
34.125		312.5
34.25		312.5
34.375		312.5
34.5		312.5
34.625		312.5
34.75		312.5
34.875		312.5
35		312.5
35.125		312.5
35.25		312.5
35.375		312.5
35.5		312.5
35.625		312.5
35.75		312.5
35.875		312.5
36		312.5
36.125		312.5
36.25		312.5
36.375		312.5
36.5		312.5
36.625		312.5
36.75		312.5
36.875		312.5
37		312.5
37.125		312.5
37.25		312.5
37.375		312.5
37.5		312.5
37.625		312.5
37.75		312.5
37.875		312.5
38		312.5
38.125		312.5
38.25		312.5
38.375		312.5
38.5		312.5
38.625		312.5
38.75		312.5
38.875		312.5
39		312.5
39.125		312.5
39.25		312.5
39.375		312.5
39.5		312.5
39.625		312.5
39.75		312.5
39.875		312.5
40		312.5
40.125		312.5
40.25		312.5
40.375		312.5
40.5		312.5
40.625		312.5
40.75		312.5
40.875		312.5
41		312.5
41.125		312.5
41.25		312.5
41.375		312.5
41.5		312.5
41.625		312.5
41.75		312.5
41.875		312.5
42		312.5
42.125		468.75
42.25		468.75
42.375		468.75
42.5		468.75
42.625		468.75
42.75		468.75
42.875		468.75
43		468.75
43.125		468.75
43.25		468.75
43.375		468.75
43.5		468.75
43.625		468.75
43.75		468.75
43.875		468.75
44		468.75
44.125		468.75
44.25		468.75
44.375		468.75
44.5		468.75
44.625		468.75
44.75		468.75
44.875		468.75
45		468.75
45.125		468.75
45.25		468.75
45.375		468.75
45.5		468.75
45.625		468.75
45.75		468.75
45.875		468.75
46		468.75
46.125		468.75
46.25		468.75
46.375		468.75
46.5		468.75
46.625		468.75
46.75		468.75
46.875		468.75
47		468.75
47.125		468.75
47.25		468.75
47.375		468.75
47.5		468.75
47.625		468.75
47.75		468.75
47.875		468.75
48		468.75
48.125		468.75
48.25		468.75
48.375		468.75
48.5		468.75
48.625		468.75
48.75		468.75
48.875		468.75
49		468.75
49.125		468.75
49.25		468.75
49.375		468.75
49.5		468.75
49.625		468.75
49.75		468.75
49.875		468.75
50		468.75
50.125		468.75
50.25		468.75
50.375		468.75
50.5		468.75
50.625		468.75
50.75		468.75
50.875		468.75
51		468.75
51.125		468.75
51.25		468.75
51.375		468.75
51.5		468.75
51.625		468.75
51.75		468.75
51.875		468.75
52		468.75
52.125		625
52.25		625
52.375		625
52.5		625
52.625		625
52.75		625
52.875		625
53		625
53.125		625
53.25		625
53.375		625
53.5		625
53.625		625
53.75		625
53.875		625
54		625
54.125		625
54.25		625
54.375		625
54.5		625
54.625		625
54.75		625
54.875		625
55		625
55.125		625
55.25		625
55.375		625
55.5		625
55.625		625
55.75		625
55.875		625
56		625
56.125		781.25
56.25		781.25
56.375		781.25
56.5		781.25
56.625		781.25
56.75		781.25
56.875		781.25
57		781.25
57.125		781.25
57.25		781.25
57.375		781.25
57.5		781.25
57.625		781.25
57.75		781.25
57.875		781.25
58		781.25
58.125		781.25
58.25		781.25
58.375		781.25
58.5		781.25
58.625		781.25
58.75		781.25
58.875		781.25
59		781.25
59.125		781.25
59.25		781.25
59.375		781.25
59.5		781.25
59.625		781.25
59.75		781.25
59.875		781.25
60		781.25
60.125		781.25
60.25		781.25
60.375		781.25
60.5		781.25
60.625		781.25
60.75		781.25
60.875		781.25
61		781.25
61.125		781.25
61.25		781.25
61.375		781.25
61.5		781.25
61.625		781.25
61.75		781.25
61.875		781.25
62		781.25
62.125		781.25
62.25		781.25
62.375		781.25
62.5		781.25
62.625		781.25
62.75		781.25
62.875		781.25
63		781.25
63.125		781.25
63.25		781.25
63.375		781.25
63.5		781.25
63.625		781.25
63.75		781.25
63.875		781.25
64		781.25
64.125		781.25
64.25		781.25
64.375		781.25
64.5		781.25
64.625		781.25
64.75		781.25
64.875		781.25
65		781.25
65.125		781.25
65.25		781.25
65.375		781.25
65.5		781.25
65.625		781.25
65.75		781.25
65.875		781.25
66		781.25
66.125		781.25
66.25		781.25
66.375		781.25
66.5		781.25
66.625		781.25
66.75		781.25
66.875		781.25
67		781.25
67.125		781.25
67.25		781.25
67.375		781.25
67.5		781.25
67.625		781.25
67.75		781.25
67.875		781.25
68		781.25
68.125		781.25
68.25		781.25
68.375		781.25
68.5		781.25
68.625		781.25
68.75		781.25
68.875		781.25
69		781.25
69.125		937.5
69.25		937.5
69.375		937.5
69.5		937.5
69.625		937.5
69.75		937.5
69.875		937.5
70		937.5
70.125		937.5
70.25		937.5
70.375		937.5
70.5		937.5
70.625		937.5
70.75		937.5
70.875		937.5
71		937.5
71.125		937.5
71.25		937.5
71.375		937.5
71.5		937.5
71.625		937.5
71.75		937.5
71.875		937.5
72		937.5
72.125		937.5
72.25		937.5
72.375		937.5
72.5		937.5
72.625		937.5
72.75		937.5
72.875		937.5
73		937.5
73.125		937.5
73.25		937.5
73.375		937.5
73.5		937.5
73.625		937.5
73.75		937.5
73.875		937.5
74		937.5
74.125		937.5
74.25		937.5
74.375		937.5
74.5		937.5
74.625		937.5
74.75		937.5
74.875		937.5
75		937.5
75.125		937.5
75.25		937.5
75.375		937.5
75.5		937.5
75.625		937.5
75.75		937.5
75.875		937.5
76		937.5
76.125		937.5
76.25		937.5
76.375		937.5
76.5		937.5
76.625		937.5
76.75		937.5
76.875		937.5
77		937.5
77.125		937.5
77.25		937.5
77.375		937.5
77.5		937.5
77.625		937.5
77.75		937.5
77.875		937.5
78		937.5
78.125		937.5
78.25		937.5
78.375		937.5
78.5		937.5
78.625		937.5
78.75		937.5
78.875		937.5
79		937.5
79.125		937.5
79.25		937.5
79.375		937.5
79.5		937.5
79.625		937.5
79.75		937.5
79.875		937.5
80		937.5
80.125		937.5
80.25		937.5
80.375		937.5
80.5		937.5
80.625		937.5
80.75		937.5
80.875		937.5
81		937.5
81.125		937.5
81.25		937.5
81.375		937.5
81.5		937.5
81.625		937.5
81.75		937.5
81.875		937.5
82		937.5
82.125		937.5
82.25		937.5
82.375		937.5
82.5		937.5
82.625		937.5
82.75		937.5
82.875		937.5
83		937.5
83.125		937.5
83.25		937.5
83.375		937.5
83.5		937.5
83.625		937.5
83.75		937.5
83.875		937.5
84		937.5
84.125		937.5
84.25		937.5
84.375		937.5
84.5		937.5
84.625		937.5
84.75		937.5
84.875		937.5
85		937.5
85.125		1093.75
85.25		1093.75
85.375		1093.75
85.5		1093.75
85.625		1093.75
85.75		1093.75
85.875		1093.75
86		1093.75
86.125		1093.75
86.25		1093.75
86.375		1093.75
86.5		1093.75
86.625		1093.75
86.75		1093.75
86.875		1093.75
87		1093.75
87.125		1093.75
87.25		1093.75
87.375		1093.75
87.5		1093.75
87.625		1093.75
87.75		1093.75
87.875		1093.75
88		1093.75
88.125		1093.75
88.25		1093.75
88.375		1093.75
88.5		1093.75
88.625		1093.75
88.75		1093.75
88.875		1093.75
89		1093.75
89.125		1093.75
89.25		1093.75
89.375		1093.75
89.5		1093.75
89.625		1093.75
89.75		1093.75
89.875		1093.75
90		1093.75
90.125		1093.75
90.25		1093.75
90.375		1093.75
90.5		1093.75
90.625		1093.75
90.75		1093.75
90.875		1093.75
91		1093.75
91.125		1093.75
91.25		1093.75
91.375		1093.75
91.5		1093.75
91.625		1093.75
91.75		1093.75
91.875		1093.75
92		1093.75
92.125		1093.75
92.25		1093.75
92.375		1093.75
92.5		1093.75
92.625		1093.75
92.75		1093.75
92.875		1093.75
93		1093.75
93.125		1093.75
93.25		1093.75
93.375		1093.75
93.5		1093.75
93.625		1093.75
93.75		1093.75
93.875		1093.75
94		1093.75
94.125		1093.75
94.25		1093.75
94.375		1093.75
94.5		1093.75
94.625		1093.75
94.75		1093.75
94.875		1093.75
95		1093.75
95.125		1093.75
95.25		1093.75
95.375		1093.75
95.5		1093.75
95.625		1093.75
95.75		1093.75
95.875		1093.75
96		1093.75
96.125		1093.75
96.25		1093.75
96.375		1093.75
96.5		1093.75
96.625		1093.75
96.75		1093.75
96.875		1093.75
97		1093.75
97.125		1093.75
97.25		1093.75
97.375		1093.75
97.5		1093.75
97.625		1093.75
97.75		1093.75
97.875		1093.75
98		1093.75
98.125		1093.75
98.25		1093.75
98.375		1093.75
98.5		1093.75
98.625		1093.75
98.75		1093.75
98.875		1093.75
99		1093.75
99.125		1093.75
99.25		1093.75
99.375		1093.75
99.5		1093.75
99.625		1093.75
99.75		1093.75
99.875		1093.75
100		1093.75
100.125		1093.75
100.25		1093.75
100.375		1093.75
100.5		1093.75
100.625		1093.75
100.75		1093.75
100.875		1093.75
101		1093.75
101.125		1093.75
101.25		1093.75
101.375		1093.75
101.5		1093.75
101.625		1093.75
101.75		1093.75
101.875		1093.75
102		1093.75
102.125		1093.75
102.25		1093.75
102.375		1093.75
102.5		1093.75
102.625		1093.75
102.75		1093.75
102.875		1093.75
103		1093.75
103.125		1093.75
103.25		1093.75
103.375		1093.75
103.5		1093.75
103.625		1093.75
103.75		1093.75
103.875		1093.75
104		1093.75
104.125		1093.75
104.25		1093.75
104.375		1093.75
104.5		1093.75
104.625		1093.75
104.75		1093.75
104.875		1093.75
105		1093.75
105.125		1093.75
105.25		1093.75
105.375		1093.75
105.5		1093.75
105.625		1093.75
105.75		1093.75
105.875		1093.75
106		1093.75
106.125		1093.75
106.25		1093.75
106.375		1093.75
106.5		1093.75
106.625		1093.75
106.75		1093.75
106.875		1093.75
107		1093.75
107.125		1093.75
107.25		1093.75
107.375		1093.75
107.5		1093.75
107.625		1093.75
107.75		1093.75
107.875		1093.75
108		1093.75
108.125		1093.75
108.25		1093.75
108.375		1093.75
108.5		1093.75
108.625		1093.75
108.75		1093.75
108.875		1093.75
109		1093.75
109.125		1093.75
109.25		1093.75
109.375		1093.75
109.5		1093.75
109.625		1093.75
109.75		1093.75
109.875		1093.75
110		1093.75
110.125		1093.75
110.25		1093.75
110.375		1093.75
110.5		1093.75
110.625		1093.75
110.75		1093.75
110.875		1093.75
111		1093.75
111.125		1093.75
111.25		1093.75
111.375		1093.75
111.5		1093.75
111.625		1093.75
111.75		1093.75
111.875		1093.75
112		1093.75
112.125		1093.75
112.25		1093.75
112.375		1093.75
112.5		1093.75
112.625		1093.75
112.75		1093.75
112.875		1093.75
113		1093.75
113.125		1093.75
113.25		1093.75
113.375		1093.75
113.5		1093.75
113.625		1093.75
113.75		1093.75
113.875		1093.75
114		1093.75
114.125		1093.75
114.25		1093.75
114.375		1093.75
114.5		1093.75
114.625		1093.75
114.75		1093.75
114.875		1093.75
115		1093.75
115.125		1250
115.25		1250
115.375		1250
115.5		1250
115.625		1250
115.75		1250
115.875		1250
116		1250
116.125		1250
116.25		1250
116.375		1250
116.5		1250
116.625		1250
116.75		1250
116.875		1250
117		1250
117.125		1250
117.25		1250
117.375		1250
117.5		1250
117.625		1250
117.75		1250
117.875		1250
118		1250
118.125		1250
118.25		1250
118.375		1250
118.5		1250
118.625		1250
118.75		1250
118.875		1250
119		1250
119.125		1250
119.25		1250
119.375		1250
119.5		1250
119.625		1250
119.75		1250
119.875		1250
120		1250
120.125		1250
120.25		1250
120.375		1250
120.5		1250
120.625		1250
120.75		1250
120.875		1250
121		1250
121.125		1250
121.25		1250
121.375		1250
121.5		1250
121.625		1250
121.75		1250
121.875		1250
122		1250
122.125		1250
122.25		1250
122.375		1250
122.5		1250
122.625		1250
122.75		1250
122.875		1250
123		1250
123.125		1250
123.25		1250
123.375		1250
123.5		1250
123.625		1250
123.75		1250
123.875		1250
124		1250
124.125		1250
124.25		1250
124.375		1250
124.5		1250
124.625		1250
124.75		1250
124.875		1250
125		1250
125.125		1250
125.25		1250
125.375		1250
125.5		1250
125.625		1250
125.75		1250
125.875		1250
126		1250
126.125		1250
126.25		1250
126.375		1250
126.5		1250
126.625		1250
126.75		1250
126.875		1250
127		1250
127.125		1250
127.25		1250
127.375		1250
127.5		1250
127.625		1250
127.75		1250
127.875		1250
128		1250
128.125		1250
128.25		1250
128.375		1250
128.5		1250
128.625		1250
128.75		1250
128.875		1250
129		1250
129.125		1250
129.25		1250
129.375		1250
129.5		1250
129.625		1250
129.75		1250
129.875		1250
130		1250
130.125		1250
130.25		1250
130.375		1250
130.5		1250
130.625		1250
130.75		1250
130.875		1250
131		1250
131.125		1250
131.25		1250
131.375		1250
131.5		1250
131.625		1250
131.75		1250
131.875		1250
132		1250
132.125		1250
132.25		1250
132.375		1250
132.5		1250
132.625		1250
132.75		1250
132.875		1250
133		1250
133.125		1250
133.25		1250
133.375		1250
133.5		1250
133.625		1250
133.75		1250
133.875		1250
134		1250
134.125		1250
134.25		1250
134.375		1250
134.5		1250
134.625		1250
134.75		1250
134.875		1250
135		1250
135.125		1250
135.25		1250
135.375		1250
135.5		1250
135.625		1250
135.75		1250
135.875		1250
136		1250
136.125		1406.25
136.25		1406.25
136.375		1406.25
136.5		1406.25
136.625		1406.25
136.75		1406.25
136.875		1406.25
137		1406.25
137.125		1406.25
137.25		1406.25
137.375		1406.25
137.5		1406.25
137.625		1406.25
137.75		1406.25
137.875		1406.25
138		1406.25
138.125		1406.25
138.25		1406.25
138.375		1406.25
138.5		1406.25
138.625		1406.25
138.75		1406.25
138.875		1406.25
139		1406.25
139.125		1406.25
139.25		1406.25
139.375		1406.25
139.5		1406.25
139.625		1406.25
139.75		1406.25
139.875		1406.25
140		1406.25
140.125		1406.25
140.25		1406.25
140.375		1406.25
140.5		1406.25
140.625		1406.25
140.75		1406.25
140.875		1406.25
141		1406.25
141.125		1406.25
141.25		1406.25
141.375		1406.25
141.5		1406.25
141.625		1406.25
141.75		1406.25
141.875		1406.25
142		1406.25
142.125		1406.25
142.25		1406.25
142.375		1406.25
142.5		1406.25
142.625		1406.25
142.75		1406.25
142.875		1406.25
143		1406.25
143.125		1406.25
143.25		1406.25
143.375		1406.25
143.5		1406.25
143.625		1406.25
143.75		1406.25
143.875		1406.25
144		1406.25
144.125		1562.5
144.25		1562.5
144.375		1562.5
144.5		1562.5
144.625		1562.5
144.75		1562.5
144.875		1562.5
145		1562.5
145.125		1562.5
145.25		1562.5
145.375		1562.5
145.5		1562.5
145.625		1562.5
145.75		1562.5
145.875		1562.5
146		1562.5
146.125		1562.5
146.25		1562.5
146.375		1562.5
146.5		1562.5
146.625		1562.5
146.75		1562.5
146.875		1562.5
147		1562.5
147.125		1562.5
147.25		1562.5
147.375		1562.5
147.5		1562.5
147.625		1562.5
147.75		1562.5
147.875		1562.5
148		1562.5
148.125		1562.5
148.25		1562.5
148.375		1562.5
148.5		1562.5
148.625		1562.5
148.75		1562.5
148.875		1562.5
149		1562.5
149.125		1562.5
149.25		1562.5
149.375		1562.5
149.5		1562.5
149.625		1562.5
149.75		1562.5
149.875		1562.5
150		1562.5
150.125		1562.5
150.25		1562.5
150.375		1562.5
150.5		1562.5
150.625		1562.5
150.75		1562.5
150.875		1562.5
151		1562.5
151.125		1562.5
151.25		1562.5
151.375		1562.5
151.5		1562.5
151.625		1562.5
151.75		1562.5
151.875		1562.5
152		1562.5
152.125		1562.5
152.25		1562.5
152.375		1562.5
152.5		1562.5
152.625		1562.5
152.75		1562.5
152.875		1562.5
153		1562.5
153.125		1562.5
153.25		1562.5
153.375		1562.5
153.5		1562.5
153.625		1562.5
153.75		1562.5
153.875		1562.5
154		1562.5
154.125		1562.5
154.25		1562.5
154.375		1562.5
154.5		1562.5
154.625		1562.5
154.75		1562.5
154.875		1562.5
155		1562.5
155.125		1562.5
155.25		1562.5
155.375		1562.5
155.5		1562.5
155.625		1562.5
155.75		1562.5
155.875		1562.5
156		1562.5
156.125		1562.5
156.25		1562.5
156.375		1562.5
156.5		1562.5
156.625		1562.5
156.75		1562.5
156.875		1562.5
157		1562.5
157.125		1562.5
157.25		1562.5
157.375		1562.5
157.5		1562.5
157.625		1562.5
157.75		1562.5
157.875		1562.5
158		1562.5
158.125		1562.5
158.25		1562.5
158.375		1562.5
158.5		1562.5
158.625		1562.5
158.75		1562.5
158.875		1562.5
159		1562.5
159.125		1562.5
159.25		1562.5
159.375		1562.5
159.5		1562.5
159.625		1562.5
159.75		1562.5
159.875		1562.5
160		1562.5
160.125		1562.5
160.25		1562.5
160.375		1562.5
160.5		1562.5
160.625		1562.5
160.75		1562.5
160.875		1562.5
161		1562.5
161.125		1562.5
161.25		1562.5
161.375		1562.5
161.5		1562.5
161.625		1562.5
161.75		1562.5
161.875		1562.5
162		1562.5
162.125		1562.5
162.25		1562.5
162.375		1562.5
162.5		1562.5
162.625		1562.5
162.75		1562.5
162.875		1562.5
163		1562.5
163.125		1562.5
163.25		1562.5
163.375		1562.5
163.5		1562.5
163.625		1562.5
163.75		1562.5
163.875		1562.5
164		1562.5
164.125		1562.5
164.25		1562.5
164.375		1562.5
164.5		1562.5
164.625		1562.5
164.75		1562.5
164.875		1562.5
165		1562.5
165.125		1562.5
165.25		1562.5
165.375		1562.5
165.5		1562.5
165.625		1562.5
165.75		1562.5
165.875		1562.5
166		1562.5
166.125		1718.75
166.25		1718.75
166.375		1718.75
166.5		1718.75
166.625		1718.75
166.75		1718.75
166.875		1718.75
167		1718.75
167.125		1718.75
167.25		1718.75
167.375		1718.75
167.5		1718.75
167.625		1718.75
167.75		1718.75
167.875		1718.75
168		1718.75
168.125		1718.75
168.25		1718.75
168.375		1718.75
168.5		1718.75
168.625		1718.75
168.75		1718.75
168.875		1718.75
169		1718.75
169.125		1718.75
169.25		1718.75
169.375		1718.75
169.5		1718.75
169.625		1718.75
169.75		1718.75
169.875		1718.75
170		1718.75
170.125		1718.75
170.25		1718.75
170.375		1718.75
170.5		1718.75
170.625		1718.75
170.75		1718.75
170.875		1718.75
171		1718.75
171.125		1718.75
171.25		1718.75
171.375		1718.75
171.5		1718.75
171.625		1718.75
171.75		1718.75
171.875		1718.75
172		1718.75
172.125		1718.75
172.25		1718.75
172.375		1718.75
172.5		1718.75
172.625		1718.75
172.75		1718.75
172.875		1718.75
173		1718.75
173.125		1718.75
173.25		1718.75
173.375		1718.75
173.5		1718.75
173.625		1718.75
173.75		1718.75
173.875		1718.75
174		1718.75
174.125		1718.75
174.25		1718.75
174.375		1718.75
174.5		1718.75
174.625		1718.75
174.75		1718.75
174.875		1718.75
175		1718.75
175.125		1718.75
175.25		1718.75
175.375		1718.75
175.5		1718.75
175.625		1718.75
175.75		1718.75
175.875		1718.75
176		1718.75
176.125		1718.75
176.25		1718.75
176.375		1718.75
176.5		1718.75
176.625		1718.75
176.75		1718.75
176.875		1718.75
177		1718.75
177.125		1718.75
177.25		1718.75
177.375		1718.75
177.5		1718.75
177.625		1718.75
177.75		1718.75
177.875		1718.75
178		1718.75
178.125		1718.75
178.25		1718.75
178.375		1718.75
178.5		1718.75
178.625		1718.75
178.75		1718.75
178.875		1718.75
179		1718.75
179.125		1718.75
179.25		1718.75
179.375		1718.75
179.5		1718.75
179.625		1718.75
179.75		1718.75
179.875		1718.75
180		1718.75
180.125		1718.75
180.25		1718.75
180.375		1718.75
180.5		1718.75
180.625		1718.75
180.75		1718.75
180.875		1718.75
181		1718.75
181.125		1718.75
181.25		1718.75
181.375		1718.75
181.5		1718.75
181.625		1718.75
181.75		1718.75
181.875		1718.75
182		1718.75
182.125		1718.75
182.25		1718.75
182.375		1718.75
182.5		1718.75
182.625		1718.75
182.75		1718.75
182.875		1718.75
183		1718.75
183.125		1718.75
183.25		1718.75
183.375		1718.75
183.5		1718.75
183.625		1718.75
183.75		1718.75
183.875		1718.75
184		1718.75
184.125		1718.75
184.25		1718.75
184.375		1718.75
184.5		1718.75
184.625		1718.75
184.75		1718.75
184.875		1718.75
185		1718.75
185.125		1875
185.25		1875
185.375		1875
185.5		1875
185.625		1875
185.75		1875
185.875		1875
186		1875
186.125		1875
186.25		1875
186.375		1875
186.5		1875
186.625		1875
186.75		1875
186.875		1875
187		1875
187.125		1875
187.25		1875
187.375		1875
187.5		1875
187.625		1875
187.75		1875
187.875		1875
188		1875
188.125		1875
188.25		1875
188.375		1875
188.5		1875
188.625		1875
188.75		1875
188.875		1875
189		1875
189.125		1875
189.25		1875
189.375		1875
189.5		1875
189.625		1875
189.75		1875
189.875		1875
190		1875
190.125		2031.25
190.25		2031.25
190.375		2031.25
190.5		2031.25
190.625		2031.25
190.75		2031.25
190.875		2031.25
191		2031.25
191.125		2031.25
191.25		2031.25
191.375		2031.25
191.5		2031.25
191.625		2031.25
191.75		2031.25
191.875		2031.25
192		2031.25
192.125		2031.25
192.25		2031.25
192.375		2031.25
192.5		2031.25
192.625		2031.25
192.75		2031.25
192.875		2031.25
193		2031.25
193.125		2031.25
193.25		2031.25
193.375		2031.25
193.5		2031.25
193.625		2031.25
193.75		2031.25
193.875		2031.25
194		2031.25
194.125		2031.25
194.25		2031.25
194.375		2031.25
194.5		2031.25
194.625		2031.25
194.75		2031.25
194.875		2031.25
195		2031.25
195.125		2031.25
195.25		2031.25
195.375		2031.25
195.5		2031.25
195.625		2031.25
195.75		2031.25
195.875		2031.25
196		2031.25
196.125		2031.25
196.25		2031.25
196.375		2031.25
196.5		2031.25
196.625		2031.25
196.75		2031.25
196.875		2031.25
197		2031.25
197.125		2031.25
197.25		2031.25
197.375		2031.25
197.5		2031.25
197.625		2031.25
197.75		2031.25
197.875		2031.25
198		2031.25
198.125		2031.25
198.25		2031.25
198.375		2031.25
198.5		2031.25
198.625		2031.25
198.75		2031.25
198.875		2031.25
199		2031.25
199.125		2031.25
199.25		2031.25
199.375		2031.25
199.5		2031.25
199.625		2031.25
199.75		2031.25
199.875		2031.25
200		2031.25
200.125		2031.25
200.25		2031.25
200.375		2031.25
200.5		2031.25
200.625		2031.25
200.75		2031.25
200.875		2031.25
201		2031.25
201.125		2187.5
201.25		2187.5
201.375		2187.5
201.5		2187.5
201.625		2187.5
201.75		2187.5
201.875		2187.5
202		2187.5
202.125		2187.5
202.25		2187.5
202.375		2187.5
202.5		2187.5
202.625		2187.5
202.75		2187.5
202.875		2187.5
203		2187.5
203.125		2187.5
203.25		2187.5
203.375		2187.5
203.5		2187.5
203.625		2187.5
203.75		2187.5
203.875		2187.5
204		2187.5
204.125		2187.5
204.25		2187.5
204.375		2187.5
204.5		2187.5
204.625		2187.5
204.75		2187.5
204.875		2187.5
205		2187.5
205.125		2187.5
205.25		2187.5
205.375		2187.5
205.5		2187.5
205.625		2187.5
205.75		2187.5
205.875		2187.5
206		2187.5
206.125		2187.5
206.25		2187.5
206.375		2187.5
206.5		2187.5
206.625		2187.5
206.75		2187.5
206.875		2187.5
207		2187.5
207.125		2187.5
207.25		2187.5
207.375		2187.5
207.5		2187.5
207.625		2187.5
207.75		2187.5
207.875		2187.5
208		2187.5
208.125		2187.5
208.25		2187.5
208.375		2187.5
208.5		2187.5
208.625		2187.5
208.75		2187.5
208.875		2187.5
209		2187.5
209.125		2187.5
209.25		2187.5
209.375		2187.5
209.5		2187.5
209.625		2187.5
209.75		2187.5
209.875		2187.5
210		2187.5
210.125		2187.5
210.25		2187.5
210.375		2187.5
210.5		2187.5
210.625		2187.5
210.75		2187.5
210.875		2187.5
211		2187.5
211.125		2187.5
211.25		2187.5
211.375		2187.5
211.5		2187.5
211.625		2187.5
211.75		2187.5
211.875		2187.5
212		2187.5
212.125		2187.5
212.25		2187.5
212.375		2187.5
212.5		2187.5
212.625		2187.5
212.75		2187.5
212.875		2187.5
213		2187.5
213.125		2187.5
213.25		2187.5
213.375		2187.5
213.5		2187.5
213.625		2187.5
213.75		2187.5
213.875		2187.5
214		2187.5
214.125		2187.5
214.25		2187.5
214.375		2187.5
214.5		2187.5
214.625		2187.5
214.75		2187.5
214.875		2187.5
215		2187.5
215.125		2343.75
215.25		2343.75
215.375		2343.75
215.5		2343.75
215.625		2343.75
215.75		2343.75
215.875		2343.75
216		2343.75
216.125		2343.75
216.25		2343.75
216.375		2343.75
216.5		2343.75
216.625		2343.75
216.75		2343.75
216.875		2343.75
217		2343.75
217.125		2343.75
217.25		2343.75
217.375		2343.75
217.5		2343.75
217.625		2343.75
217.75		2343.75
217.875		2343.75
218		2343.75
218.125		2343.75
218.25		2343.75
218.375		2343.75
218.5		2343.75
218.625		2343.75
218.75		2343.75
218.875		2343.75
219		2343.75
219.125		2343.75
219.25		2343.75
219.375		2343.75
219.5		2343.75
219.625		2343.75
219.75		2343.75
219.875		2343.75
220		2343.75
220.125		2343.75
220.25		2343.75
220.375		2343.75
220.5		2343.75
220.625		2343.75
220.75		2343.75
220.875		2343.75
221		2343.75
221.125		2343.75
221.25		2343.75
221.375		2343.75
221.5		2343.75
221.625		2343.75
221.75		2343.75
221.875		2343.75
222		2343.75
222.125		2343.75
222.25		2343.75
222.375		2343.75
222.5		2343.75
222.625		2343.75
222.75		2343.75
222.875		2343.75
223		2343.75
223.125		2343.75
223.25		2343.75
223.375		2343.75
223.5		2343.75
223.625		2343.75
223.75		2343.75
223.875		2343.75
224		2343.75
224.125		2343.75
224.25		2343.75
224.375		2343.75
224.5		2343.75
224.625		2343.75
224.75		2343.75
224.875		2343.75
225		2343.75
225.125		2343.75
225.25		2343.75
225.375		2343.75
225.5		2343.75
225.625		2343.75
225.75		2343.75
225.875		2343.75
226		2343.75
226.125		2343.75
226.25		2343.75
226.375		2343.75
226.5		2343.75
226.625		2343.75
226.75		2343.75
226.875		2343.75
227		2343.75
227.125		2343.75
227.25		2343.75
227.375		2343.75
227.5		2343.75
227.625		2343.75
227.75		2343.75
227.875		2343.75
228		2343.75
228.125		2343.75
228.25		2343.75
228.375		2343.75
228.5		2343.75
228.625		2343.75
228.75		2343.75
228.875		2343.75
229		2343.75
229.125		2343.75
229.25		2343.75
229.375		2343.75
229.5		2343.75
229.625		2343.75
229.75		2343.75
229.875		2343.75
230		2343.75
230.125		2343.75
230.25		2343.75
230.375		2343.75
230.5		2343.75
230.625		2343.75
230.75		2343.75
230.875		2343.75
231		2343.75
231.125		2343.75
231.25		2343.75
231.375		2343.75
231.5		2343.75
231.625		2343.75
231.75		2343.75
231.875		2343.75
232		2343.75
232.125		2343.75
232.25		2343.75
232.375		2343.75
232.5		2343.75
232.625		2343.75
232.75		2343.75
232.875		2343.75
233		2343.75
233.125		2343.75
233.25		2343.75
233.375		2343.75
233.5		2343.75
233.625		2343.75
233.75		2343.75
233.875		2343.75
234		2343.75
234.125		2343.75
234.25		2343.75
234.375		2343.75
234.5		2343.75
234.625		2343.75
234.75		2343.75
234.875		2343.75
235		2343.75
235.125		2343.75
235.25		2343.75
235.375		2343.75
235.5		2343.75
235.625		2343.75
235.75		2343.75
235.875		2343.75
236		2343.75
236.125		2343.75
236.25		2343.75
236.375		2343.75
236.5		2343.75
236.625		2343.75
236.75		2343.75
236.875		2343.75
237		2343.75
237.125		2343.75
237.25		2343.75
237.375		2343.75
237.5		2343.75
237.625		2343.75
237.75		2343.75
237.875		2343.75
238		2343.75
238.125		2343.75
238.25		2343.75
238.375		2343.75
238.5		2343.75
238.625		2343.75
238.75		2343.75
238.875		2343.75
239		2343.75
239.125		2343.75
239.25		2343.75
239.375		2343.75
239.5		2343.75
239.625		2343.75
239.75		2343.75
239.875		2343.75
240		2343.75
240.125		2343.75
240.25		2343.75
240.375		2343.75
240.5		2343.75
240.625		2343.75
240.75		2343.75
240.875		2343.75
241		2343.75
241.125		2343.75
241.25		2343.75
241.375		2343.75
241.5		2343.75
241.625		2343.75
241.75		2343.75
241.875		2343.75
242		2343.75
242.125		2343.75
242.25		2343.75
242.375		2343.75
242.5		2343.75
242.625		2343.75
242.75		2343.75
242.875		2343.75
243		2343.75
243.125		2343.75
243.25		2343.75
243.375		2343.75
243.5		2343.75
243.625		2343.75
243.75		2343.75
243.875		2343.75
244		2343.75
244.125		2343.75
244.25		2343.75
244.375		2343.75
244.5		2343.75
244.625		2343.75
244.75		2343.75
244.875		2343.75
245		2343.75
245.125		2343.75
245.25		2343.75
245.375		2343.75
245.5		2343.75
245.625		2343.75
245.75		2343.75
245.875		2343.75
246		2343.75
246.125		2343.75
246.25		2343.75
246.375		2343.75
246.5		2343.75
246.625		2343.75
246.75		2343.75
246.875		2343.75
247		2343.75
247.125		2343.75
247.25		2343.75
247.375		2343.75
247.5		2343.75
247.625		2343.75
247.75		2343.75
247.875		2343.75
248		2343.75
248.125		2343.75
248.25		2343.75
248.375		2343.75
248.5		2343.75
248.625		2343.75
248.75		2343.75
248.875		2343.75
249		2343.75
249.125		2343.75
249.25		2343.75
249.375		2343.75
249.5		2343.75
249.625		2343.75
249.75		2343.75
249.875		2343.75
250		2343.75
250.125		2343.75
250.25		2343.75
250.375		2343.75
250.5		2343.75
250.625		2343.75
250.75		2343.75
250.875		2343.75
251		2343.75
251.125		2343.75
251.25		2343.75
251.375		2343.75
251.5		2343.75
251.625		2343.75
251.75		2343.75
251.875		2343.75
252		2343.75
252.125		2343.75
252.25		2343.75
252.375		2343.75
252.5		2343.75
252.625		2343.75
252.75		2343.75
252.875		2343.75
253		2343.75
253.125		2343.75
253.25		2343.75
253.375		2343.75
253.5		2343.75
253.625		2343.75
253.75		2343.75
253.875		2343.75
254		2343.75
254.125		2343.75
254.25		2343.75
254.375		2343.75
254.5		2343.75
254.625		2343.75
254.75		2343.75
254.875		2343.75
255		2343.75
255.125		2343.75
255.25		2343.75
255.375		2343.75
255.5		2343.75
255.625		2343.75
255.75		2343.75
255.875		2343.75
256		2343.75
256.125		2343.75
256.25		2343.75
256.375		2343.75
256.5		2343.75
256.625		2343.75
256.75		2343.75
256.875		2343.75
257		2343.75
257.125		2343.75
257.25		2343.75
257.375		2343.75
257.5		2343.75
257.625		2343.75
257.75		2343.75
257.875		2343.75
258		2343.75
258.125		2343.75
258.25		2343.75
258.375		2343.75
258.5		2343.75
258.625		2343.75
258.75		2343.75
258.875		2343.75
259		2343.75
259.125		2343.75
259.25		2343.75
259.375		2343.75
259.5		2343.75
259.625		2343.75
259.75		2343.75
259.875		2343.75
260		2343.75
260.125		2343.75
260.25		2343.75
260.375		2343.75
260.5		2343.75
260.625		2343.75
260.75		2343.75
260.875		2343.75
261		2343.75
261.125		2343.75
261.25		2343.75
261.375		2343.75
261.5		2343.75
261.625		2343.75
261.75		2343.75
261.875		2343.75
262		2343.75
262.125		2343.75
262.25		2343.75
262.375		2343.75
262.5		2343.75
262.625		2343.75
262.75		2343.75
262.875		2343.75
263		2343.75
263.125		2343.75
263.25		2343.75
263.375		2343.75
263.5		2343.75
263.625		2343.75
263.75		2343.75
263.875		2343.75
264		2343.75
264.125		2500
264.25		2500
264.375		2500
264.5		2500
264.625		2500
264.75		2500
264.875		2500
265		2500
265.125		2500
265.25		2500
265.375		2500
265.5		2500
265.625		2500
265.75		2500
265.875		2500
266		2500
266.125		2500
266.25		2500
266.375		2500
266.5		2500
266.625		2500
266.75		2500
266.875		2500
267		2500
267.125		2500
267.25		2500
267.375		2500
267.5		2500
267.625		2500
267.75		2500
267.875		2500
268		2500
268.125		2500
268.25		2500
268.375		2500
268.5		2500
268.625		2500
268.75		2500
268.875		2500
269		2500
269.125		2500
269.25		2500
269.375		2500
269.5		2500
269.625		2500
269.75		2500
269.875		2500
270		2500
270.125		2500
270.25		2500
270.375		2500
270.5		2500
270.625		2500
270.75		2500
270.875		2500
271		2500
271.125		2500
271.25		2500
271.375		2500
271.5		2500
271.625		2500
271.75		2500
271.875		2500
272		2500
272.125		2500
272.25		2500
272.375		2500
272.5		2500
272.625		2500
272.75		2500
272.875		2500
273		2500
273.125		2500
273.25		2500
273.375		2500
273.5		2500
273.625		2500
273.75		2500
273.875		2500
274		2500
274.125		2500
274.25		2500
274.375		2500
274.5		2500
274.625		2500
274.75		2500
274.875		2500
275		2500
275.125		2500
275.25		2500
275.375		2500
275.5		2500
275.625		2500
275.75		2500
275.875		2500
276		2500
276.125		2500
276.25		2500
276.375		2500
276.5		2500
276.625		2500
276.75		2500
276.875		2500
277		2500
277.125		2500
277.25		2500
277.375		2500
277.5		2500
277.625		2500
277.75		2500
277.875		2500
278		2500
278.125		2500
278.25		2500
278.375		2500
278.5		2500
278.625		2500
278.75		2500
278.875		2500
279		2500
279.125		2500
279.25		2500
279.375		2500
279.5		2500
279.625		2500
279.75		2500
279.875		2500
280		2500
280.125		2500
280.25		2500
280.375		2500
280.5		2500
280.625		2500
280.75		2500
280.875		2500
281		2500
281.125		2500
281.25		2500
281.375		2500
281.5		2500
281.625		2500
281.75		2500
281.875		2500
282		2500
282.125		2500
282.25		2500
282.375		2500
282.5		2500
282.625		2500
282.75		2500
282.875		2500
283		2500
283.125		2500
283.25		2500
283.375		2500
283.5		2500
283.625		2500
283.75		2500
283.875		2500
284		2500
284.125		2500
284.25		2500
284.375		2500
284.5		2500
284.625		2500
284.75		2500
284.875		2500
285		2500
285.125		2500
285.25		2500
285.375		2500
285.5		2500
285.625		2500
285.75		2500
285.875		2500
286		2500
286.125		2500
286.25		2500
286.375		2500
286.5		2500
286.625		2500
286.75		2500
286.875		2500
287		2500
287.125		2500
287.25		2500
287.375		2500
287.5		2500
287.625		2500
287.75		2500
287.875		2500
288		2500
288.125		2500
288.25		2500
288.375		2500
288.5		2500
288.625		2500
288.75		2500
288.875		2500
289		2500
289.125		2500
289.25		2500
289.375		2500
289.5		2500
289.625		2500
289.75		2500
289.875		2500
290		2500
290.125		2500
290.25		2500
290.375		2500
290.5		2500
290.625		2500
290.75		2500
290.875		2500
291		2500
291.125		2500
291.25		2500
291.375		2500
291.5		2500
291.625		2500
291.75		2500
291.875		2500
292		2500
292.125		2500
292.25		2500
292.375		2500
292.5		2500
292.625		2500
292.75		2500
292.875		2500
293		2500
293.125		2500
293.25		2500
293.375		2500
293.5		2500
293.625		2500
293.75		2500
293.875		2500
294		2500
294.125		2500
294.25		2500
294.375		2500
294.5		2500
294.625		2500
294.75		2500
294.875		2500
295		2500
295.125		2500
295.25		2500
295.375		2500
295.5		2500
295.625		2500
295.75		2500
295.875		2500
296		2500
296.125		2656.25
296.25		2656.25
296.375		2656.25
296.5		2656.25
296.625		2656.25
296.75		2656.25
296.875		2656.25
297		2656.25
297.125		2656.25
297.25		2656.25
297.375		2656.25
297.5		2656.25
297.625		2656.25
297.75		2656.25
297.875		2656.25
298		2656.25
298.125		2656.25
298.25		2656.25
298.375		2656.25
298.5		2656.25
298.625		2656.25
298.75		2656.25
298.875		2656.25
299		2656.25
299.125		2656.25
299.25		2656.25
299.375		2656.25
299.5		2656.25
299.625		2656.25
299.75		2656.25
299.875		2656.25
300		2656.25
300.125		2656.25
300.25		2656.25
300.375		2656.25
300.5		2656.25
300.625		2656.25
300.75		2656.25
300.875		2656.25
301		2656.25
301.125		2656.25
301.25		2656.25
301.375		2656.25
301.5		2656.25
301.625		2656.25
301.75		2656.25
301.875		2656.25
302		2656.25
302.125		2656.25
302.25		2656.25
302.375		2656.25
302.5		2656.25
302.625		2656.25
302.75		2656.25
302.875		2656.25
303		2656.25
303.125		2656.25
303.25		2656.25
303.375		2656.25
303.5		2656.25
303.625		2656.25
303.75		2656.25
303.875		2656.25
304		2656.25
304.125		2812.5
304.25		2812.5
304.375		2812.5
304.5		2812.5
304.625		2812.5
304.75		2812.5
304.875		2812.5
305		2812.5
305.125		2812.5
305.25		2812.5
305.375		2812.5
305.5		2812.5
305.625		2812.5
305.75		2812.5
305.875		2812.5
306		2812.5
306.125		2812.5
306.25		2812.5
306.375		2812.5
306.5		2812.5
306.625		2812.5
306.75		2812.5
306.875		2812.5
307		2812.5
307.125		2812.5
307.25		2812.5
307.375		2812.5
307.5		2812.5
307.625		2812.5
307.75		2812.5
307.875		2812.5
308		2812.5
308.125		2812.5
308.25		2812.5
308.375		2812.5
308.5		2812.5
308.625		2812.5
308.75		2812.5
308.875		2812.5
309		2812.5
309.125		2968.75
309.25		2968.75
309.375		2968.75
309.5		2968.75
309.625		2968.75
309.75		2968.75
309.875		2968.75
310		2968.75
310.125		2968.75
310.25		2968.75
310.375		2968.75
310.5		2968.75
310.625		2968.75
310.75		2968.75
310.875		2968.75
311		2968.75
311.125		2968.75
311.25		2968.75
311.375		2968.75
311.5		2968.75
311.625		2968.75
311.75		2968.75
311.875		2968.75
312		2968.75
312.125		2968.75
312.25		2968.75
312.375		2968.75
312.5		2968.75
312.625		2968.75
312.75		2968.75
312.875		2968.75
313		2968.75
313.125		2968.75
313.25		2968.75
313.375		2968.75
313.5		2968.75
313.625		2968.75
313.75		2968.75
313.875		2968.75
314		2968.75
314.125		2968.75
314.25		2968.75
314.375		2968.75
314.5		2968.75
314.625		2968.75
314.75		2968.75
314.875		2968.75
315		2968.75
315.125		2968.75
315.25		2968.75
315.375		2968.75
315.5		2968.75
315.625		2968.75
315.75		2968.75
315.875		2968.75
316		2968.75
316.125		2968.75
316.25		2968.75
316.375		2968.75
316.5		2968.75
316.625		2968.75
316.75		2968.75
316.875		2968.75
317		2968.75
317.125		2968.75
317.25		2968.75
317.375		2968.75
317.5		2968.75
317.625		2968.75
317.75		2968.75
317.875		2968.75
318		2968.75
318.125		2968.75
318.25		2968.75
318.375		2968.75
318.5		2968.75
318.625		2968.75
318.75		2968.75
318.875		2968.75
319		2968.75
319.125		2968.75
319.25		2968.75
319.375		2968.75
319.5		2968.75
319.625		2968.75
319.75		2968.75
319.875		2968.75
320		2968.75
320.125		2968.75
320.25		2968.75
320.375		2968.75
320.5		2968.75
320.625		2968.75
320.75		2968.75
320.875		2968.75
321		2968.75
321.125		2968.75
321.25		2968.75
321.375		2968.75
321.5		2968.75
321.625		2968.75
321.75		2968.75
321.875		2968.75
322		2968.75
322.125		2968.75
322.25		2968.75
322.375		2968.75
322.5		2968.75
322.625		2968.75
322.75		2968.75
322.875		2968.75
323		2968.75
323.125		3281.25
323.25		3281.25
323.375		3281.25
323.5		3281.25
323.625		3281.25
323.75		3281.25
323.875		3281.25
324		3281.25
324.125		3281.25
324.25		3281.25
324.375		3281.25
324.5		3281.25
324.625		3281.25
324.75		3281.25
324.875		3281.25
325		3281.25
325.125		3281.25
325.25		3281.25
325.375		3281.25
325.5		3281.25
325.625		3281.25
325.75		3281.25
325.875		3281.25
326		3281.25
326.125		3281.25
326.25		3281.25
326.375		3281.25
326.5		3281.25
326.625		3281.25
326.75		3281.25
326.875		3281.25
327		3281.25
327.125		3281.25
327.25		3281.25
327.375		3281.25
327.5		3281.25
327.625		3281.25
327.75		3281.25
327.875		3281.25
328		3281.25
328.125		3437.5
328.25		3437.5
328.375		3437.5
328.5		3437.5
328.625		3437.5
328.75		3437.5
328.875		3437.5
329		3437.5
329.125		3437.5
329.25		3437.5
329.375		3437.5
329.5		3437.5
329.625		3437.5
329.75		3437.5
329.875		3437.5
330		3437.5
330.125		3593.75
330.25		3593.75
330.375		3593.75
330.5		3593.75
330.625		3593.75
330.75		3593.75
330.875		3593.75
331		3593.75
331.125		3593.75
331.25		3593.75
331.375		3593.75
331.5		3593.75
331.625		3593.75
331.75		3593.75
331.875		3593.75
332		3593.75
332.125		3593.75
332.25		3593.75
332.375		3593.75
332.5		3593.75
332.625		3593.75
332.75		3593.75
332.875		3593.75
333		3593.75
333.125		3593.75
333.25		3593.75
333.375		3593.75
333.5		3593.75
333.625		3593.75
333.75		3593.75
333.875		3593.75
334		3593.75
334.125		3593.75
334.25		3593.75
334.375		3593.75
334.5		3593.75
334.625		3593.75
334.75		3593.75
334.875		3593.75
335		3593.75
335.125		3593.75
335.25		3593.75
335.375		3593.75
335.5		3593.75
335.625		3593.75
335.75		3593.75
335.875		3593.75
336		3593.75
336.125		3593.75
336.25		3593.75
336.375		3593.75
336.5		3593.75
336.625		3593.75
336.75		3593.75
336.875		3593.75
337		3593.75
337.125		3593.75
337.25		3593.75
337.375		3593.75
337.5		3593.75
337.625		3593.75
337.75		3593.75
337.875		3593.75
338		3593.75
338.125		3593.75
338.25		3593.75
338.375		3593.75
338.5		3593.75
338.625		3593.75
338.75		3593.75
338.875		3593.75
339		3593.75
339.125		3593.75
339.25		3593.75
339.375		3593.75
339.5		3593.75
339.625		3593.75
339.75		3593.75
339.875		3593.75
340		3593.75
340.125		3593.75
340.25		3593.75
340.375		3593.75
340.5		3593.75
340.625		3593.75
340.75		3593.75
340.875		3593.75
341		3593.75
341.125		3593.75
341.25		3593.75
341.375		3593.75
341.5		3593.75
341.625		3593.75
341.75		3593.75
341.875		3593.75
342		3593.75
342.125		3593.75
342.25		3593.75
342.375		3593.75
342.5		3593.75
342.625		3593.75
342.75		3593.75
342.875		3593.75
343		3593.75
343.125		3593.75
343.25		3593.75
343.375		3593.75
343.5		3593.75
343.625		3593.75
343.75		3593.75
343.875		3593.75
344		3593.75
344.125		3593.75
344.25		3593.75
344.375		3593.75
344.5		3593.75
344.625		3593.75
344.75		3593.75
344.875		3593.75
345		3593.75
345.125		3593.75
345.25		3593.75
345.375		3593.75
345.5		3593.75
345.625		3593.75
345.75		3593.75
345.875		3593.75
346		3593.75
346.125		3593.75
346.25		3593.75
346.375		3593.75
346.5		3593.75
346.625		3593.75
346.75		3593.75
346.875		3593.75
347		3593.75
347.125		3593.75
347.25		3593.75
347.375		3593.75
347.5		3593.75
347.625		3593.75
347.75		3593.75
347.875		3593.75
348		3593.75
348.125		3593.75
348.25		3593.75
348.375		3593.75
348.5		3593.75
348.625		3593.75
348.75		3593.75
348.875		3593.75
349		3593.75
349.125		3593.75
349.25		3593.75
349.375		3593.75
349.5		3593.75
349.625		3593.75
349.75		3593.75
349.875		3593.75
350		3593.75
350.125		3593.75
350.25		3593.75
350.375		3593.75
350.5		3593.75
350.625		3593.75
350.75		3593.75
350.875		3593.75
351		3593.75
351.125		3593.75
351.25		3593.75
351.375		3593.75
351.5		3593.75
351.625		3593.75
351.75		3593.75
351.875		3593.75
352		3593.75
352.125		3593.75
352.25		3593.75
352.375		3593.75
352.5		3593.75
352.625		3593.75
352.75		3593.75
352.875		3593.75
353		3593.75
353.125		3593.75
353.25		3593.75
353.375		3593.75
353.5		3593.75
353.625		3593.75
353.75		3593.75
353.875		3593.75
354		3593.75
354.125		3593.75
354.25		3593.75
354.375		3593.75
354.5		3593.75
354.625		3593.75
354.75		3593.75
354.875		3593.75
355		3593.75
355.125		3593.75
355.25		3593.75
355.375		3593.75
355.5		3593.75
355.625		3593.75
355.75		3593.75
355.875		3593.75
356		3593.75
356.125		3593.75
356.25		3593.75
356.375		3593.75
356.5		3593.75
356.625		3593.75
356.75		3593.75
356.875		3593.75
357		3593.75
357.125		3593.75
357.25		3593.75
357.375		3593.75
357.5		3593.75
357.625		3593.75
357.75		3593.75
357.875		3593.75
358		3593.75
358.125		3593.75
358.25		3593.75
358.375		3593.75
358.5		3593.75
358.625		3593.75
358.75		3593.75
358.875		3593.75
359		3593.75
359.125		3593.75
359.25		3593.75
359.375		3593.75
359.5		3593.75
359.625		3593.75
359.75		3593.75
359.875		3593.75
360		3593.75
360.125		3750
360.25		3750
360.375		3750
360.5		3750
360.625		3750
360.75		3750
360.875		3750
361		3750
361.125		3750
361.25		3750
361.375		3750
361.5		3750
361.625		3750
361.75		3750
361.875		3750
362		3750
362.125		3906.25
362.25		3906.25
362.375		3906.25
362.5		3906.25
362.625		3906.25
362.75		3906.25
362.875		3906.25
363		3906.25
363.125		3906.25
363.25		3906.25
363.375		3906.25
363.5		3906.25
363.625		3906.25
363.75		3906.25
363.875		3906.25
364		3906.25
364.125		3906.25
364.25		3906.25
364.375		3906.25
364.5		3906.25
364.625		3906.25
364.75		3906.25
364.875		3906.25
365		3906.25
365.125		4062.5
365.25		4062.5
365.375		4062.5
365.5		4062.5
365.625		4062.5
365.75		4062.5
365.875		4062.5
366		4062.5
366.125		4062.5
366.25		4062.5
366.375		4062.5
366.5		4062.5
366.625		4062.5
366.75		4062.5
366.875		4062.5
367		4062.5
367.125		4062.5
367.25		4062.5
367.375		4062.5
367.5		4062.5
367.625		4062.5
367.75		4062.5
367.875		4062.5
368		4062.5
368.125		4062.5
368.25		4062.5
368.375		4062.5
368.5		4062.5
368.625		4062.5
368.75		4062.5
368.875		4062.5
369		4062.5
369.125		4062.5
369.25		4062.5
369.375		4062.5
369.5		4062.5
369.625		4062.5
369.75		4062.5
369.875		4062.5
370		4062.5
370.125		4062.5
370.25		4062.5
370.375		4062.5
370.5		4062.5
370.625		4062.5
370.75		4062.5
370.875		4062.5
371		4062.5
371.125		4062.5
371.25		4062.5
371.375		4062.5
371.5		4062.5
371.625		4062.5
371.75		4062.5
371.875		4062.5
372		4062.5
372.125		4062.5
372.25		4062.5
372.375		4062.5
372.5		4062.5
372.625		4062.5
372.75		4062.5
372.875		4062.5
373		4062.5
373.125		4062.5
373.25		4062.5
373.375		4062.5
373.5		4062.5
373.625		4062.5
373.75		4062.5
373.875		4062.5
374		4062.5
374.125		4218.75
374.25		4218.75
374.375		4218.75
374.5		4218.75
374.625		4218.75
374.75		4218.75
374.875		4218.75
375		4218.75
375.125		4218.75
375.25		4218.75
375.375		4218.75
375.5		4218.75
375.625		4218.75
375.75		4218.75
375.875		4218.75
376		4218.75
376.125		4218.75
376.25		4218.75
376.375		4218.75
376.5		4218.75
376.625		4218.75
376.75		4218.75
376.875		4218.75
377		4218.75
377.125		4375
377.25		4375
377.375		4375
377.5		4375
377.625		4375
377.75		4375
377.875		4375
378		4375
378.125		4375
378.25		4375
378.375		4375
378.5		4375
378.625		4375
378.75		4375
378.875		4375
379		4375
379.125		4375
379.25		4375
379.375		4375
379.5		4375
379.625		4375
379.75		4375
379.875		4375
380		4375
380.125		4375
380.25		4375
380.375		4375
380.5		4375
380.625		4375
380.75		4375
380.875		4375
381		4375
381.125		4375
381.25		4375
381.375		4375
381.5		4375
381.625		4375
381.75		4375
381.875		4375
382		4375
382.125		4375
382.25		4375
382.375		4375
382.5		4375
382.625		4375
382.75		4375
382.875		4375
383		4375
383.125		4375
383.25		4375
383.375		4375
383.5		4375
383.625		4375
383.75		4375
383.875		4375
384		4375
384.125		4375
384.25		4375
384.375		4375
384.5		4375
384.625		4375
384.75		4375
384.875		4375
385		4375
385.125		4375
385.25		4375
385.375		4375
385.5		4375
385.625		4375
385.75		4375
385.875		4375
386		4375
386.125		4531.25
386.25		4531.25
386.375		4531.25
386.5		4531.25
386.625		4531.25
386.75		4531.25
386.875		4531.25
387		4531.25
387.125		4531.25
387.25		4531.25
387.375		4531.25
387.5		4531.25
387.625		4531.25
387.75		4531.25
387.875		4531.25
388		4531.25
388.125		4531.25
388.25		4531.25
388.375		4531.25
388.5		4531.25
388.625		4531.25
388.75		4531.25
388.875		4531.25
389		4531.25
389.125		4531.25
389.25		4531.25
389.375		4531.25
389.5		4531.25
389.625		4531.25
389.75		4531.25
389.875		4531.25
390		4531.25
390.125		4531.25
390.25		4531.25
390.375		4531.25
390.5		4531.25
390.625		4531.25
390.75		4531.25
390.875		4531.25
391		4531.25
391.125		4531.25
391.25		4531.25
391.375		4531.25
391.5		4531.25
391.625		4531.25
391.75		4531.25
391.875		4531.25
392		4531.25
392.125		4531.25
392.25		4531.25
392.375		4531.25
392.5		4531.25
392.625		4531.25
392.75		4531.25
392.875		4531.25
393		4531.25
393.125		4531.25
393.25		4531.25
393.375		4531.25
393.5		4531.25
393.625		4531.25
393.75		4531.25
393.875		4531.25
394		4531.25
394.125		4531.25
394.25		4531.25
394.375		4531.25
394.5		4531.25
394.625		4531.25
394.75		4531.25
394.875		4531.25
395		4531.25
395.125		4531.25
395.25		4531.25
395.375		4531.25
395.5		4531.25
395.625		4531.25
395.75		4531.25
395.875		4531.25
396		4531.25
396.125		4687.5
396.25		4687.5
396.375		4687.5
396.5		4687.5
396.625		4687.5
396.75		4687.5
396.875		4687.5
397		4687.5
397.125		4687.5
397.25		4687.5
397.375		4687.5
397.5		4687.5
397.625		4687.5
397.75		4687.5
397.875		4687.5
398		4687.5
398.125		4687.5
398.25		4687.5
398.375		4687.5
398.5		4687.5
398.625		4687.5
398.75		4687.5
398.875		4687.5
399		4687.5
399.125		4687.5
399.25		4687.5
399.375		4687.5
399.5		4687.5
399.625		4687.5
399.75		4687.5
399.875		4687.5
400		4687.5
400.125		4687.5
400.25		4687.5
400.375		4687.5
400.5		4687.5
400.625		4687.5
400.75		4687.5
400.875		4687.5
401		4687.5
401.125		4687.5
401.25		4687.5
401.375		4687.5
401.5		4687.5
401.625		4687.5
401.75		4687.5
401.875		4687.5
402		4687.5
402.125		4843.75
402.25		4843.75
402.375		4843.75
402.5		4843.75
402.625		4843.75
402.75		4843.75
402.875		4843.75
403		4843.75
403.125		4843.75
403.25		4843.75
403.375		4843.75
403.5		4843.75
403.625		4843.75
403.75		4843.75
403.875		4843.75
404		4843.75
404.125		4843.75
404.25		4843.75
404.375		4843.75
404.5		4843.75
404.625		4843.75
404.75		4843.75
404.875		4843.75
405		4843.75
405.125		4843.75
405.25		4843.75
405.375		4843.75
405.5		4843.75
405.625		4843.75
405.75		4843.75
405.875		4843.75
406		4843.75
406.125		4843.75
406.25		4843.75
406.375		4843.75
406.5		4843.75
406.625		4843.75
406.75		4843.75
406.875		4843.75
407		4843.75
407.125		4843.75
407.25		4843.75
407.375		4843.75
407.5		4843.75
407.625		4843.75
407.75		4843.75
407.875		4843.75
408		4843.75
408.125		4843.75
408.25		4843.75
408.375		4843.75
408.5		4843.75
408.625		4843.75
408.75		4843.75
408.875		4843.75
409		4843.75
409.125		4843.75
409.25		4843.75
409.375		4843.75
409.5		4843.75
409.625		4843.75
409.75		4843.75
409.875		4843.75
410		4843.75
410.125		4843.75
410.25		4843.75
410.375		4843.75
410.5		4843.75
410.625		4843.75
410.75		4843.75
410.875		4843.75
411		4843.75
411.125		4843.75
411.25		4843.75
411.375		4843.75
411.5		4843.75
411.625		4843.75
411.75		4843.75
411.875		4843.75
412		4843.75
412.125		4843.75
412.25		4843.75
412.375		4843.75
412.5		4843.75
412.625		4843.75
412.75		4843.75
412.875		4843.75
413		4843.75
413.125		4843.75
413.25		4843.75
413.375		4843.75
413.5		4843.75
413.625		4843.75
413.75		4843.75
413.875		4843.75
414		4843.75
414.125		4843.75
414.25		4843.75
414.375		4843.75
414.5		4843.75
414.625		4843.75
414.75		4843.75
414.875		4843.75
415		4843.75
415.125		4843.75
415.25		4843.75
415.375		4843.75
415.5		4843.75
415.625		4843.75
415.75		4843.75
415.875		4843.75
416		4843.75
416.125		4843.75
416.25		4843.75
416.375		4843.75
416.5		4843.75
416.625		4843.75
416.75		4843.75
416.875		4843.75
417		4843.75
417.125		4843.75
417.25		4843.75
417.375		4843.75
417.5		4843.75
417.625		4843.75
417.75		4843.75
417.875		4843.75
418		4843.75
418.125		4843.75
418.25		4843.75
418.375		4843.75
418.5		4843.75
418.625		4843.75
418.75		4843.75
418.875		4843.75
419		4843.75
419.125		4843.75
419.25		4843.75
419.375		4843.75
419.5		4843.75
419.625		4843.75
419.75		4843.75
419.875		4843.75
420		4843.75
420.125		4843.75
420.25		4843.75
420.375		4843.75
420.5		4843.75
420.625		4843.75
420.75		4843.75
420.875		4843.75
421		4843.75
421.125		4843.75
421.25		4843.75
421.375		4843.75
421.5		4843.75
421.625		4843.75
421.75		4843.75
421.875		4843.75
422		4843.75
422.125		4843.75
422.25		4843.75
422.375		4843.75
422.5		4843.75
422.625		4843.75
422.75		4843.75
422.875		4843.75
423		4843.75
423.125		4843.75
423.25		4843.75
423.375		4843.75
423.5		4843.75
423.625		4843.75
423.75		4843.75
423.875		4843.75
424		4843.75
424.125		4843.75
424.25		4843.75
424.375		4843.75
424.5		4843.75
424.625		4843.75
424.75		4843.75
424.875		4843.75
425		4843.75
425.125		4843.75
425.25		4843.75
425.375		4843.75
425.5		4843.75
425.625		4843.75
425.75		4843.75
425.875		4843.75
426		4843.75
426.125		4843.75
426.25		4843.75
426.375		4843.75
426.5		4843.75
426.625		4843.75
426.75		4843.75
426.875		4843.75
427		4843.75
427.125		4843.75
427.25		4843.75
427.375		4843.75
427.5		4843.75
427.625		4843.75
427.75		4843.75
427.875		4843.75
428		4843.75
428.125		4843.75
428.25		4843.75
428.375		4843.75
428.5		4843.75
428.625		4843.75
428.75		4843.75
428.875		4843.75
429		4843.75
429.125		4843.75
429.25		4843.75
429.375		4843.75
429.5		4843.75
429.625		4843.75
429.75		4843.75
429.875		4843.75
430		4843.75
430.125		4843.75
430.25		4843.75
430.375		4843.75
430.5		4843.75
430.625		4843.75
430.75		4843.75
430.875		4843.75
431		4843.75
431.125		4843.75
431.25		4843.75
431.375		4843.75
431.5		4843.75
431.625		4843.75
431.75		4843.75
431.875		4843.75
432		4843.75
432.125		4843.75
432.25		4843.75
432.375		4843.75
432.5		4843.75
432.625		4843.75
432.75		4843.75
432.875		4843.75
433		4843.75
433.125		4843.75
433.25		4843.75
433.375		4843.75
433.5		4843.75
433.625		4843.75
433.75		4843.75
433.875		4843.75
434		4843.75
434.125		4843.75
434.25		4843.75
434.375		4843.75
434.5		4843.75
434.625		4843.75
434.75		4843.75
434.875		4843.75
435		4843.75
435.125		4843.75
435.25		4843.75
435.375		4843.75
435.5		4843.75
435.625		4843.75
435.75		4843.75
435.875		4843.75
436		4843.75
436.125		4843.75
436.25		4843.75
436.375		4843.75
436.5		4843.75
436.625		4843.75
436.75		4843.75
436.875		4843.75
437		4843.75
437.125		4843.75
437.25		4843.75
437.375		4843.75
437.5		4843.75
437.625		4843.75
437.75		4843.75
437.875		4843.75
438		4843.75
438.125		4843.75
438.25		4843.75
438.375		4843.75
438.5		4843.75
438.625		4843.75
438.75		4843.75
438.875		4843.75
439		4843.75
439.125		4843.75
439.25		4843.75
439.375		4843.75
439.5		4843.75
439.625		4843.75
439.75		4843.75
439.875		4843.75
440		4843.75
440.125		4843.75
440.25		4843.75
440.375		4843.75
440.5		4843.75
440.625		4843.75
440.75		4843.75
440.875		4843.75
441		4843.75
441.125		4843.75
441.25		4843.75
441.375		4843.75
441.5		4843.75
441.625		4843.75
441.75		4843.75
441.875		4843.75
442		4843.75
442.125		4843.75
442.25		4843.75
442.375		4843.75
442.5		4843.75
442.625		4843.75
442.75		4843.75
442.875		4843.75
443		4843.75
443.125		4843.75
443.25		4843.75
443.375		4843.75
443.5		4843.75
443.625		4843.75
443.75		4843.75
443.875		4843.75
444		4843.75
444.125		4843.75
444.25		4843.75
444.375		4843.75
444.5		4843.75
444.625		4843.75
444.75		4843.75
444.875		4843.75
445		4843.75
445.125		4843.75
445.25		4843.75
445.375		4843.75
445.5		4843.75
445.625		4843.75
445.75		4843.75
445.875		4843.75
446		4843.75
446.125		0
446.25		0
446.375		0
446.5		0
446.625		0
446.75		0
446.875		0
447		0
447.125		0
447.25		0
447.375		0
447.5		0
447.625		0
447.75		0
447.875		0
448		0
448.125		0
448.25		0
448.375		0
448.5		0
448.625		0
448.75		0
448.875		0
449		0
449.125		0
449.25		0
449.375		0
449.5		0
449.625		0
449.75		0
449.875		0
450		0
450.125		0
450.25		0
450.375		0
450.5		0
450.625		0
450.75		0
450.875		0
451		0
451.125		0
451.25		0
451.375		0
451.5		0
451.625		0
451.75		0
451.875		0
452		0
452.125		0
452.25		0
452.375		0
452.5		0
452.625		0
452.75		0
452.875		0
453		0
453.125		0
453.25		0
453.375		0
453.5		0
453.625		0
453.75		0
453.875		0
454		0
454.125		0
454.25		0
454.375		0
454.5		0
454.625		0
454.75		0
454.875		0
455		0
455.125		0
455.25		0
455.375		0
455.5		0
455.625		0
455.75		0
455.875		0
456		0
456.125		0
456.25		0
456.375		0
456.5		0
456.625		0
456.75		0
456.875		0
457		0
457.125		0
457.25		0
457.375		0
457.5		0
457.625		0
457.75		0
457.875		0
458		0
458.125		0
458.25		0
458.375		0
458.5		0
458.625		0
458.75		0
458.875		0
459		0
459.125		0
459.25		0
459.375		0
459.5		0
459.625		0
459.75		0
459.875		0
460		0
460.125		0
460.25		0
460.375		0
460.5		0
460.625		0
460.75		0
460.875		0
461		0
461.125		0
461.25		0
461.375		0
461.5		0
461.625		0
461.75		0
461.875		0
462		0
462.125		0
462.25		0
462.375		0
462.5		0
462.625		0
462.75		0
462.875		0
463		0
463.125		0
463.25		0
463.375		0
463.5		0
463.625		0
463.75		0
463.875		0
464		0
464.125		0
464.25		0
464.375		0
464.5		0
464.625		0
464.75		0
464.875		0
465		0
465.125		0
465.25		0
465.375		0
465.5		0
465.625		0
465.75		0
465.875		0
466		0
466.125		0
466.25		0
466.375		0
466.5		0
466.625		0
466.75		0
466.875		0
467		0
467.125		0
467.25		0
467.375		0
467.5		0
467.625		0
467.75		0
467.875		0
468		0
468.125		0
468.25		0
468.375		0
468.5		0
468.625		0
468.75		0
468.875		0
469		0
469.125		0
469.25		0
469.375		0
469.5		0
469.625		0
469.75		0
469.875		0
470		0
470.125		0
470.25		0
470.375		0
470.5		0
470.625		0
470.75		0
470.875		0
471		0
471.125		0
471.25		0
471.375		0
471.5		0
471.625		0
471.75		0
471.875		0
472		0
472.125		0
472.25		0
472.375		0
472.5		0
472.625		0
472.75		0
472.875		0
473		0
473.125		0
473.25		0
473.375		0
473.5		0
473.625		0
473.75		0
473.875		0
474		0
474.125		0
474.25		0
474.375		0
474.5		0
474.625		0
474.75		0
474.875		0
475		0
475.125		0
475.25		0
475.375		0
475.5		0
475.625		0
475.75		0
475.875		0
476		0
476.125		0
476.25		0
476.375		0
476.5		0
476.625		0
476.75		0
476.875		0
477		0
477.125		0
477.25		0
477.375		0
477.5		0
477.625		0
477.75		0
477.875		0
478		0
478.125		0
478.25		0
478.375		0
478.5		0
478.625		0
478.75		0
478.875		0
479		0
479.125		0
479.25		0
479.375		0
479.5		0
479.625		0
479.75		0
479.875		0
480		0
480.125		0
480.25		0
480.375		0
480.5		0
480.625		0
480.75		0
480.875		0
481		0
481.125		0
481.25		0
481.375		0
481.5		0
481.625		0
481.75		0
481.875		0
482		0
482.125		0
482.25		0
482.375		0
482.5		0
482.625		0
482.75		0
482.875		0
483		0
483.125		0
483.25		0
483.375		0
483.5		0
483.625		0
483.75		0
483.875		0
484		0
484.125		0
484.25		0
484.375		0
484.5		0
484.625		0
484.75		0
484.875		0
485		0
485.125		0
485.25		0
485.375		0
485.5		0
485.625		0
485.75		0
485.875		0
486		0
486.125		0
486.25		0
486.375		0
486.5		0
486.625		0
486.75		0
486.875		0
487		0
487.125		0
487.25		0
487.375		0
487.5		0
487.625		0
487.75		0
487.875		0
488		0
488.125		0
488.25		0
488.375		0
488.5		0
488.625		0
488.75		0
488.875		0
489		0
489.125		0
489.25		0
489.375		0
489.5		0
489.625		0
489.75		0
489.875		0
490		0
490.125		0
490.25		0
490.375		0
490.5		0
490.625		0
490.75		0
490.875		0
491		0
491.125		0
491.25		0
491.375		0
491.5		0
491.625		0
491.75		0
491.875		0
492		0
492.125		0
492.25		0
492.375		0
492.5		0
492.625		0
492.75		0
492.875		0
493		0
493.125		0
493.25		0
493.375		0
493.5		0
493.625		0
493.75		0
493.875		0
494		0
494.125		0
494.25		0
494.375		0
494.5		0
494.625		0
494.75		0
494.875		0
495		0
495.125		0
495.25		0
495.375		0
495.5		0
495.625		0
495.75		0
495.875		0
496		0
496.125		0
496.25		0
496.375		0
496.5		0
496.625		0
496.75		0
496.875		0
497		0
497.125		0
497.25		0
497.375		0
497.5		0
497.625		0
497.75		0
497.875		0
498		0
498.125		0
498.25		0
498.375		0
498.5		0
498.625		0
498.75		0
498.875		0
499		0
499.125		0
499.25		0
499.375		0
499.5		0
499.625		0
499.75		0
499.875		0
500		0
