# Calibration file of tamex_id 0 @ channel 13
# fine_T bin		 Calibration value
0.125		0
0.25		0
0.375		0
0.5		0
0.625		0
0.75		0
0.875		0
1		0
1.125		0
1.25		0
1.375		0
1.5		0
1.625		0
1.75		0
1.875		0
2		0
2.125		0
2.25		0
2.375		0
2.5		0
2.625		0
2.75		0
2.875		0
3		0
3.125		0
3.25		0
3.375		0
3.5		0
3.625		0
3.75		0
3.875		0
4		0
4.125		0
4.25		0
4.375		0
4.5		0
4.625		0
4.75		0
4.875		0
5		0
5.125		0
5.25		0
5.375		0
5.5		0
5.625		0
5.75		0
5.875		0
6		0
6.125		0
6.25		0
6.375		0
6.5		0
6.625		0
6.75		0
6.875		0
7		0
7.125		0
7.25		0
7.375		0
7.5		0
7.625		0
7.75		0
7.875		0
8		0
8.125		0
8.25		0
8.375		0
8.5		0
8.625		0
8.75		0
8.875		0
9		0
9.125		0
9.25		0
9.375		0
9.5		0
9.625		0
9.75		0
9.875		0
10		0
10.125		0
10.25		0
10.375		0
10.5		0
10.625		0
10.75		0
10.875		0
11		0
11.125		0
11.25		0
11.375		0
11.5		0
11.625		0
11.75		0
11.875		0
12		0
12.125		0
12.25		0
12.375		0
12.5		0
12.625		0
12.75		0
12.875		0
13		0
13.125		0
13.25		0
13.375		0
13.5		0
13.625		0
13.75		0
13.875		0
14		0
14.125		0
14.25		0
14.375		0
14.5		0
14.625		0
14.75		0
14.875		0
15		0
15.125		0
15.25		0
15.375		0
15.5		0
15.625		0
15.75		0
15.875		0
16		0
16.125		0
16.25		0
16.375		0
16.5		0
16.625		0
16.75		0
16.875		0
17		0
17.125		0
17.25		0
17.375		0
17.5		0
17.625		0
17.75		0
17.875		0
18		0
18.125		156.25
18.25		156.25
18.375		156.25
18.5		156.25
18.625		156.25
18.75		156.25
18.875		156.25
19		156.25
19.125		156.25
19.25		156.25
19.375		156.25
19.5		156.25
19.625		156.25
19.75		156.25
19.875		156.25
20		156.25
20.125		156.25
20.25		156.25
20.375		156.25
20.5		156.25
20.625		156.25
20.75		156.25
20.875		156.25
21		156.25
21.125		156.25
21.25		156.25
21.375		156.25
21.5		156.25
21.625		156.25
21.75		156.25
21.875		156.25
22		156.25
22.125		156.25
22.25		156.25
22.375		156.25
22.5		156.25
22.625		156.25
22.75		156.25
22.875		156.25
23		156.25
23.125		156.25
23.25		156.25
23.375		156.25
23.5		156.25
23.625		156.25
23.75		156.25
23.875		156.25
24		156.25
24.125		156.25
24.25		156.25
24.375		156.25
24.5		156.25
24.625		156.25
24.75		156.25
24.875		156.25
25		156.25
25.125		156.25
25.25		156.25
25.375		156.25
25.5		156.25
25.625		156.25
25.75		156.25
25.875		156.25
26		156.25
26.125		156.25
26.25		156.25
26.375		156.25
26.5		156.25
26.625		156.25
26.75		156.25
26.875		156.25
27		156.25
27.125		156.25
27.25		156.25
27.375		156.25
27.5		156.25
27.625		156.25
27.75		156.25
27.875		156.25
28		156.25
28.125		156.25
28.25		156.25
28.375		156.25
28.5		156.25
28.625		156.25
28.75		156.25
28.875		156.25
29		156.25
29.125		156.25
29.25		156.25
29.375		156.25
29.5		156.25
29.625		156.25
29.75		156.25
29.875		156.25
30		156.25
30.125		156.25
30.25		156.25
30.375		156.25
30.5		156.25
30.625		156.25
30.75		156.25
30.875		156.25
31		156.25
31.125		156.25
31.25		156.25
31.375		156.25
31.5		156.25
31.625		156.25
31.75		156.25
31.875		156.25
32		156.25
32.125		156.25
32.25		156.25
32.375		156.25
32.5		156.25
32.625		156.25
32.75		156.25
32.875		156.25
33		156.25
33.125		156.25
33.25		156.25
33.375		156.25
33.5		156.25
33.625		156.25
33.75		156.25
33.875		156.25
34		156.25
34.125		156.25
34.25		156.25
34.375		156.25
34.5		156.25
34.625		156.25
34.75		156.25
34.875		156.25
35		156.25
35.125		156.25
35.25		156.25
35.375		156.25
35.5		156.25
35.625		156.25
35.75		156.25
35.875		156.25
36		156.25
36.125		156.25
36.25		156.25
36.375		156.25
36.5		156.25
36.625		156.25
36.75		156.25
36.875		156.25
37		156.25
37.125		156.25
37.25		156.25
37.375		156.25
37.5		156.25
37.625		156.25
37.75		156.25
37.875		156.25
38		156.25
38.125		312.5
38.25		312.5
38.375		312.5
38.5		312.5
38.625		312.5
38.75		312.5
38.875		312.5
39		312.5
39.125		312.5
39.25		312.5
39.375		312.5
39.5		312.5
39.625		312.5
39.75		312.5
39.875		312.5
40		312.5
40.125		312.5
40.25		312.5
40.375		312.5
40.5		312.5
40.625		312.5
40.75		312.5
40.875		312.5
41		312.5
41.125		312.5
41.25		312.5
41.375		312.5
41.5		312.5
41.625		312.5
41.75		312.5
41.875		312.5
42		312.5
42.125		312.5
42.25		312.5
42.375		312.5
42.5		312.5
42.625		312.5
42.75		312.5
42.875		312.5
43		312.5
43.125		312.5
43.25		312.5
43.375		312.5
43.5		312.5
43.625		312.5
43.75		312.5
43.875		312.5
44		312.5
44.125		312.5
44.25		312.5
44.375		312.5
44.5		312.5
44.625		312.5
44.75		312.5
44.875		312.5
45		312.5
45.125		312.5
45.25		312.5
45.375		312.5
45.5		312.5
45.625		312.5
45.75		312.5
45.875		312.5
46		312.5
46.125		312.5
46.25		312.5
46.375		312.5
46.5		312.5
46.625		312.5
46.75		312.5
46.875		312.5
47		312.5
47.125		312.5
47.25		312.5
47.375		312.5
47.5		312.5
47.625		312.5
47.75		312.5
47.875		312.5
48		312.5
48.125		312.5
48.25		312.5
48.375		312.5
48.5		312.5
48.625		312.5
48.75		312.5
48.875		312.5
49		312.5
49.125		312.5
49.25		312.5
49.375		312.5
49.5		312.5
49.625		312.5
49.75		312.5
49.875		312.5
50		312.5
50.125		312.5
50.25		312.5
50.375		312.5
50.5		312.5
50.625		312.5
50.75		312.5
50.875		312.5
51		312.5
51.125		312.5
51.25		312.5
51.375		312.5
51.5		312.5
51.625		312.5
51.75		312.5
51.875		312.5
52		312.5
52.125		312.5
52.25		312.5
52.375		312.5
52.5		312.5
52.625		312.5
52.75		312.5
52.875		312.5
53		312.5
53.125		312.5
53.25		312.5
53.375		312.5
53.5		312.5
53.625		312.5
53.75		312.5
53.875		312.5
54		312.5
54.125		312.5
54.25		312.5
54.375		312.5
54.5		312.5
54.625		312.5
54.75		312.5
54.875		312.5
55		312.5
55.125		312.5
55.25		312.5
55.375		312.5
55.5		312.5
55.625		312.5
55.75		312.5
55.875		312.5
56		312.5
56.125		312.5
56.25		312.5
56.375		312.5
56.5		312.5
56.625		312.5
56.75		312.5
56.875		312.5
57		312.5
57.125		312.5
57.25		312.5
57.375		312.5
57.5		312.5
57.625		312.5
57.75		312.5
57.875		312.5
58		312.5
58.125		312.5
58.25		312.5
58.375		312.5
58.5		312.5
58.625		312.5
58.75		312.5
58.875		312.5
59		312.5
59.125		468.75
59.25		468.75
59.375		468.75
59.5		468.75
59.625		468.75
59.75		468.75
59.875		468.75
60		468.75
60.125		468.75
60.25		468.75
60.375		468.75
60.5		468.75
60.625		468.75
60.75		468.75
60.875		468.75
61		468.75
61.125		468.75
61.25		468.75
61.375		468.75
61.5		468.75
61.625		468.75
61.75		468.75
61.875		468.75
62		468.75
62.125		468.75
62.25		468.75
62.375		468.75
62.5		468.75
62.625		468.75
62.75		468.75
62.875		468.75
63		468.75
63.125		468.75
63.25		468.75
63.375		468.75
63.5		468.75
63.625		468.75
63.75		468.75
63.875		468.75
64		468.75
64.125		468.75
64.25		468.75
64.375		468.75
64.5		468.75
64.625		468.75
64.75		468.75
64.875		468.75
65		468.75
65.125		468.75
65.25		468.75
65.375		468.75
65.5		468.75
65.625		468.75
65.75		468.75
65.875		468.75
66		468.75
66.125		468.75
66.25		468.75
66.375		468.75
66.5		468.75
66.625		468.75
66.75		468.75
66.875		468.75
67		468.75
67.125		468.75
67.25		468.75
67.375		468.75
67.5		468.75
67.625		468.75
67.75		468.75
67.875		468.75
68		468.75
68.125		468.75
68.25		468.75
68.375		468.75
68.5		468.75
68.625		468.75
68.75		468.75
68.875		468.75
69		468.75
69.125		468.75
69.25		468.75
69.375		468.75
69.5		468.75
69.625		468.75
69.75		468.75
69.875		468.75
70		468.75
70.125		468.75
70.25		468.75
70.375		468.75
70.5		468.75
70.625		468.75
70.75		468.75
70.875		468.75
71		468.75
71.125		625
71.25		625
71.375		625
71.5		625
71.625		625
71.75		625
71.875		625
72		625
72.125		625
72.25		625
72.375		625
72.5		625
72.625		625
72.75		625
72.875		625
73		625
73.125		625
73.25		625
73.375		625
73.5		625
73.625		625
73.75		625
73.875		625
74		625
74.125		625
74.25		625
74.375		625
74.5		625
74.625		625
74.75		625
74.875		625
75		625
75.125		625
75.25		625
75.375		625
75.5		625
75.625		625
75.75		625
75.875		625
76		625
76.125		625
76.25		625
76.375		625
76.5		625
76.625		625
76.75		625
76.875		625
77		625
77.125		625
77.25		625
77.375		625
77.5		625
77.625		625
77.75		625
77.875		625
78		625
78.125		625
78.25		625
78.375		625
78.5		625
78.625		625
78.75		625
78.875		625
79		625
79.125		625
79.25		625
79.375		625
79.5		625
79.625		625
79.75		625
79.875		625
80		625
80.125		625
80.25		625
80.375		625
80.5		625
80.625		625
80.75		625
80.875		625
81		625
81.125		625
81.25		625
81.375		625
81.5		625
81.625		625
81.75		625
81.875		625
82		625
82.125		625
82.25		625
82.375		625
82.5		625
82.625		625
82.75		625
82.875		625
83		625
83.125		625
83.25		625
83.375		625
83.5		625
83.625		625
83.75		625
83.875		625
84		625
84.125		625
84.25		625
84.375		625
84.5		625
84.625		625
84.75		625
84.875		625
85		625
85.125		625
85.25		625
85.375		625
85.5		625
85.625		625
85.75		625
85.875		625
86		625
86.125		625
86.25		625
86.375		625
86.5		625
86.625		625
86.75		625
86.875		625
87		625
87.125		625
87.25		625
87.375		625
87.5		625
87.625		625
87.75		625
87.875		625
88		625
88.125		625
88.25		625
88.375		625
88.5		625
88.625		625
88.75		625
88.875		625
89		625
89.125		625
89.25		625
89.375		625
89.5		625
89.625		625
89.75		625
89.875		625
90		625
90.125		625
90.25		625
90.375		625
90.5		625
90.625		625
90.75		625
90.875		625
91		625
91.125		625
91.25		625
91.375		625
91.5		625
91.625		625
91.75		625
91.875		625
92		625
92.125		625
92.25		625
92.375		625
92.5		625
92.625		625
92.75		625
92.875		625
93		625
93.125		625
93.25		625
93.375		625
93.5		625
93.625		625
93.75		625
93.875		625
94		625
94.125		625
94.25		625
94.375		625
94.5		625
94.625		625
94.75		625
94.875		625
95		625
95.125		625
95.25		625
95.375		625
95.5		625
95.625		625
95.75		625
95.875		625
96		625
96.125		625
96.25		625
96.375		625
96.5		625
96.625		625
96.75		625
96.875		625
97		625
97.125		625
97.25		625
97.375		625
97.5		625
97.625		625
97.75		625
97.875		625
98		625
98.125		625
98.25		625
98.375		625
98.5		625
98.625		625
98.75		625
98.875		625
99		625
99.125		625
99.25		625
99.375		625
99.5		625
99.625		625
99.75		625
99.875		625
100		625
100.125		625
100.25		625
100.375		625
100.5		625
100.625		625
100.75		625
100.875		625
101		625
101.125		625
101.25		625
101.375		625
101.5		625
101.625		625
101.75		625
101.875		625
102		625
102.125		625
102.25		625
102.375		625
102.5		625
102.625		625
102.75		625
102.875		625
103		625
103.125		625
103.25		625
103.375		625
103.5		625
103.625		625
103.75		625
103.875		625
104		625
104.125		625
104.25		625
104.375		625
104.5		625
104.625		625
104.75		625
104.875		625
105		625
105.125		625
105.25		625
105.375		625
105.5		625
105.625		625
105.75		625
105.875		625
106		625
106.125		625
106.25		625
106.375		625
106.5		625
106.625		625
106.75		625
106.875		625
107		625
107.125		625
107.25		625
107.375		625
107.5		625
107.625		625
107.75		625
107.875		625
108		625
108.125		625
108.25		625
108.375		625
108.5		625
108.625		625
108.75		625
108.875		625
109		625
109.125		937.5
109.25		937.5
109.375		937.5
109.5		937.5
109.625		937.5
109.75		937.5
109.875		937.5
110		937.5
110.125		1093.75
110.25		1093.75
110.375		1093.75
110.5		1093.75
110.625		1093.75
110.75		1093.75
110.875		1093.75
111		1093.75
111.125		1093.75
111.25		1093.75
111.375		1093.75
111.5		1093.75
111.625		1093.75
111.75		1093.75
111.875		1093.75
112		1093.75
112.125		1093.75
112.25		1093.75
112.375		1093.75
112.5		1093.75
112.625		1093.75
112.75		1093.75
112.875		1093.75
113		1093.75
113.125		1093.75
113.25		1093.75
113.375		1093.75
113.5		1093.75
113.625		1093.75
113.75		1093.75
113.875		1093.75
114		1093.75
114.125		1093.75
114.25		1093.75
114.375		1093.75
114.5		1093.75
114.625		1093.75
114.75		1093.75
114.875		1093.75
115		1093.75
115.125		1093.75
115.25		1093.75
115.375		1093.75
115.5		1093.75
115.625		1093.75
115.75		1093.75
115.875		1093.75
116		1093.75
116.125		1093.75
116.25		1093.75
116.375		1093.75
116.5		1093.75
116.625		1093.75
116.75		1093.75
116.875		1093.75
117		1093.75
117.125		1093.75
117.25		1093.75
117.375		1093.75
117.5		1093.75
117.625		1093.75
117.75		1093.75
117.875		1093.75
118		1093.75
118.125		1093.75
118.25		1093.75
118.375		1093.75
118.5		1093.75
118.625		1093.75
118.75		1093.75
118.875		1093.75
119		1093.75
119.125		1093.75
119.25		1093.75
119.375		1093.75
119.5		1093.75
119.625		1093.75
119.75		1093.75
119.875		1093.75
120		1093.75
120.125		1093.75
120.25		1093.75
120.375		1093.75
120.5		1093.75
120.625		1093.75
120.75		1093.75
120.875		1093.75
121		1093.75
121.125		1093.75
121.25		1093.75
121.375		1093.75
121.5		1093.75
121.625		1093.75
121.75		1093.75
121.875		1093.75
122		1093.75
122.125		1093.75
122.25		1093.75
122.375		1093.75
122.5		1093.75
122.625		1093.75
122.75		1093.75
122.875		1093.75
123		1093.75
123.125		1093.75
123.25		1093.75
123.375		1093.75
123.5		1093.75
123.625		1093.75
123.75		1093.75
123.875		1093.75
124		1093.75
124.125		1093.75
124.25		1093.75
124.375		1093.75
124.5		1093.75
124.625		1093.75
124.75		1093.75
124.875		1093.75
125		1093.75
125.125		1093.75
125.25		1093.75
125.375		1093.75
125.5		1093.75
125.625		1093.75
125.75		1093.75
125.875		1093.75
126		1093.75
126.125		1093.75
126.25		1093.75
126.375		1093.75
126.5		1093.75
126.625		1093.75
126.75		1093.75
126.875		1093.75
127		1093.75
127.125		1093.75
127.25		1093.75
127.375		1093.75
127.5		1093.75
127.625		1093.75
127.75		1093.75
127.875		1093.75
128		1093.75
128.125		1093.75
128.25		1093.75
128.375		1093.75
128.5		1093.75
128.625		1093.75
128.75		1093.75
128.875		1093.75
129		1093.75
129.125		1093.75
129.25		1093.75
129.375		1093.75
129.5		1093.75
129.625		1093.75
129.75		1093.75
129.875		1093.75
130		1093.75
130.125		1093.75
130.25		1093.75
130.375		1093.75
130.5		1093.75
130.625		1093.75
130.75		1093.75
130.875		1093.75
131		1093.75
131.125		1093.75
131.25		1093.75
131.375		1093.75
131.5		1093.75
131.625		1093.75
131.75		1093.75
131.875		1093.75
132		1093.75
132.125		1093.75
132.25		1093.75
132.375		1093.75
132.5		1093.75
132.625		1093.75
132.75		1093.75
132.875		1093.75
133		1093.75
133.125		1093.75
133.25		1093.75
133.375		1093.75
133.5		1093.75
133.625		1093.75
133.75		1093.75
133.875		1093.75
134		1093.75
134.125		1093.75
134.25		1093.75
134.375		1093.75
134.5		1093.75
134.625		1093.75
134.75		1093.75
134.875		1093.75
135		1093.75
135.125		1093.75
135.25		1093.75
135.375		1093.75
135.5		1093.75
135.625		1093.75
135.75		1093.75
135.875		1093.75
136		1093.75
136.125		1250
136.25		1250
136.375		1250
136.5		1250
136.625		1250
136.75		1250
136.875		1250
137		1250
137.125		1250
137.25		1250
137.375		1250
137.5		1250
137.625		1250
137.75		1250
137.875		1250
138		1250
138.125		1250
138.25		1250
138.375		1250
138.5		1250
138.625		1250
138.75		1250
138.875		1250
139		1250
139.125		1250
139.25		1250
139.375		1250
139.5		1250
139.625		1250
139.75		1250
139.875		1250
140		1250
140.125		1250
140.25		1250
140.375		1250
140.5		1250
140.625		1250
140.75		1250
140.875		1250
141		1250
141.125		1250
141.25		1250
141.375		1250
141.5		1250
141.625		1250
141.75		1250
141.875		1250
142		1250
142.125		1250
142.25		1250
142.375		1250
142.5		1250
142.625		1250
142.75		1250
142.875		1250
143		1250
143.125		1250
143.25		1250
143.375		1250
143.5		1250
143.625		1250
143.75		1250
143.875		1250
144		1250
144.125		1406.25
144.25		1406.25
144.375		1406.25
144.5		1406.25
144.625		1406.25
144.75		1406.25
144.875		1406.25
145		1406.25
145.125		1406.25
145.25		1406.25
145.375		1406.25
145.5		1406.25
145.625		1406.25
145.75		1406.25
145.875		1406.25
146		1406.25
146.125		1406.25
146.25		1406.25
146.375		1406.25
146.5		1406.25
146.625		1406.25
146.75		1406.25
146.875		1406.25
147		1406.25
147.125		1406.25
147.25		1406.25
147.375		1406.25
147.5		1406.25
147.625		1406.25
147.75		1406.25
147.875		1406.25
148		1406.25
148.125		1406.25
148.25		1406.25
148.375		1406.25
148.5		1406.25
148.625		1406.25
148.75		1406.25
148.875		1406.25
149		1406.25
149.125		1406.25
149.25		1406.25
149.375		1406.25
149.5		1406.25
149.625		1406.25
149.75		1406.25
149.875		1406.25
150		1406.25
150.125		1406.25
150.25		1406.25
150.375		1406.25
150.5		1406.25
150.625		1406.25
150.75		1406.25
150.875		1406.25
151		1406.25
151.125		1406.25
151.25		1406.25
151.375		1406.25
151.5		1406.25
151.625		1406.25
151.75		1406.25
151.875		1406.25
152		1406.25
152.125		1406.25
152.25		1406.25
152.375		1406.25
152.5		1406.25
152.625		1406.25
152.75		1406.25
152.875		1406.25
153		1406.25
153.125		1406.25
153.25		1406.25
153.375		1406.25
153.5		1406.25
153.625		1406.25
153.75		1406.25
153.875		1406.25
154		1406.25
154.125		1406.25
154.25		1406.25
154.375		1406.25
154.5		1406.25
154.625		1406.25
154.75		1406.25
154.875		1406.25
155		1406.25
155.125		1406.25
155.25		1406.25
155.375		1406.25
155.5		1406.25
155.625		1406.25
155.75		1406.25
155.875		1406.25
156		1406.25
156.125		1406.25
156.25		1406.25
156.375		1406.25
156.5		1406.25
156.625		1406.25
156.75		1406.25
156.875		1406.25
157		1406.25
157.125		1406.25
157.25		1406.25
157.375		1406.25
157.5		1406.25
157.625		1406.25
157.75		1406.25
157.875		1406.25
158		1406.25
158.125		1406.25
158.25		1406.25
158.375		1406.25
158.5		1406.25
158.625		1406.25
158.75		1406.25
158.875		1406.25
159		1406.25
159.125		1406.25
159.25		1406.25
159.375		1406.25
159.5		1406.25
159.625		1406.25
159.75		1406.25
159.875		1406.25
160		1406.25
160.125		1406.25
160.25		1406.25
160.375		1406.25
160.5		1406.25
160.625		1406.25
160.75		1406.25
160.875		1406.25
161		1406.25
161.125		1406.25
161.25		1406.25
161.375		1406.25
161.5		1406.25
161.625		1406.25
161.75		1406.25
161.875		1406.25
162		1406.25
162.125		1406.25
162.25		1406.25
162.375		1406.25
162.5		1406.25
162.625		1406.25
162.75		1406.25
162.875		1406.25
163		1406.25
163.125		1406.25
163.25		1406.25
163.375		1406.25
163.5		1406.25
163.625		1406.25
163.75		1406.25
163.875		1406.25
164		1406.25
164.125		1406.25
164.25		1406.25
164.375		1406.25
164.5		1406.25
164.625		1406.25
164.75		1406.25
164.875		1406.25
165		1406.25
165.125		1406.25
165.25		1406.25
165.375		1406.25
165.5		1406.25
165.625		1406.25
165.75		1406.25
165.875		1406.25
166		1406.25
166.125		1406.25
166.25		1406.25
166.375		1406.25
166.5		1406.25
166.625		1406.25
166.75		1406.25
166.875		1406.25
167		1406.25
167.125		1406.25
167.25		1406.25
167.375		1406.25
167.5		1406.25
167.625		1406.25
167.75		1406.25
167.875		1406.25
168		1406.25
168.125		1406.25
168.25		1406.25
168.375		1406.25
168.5		1406.25
168.625		1406.25
168.75		1406.25
168.875		1406.25
169		1406.25
169.125		1406.25
169.25		1406.25
169.375		1406.25
169.5		1406.25
169.625		1406.25
169.75		1406.25
169.875		1406.25
170		1406.25
170.125		1406.25
170.25		1406.25
170.375		1406.25
170.5		1406.25
170.625		1406.25
170.75		1406.25
170.875		1406.25
171		1406.25
171.125		1406.25
171.25		1406.25
171.375		1406.25
171.5		1406.25
171.625		1406.25
171.75		1406.25
171.875		1406.25
172		1406.25
172.125		1406.25
172.25		1406.25
172.375		1406.25
172.5		1406.25
172.625		1406.25
172.75		1406.25
172.875		1406.25
173		1406.25
173.125		1406.25
173.25		1406.25
173.375		1406.25
173.5		1406.25
173.625		1406.25
173.75		1406.25
173.875		1406.25
174		1406.25
174.125		1562.5
174.25		1562.5
174.375		1562.5
174.5		1562.5
174.625		1562.5
174.75		1562.5
174.875		1562.5
175		1562.5
175.125		1718.75
175.25		1718.75
175.375		1718.75
175.5		1718.75
175.625		1718.75
175.75		1718.75
175.875		1718.75
176		1718.75
176.125		1718.75
176.25		1718.75
176.375		1718.75
176.5		1718.75
176.625		1718.75
176.75		1718.75
176.875		1718.75
177		1718.75
177.125		1718.75
177.25		1718.75
177.375		1718.75
177.5		1718.75
177.625		1718.75
177.75		1718.75
177.875		1718.75
178		1718.75
178.125		1718.75
178.25		1718.75
178.375		1718.75
178.5		1718.75
178.625		1718.75
178.75		1718.75
178.875		1718.75
179		1718.75
179.125		1718.75
179.25		1718.75
179.375		1718.75
179.5		1718.75
179.625		1718.75
179.75		1718.75
179.875		1718.75
180		1718.75
180.125		1718.75
180.25		1718.75
180.375		1718.75
180.5		1718.75
180.625		1718.75
180.75		1718.75
180.875		1718.75
181		1718.75
181.125		1718.75
181.25		1718.75
181.375		1718.75
181.5		1718.75
181.625		1718.75
181.75		1718.75
181.875		1718.75
182		1718.75
182.125		1718.75
182.25		1718.75
182.375		1718.75
182.5		1718.75
182.625		1718.75
182.75		1718.75
182.875		1718.75
183		1718.75
183.125		1718.75
183.25		1718.75
183.375		1718.75
183.5		1718.75
183.625		1718.75
183.75		1718.75
183.875		1718.75
184		1718.75
184.125		1718.75
184.25		1718.75
184.375		1718.75
184.5		1718.75
184.625		1718.75
184.75		1718.75
184.875		1718.75
185		1718.75
185.125		1718.75
185.25		1718.75
185.375		1718.75
185.5		1718.75
185.625		1718.75
185.75		1718.75
185.875		1718.75
186		1718.75
186.125		1718.75
186.25		1718.75
186.375		1718.75
186.5		1718.75
186.625		1718.75
186.75		1718.75
186.875		1718.75
187		1718.75
187.125		1718.75
187.25		1718.75
187.375		1718.75
187.5		1718.75
187.625		1718.75
187.75		1718.75
187.875		1718.75
188		1718.75
188.125		2031.25
188.25		2031.25
188.375		2031.25
188.5		2031.25
188.625		2031.25
188.75		2031.25
188.875		2031.25
189		2031.25
189.125		2031.25
189.25		2031.25
189.375		2031.25
189.5		2031.25
189.625		2031.25
189.75		2031.25
189.875		2031.25
190		2031.25
190.125		2031.25
190.25		2031.25
190.375		2031.25
190.5		2031.25
190.625		2031.25
190.75		2031.25
190.875		2031.25
191		2031.25
191.125		2031.25
191.25		2031.25
191.375		2031.25
191.5		2031.25
191.625		2031.25
191.75		2031.25
191.875		2031.25
192		2031.25
192.125		2031.25
192.25		2031.25
192.375		2031.25
192.5		2031.25
192.625		2031.25
192.75		2031.25
192.875		2031.25
193		2031.25
193.125		2031.25
193.25		2031.25
193.375		2031.25
193.5		2031.25
193.625		2031.25
193.75		2031.25
193.875		2031.25
194		2031.25
194.125		2031.25
194.25		2031.25
194.375		2031.25
194.5		2031.25
194.625		2031.25
194.75		2031.25
194.875		2031.25
195		2031.25
195.125		2031.25
195.25		2031.25
195.375		2031.25
195.5		2031.25
195.625		2031.25
195.75		2031.25
195.875		2031.25
196		2031.25
196.125		2031.25
196.25		2031.25
196.375		2031.25
196.5		2031.25
196.625		2031.25
196.75		2031.25
196.875		2031.25
197		2031.25
197.125		2031.25
197.25		2031.25
197.375		2031.25
197.5		2031.25
197.625		2031.25
197.75		2031.25
197.875		2031.25
198		2031.25
198.125		2031.25
198.25		2031.25
198.375		2031.25
198.5		2031.25
198.625		2031.25
198.75		2031.25
198.875		2031.25
199		2031.25
199.125		2031.25
199.25		2031.25
199.375		2031.25
199.5		2031.25
199.625		2031.25
199.75		2031.25
199.875		2031.25
200		2031.25
200.125		2031.25
200.25		2031.25
200.375		2031.25
200.5		2031.25
200.625		2031.25
200.75		2031.25
200.875		2031.25
201		2031.25
201.125		2031.25
201.25		2031.25
201.375		2031.25
201.5		2031.25
201.625		2031.25
201.75		2031.25
201.875		2031.25
202		2031.25
202.125		2031.25
202.25		2031.25
202.375		2031.25
202.5		2031.25
202.625		2031.25
202.75		2031.25
202.875		2031.25
203		2031.25
203.125		2031.25
203.25		2031.25
203.375		2031.25
203.5		2031.25
203.625		2031.25
203.75		2031.25
203.875		2031.25
204		2031.25
204.125		2187.5
204.25		2187.5
204.375		2187.5
204.5		2187.5
204.625		2187.5
204.75		2187.5
204.875		2187.5
205		2187.5
205.125		2187.5
205.25		2187.5
205.375		2187.5
205.5		2187.5
205.625		2187.5
205.75		2187.5
205.875		2187.5
206		2187.5
206.125		2187.5
206.25		2187.5
206.375		2187.5
206.5		2187.5
206.625		2187.5
206.75		2187.5
206.875		2187.5
207		2187.5
207.125		2187.5
207.25		2187.5
207.375		2187.5
207.5		2187.5
207.625		2187.5
207.75		2187.5
207.875		2187.5
208		2187.5
208.125		2187.5
208.25		2187.5
208.375		2187.5
208.5		2187.5
208.625		2187.5
208.75		2187.5
208.875		2187.5
209		2187.5
209.125		2187.5
209.25		2187.5
209.375		2187.5
209.5		2187.5
209.625		2187.5
209.75		2187.5
209.875		2187.5
210		2187.5
210.125		2187.5
210.25		2187.5
210.375		2187.5
210.5		2187.5
210.625		2187.5
210.75		2187.5
210.875		2187.5
211		2187.5
211.125		2187.5
211.25		2187.5
211.375		2187.5
211.5		2187.5
211.625		2187.5
211.75		2187.5
211.875		2187.5
212		2187.5
212.125		2187.5
212.25		2187.5
212.375		2187.5
212.5		2187.5
212.625		2187.5
212.75		2187.5
212.875		2187.5
213		2187.5
213.125		2187.5
213.25		2187.5
213.375		2187.5
213.5		2187.5
213.625		2187.5
213.75		2187.5
213.875		2187.5
214		2187.5
214.125		2187.5
214.25		2187.5
214.375		2187.5
214.5		2187.5
214.625		2187.5
214.75		2187.5
214.875		2187.5
215		2187.5
215.125		2187.5
215.25		2187.5
215.375		2187.5
215.5		2187.5
215.625		2187.5
215.75		2187.5
215.875		2187.5
216		2187.5
216.125		2187.5
216.25		2187.5
216.375		2187.5
216.5		2187.5
216.625		2187.5
216.75		2187.5
216.875		2187.5
217		2187.5
217.125		2187.5
217.25		2187.5
217.375		2187.5
217.5		2187.5
217.625		2187.5
217.75		2187.5
217.875		2187.5
218		2187.5
218.125		2187.5
218.25		2187.5
218.375		2187.5
218.5		2187.5
218.625		2187.5
218.75		2187.5
218.875		2187.5
219		2187.5
219.125		2187.5
219.25		2187.5
219.375		2187.5
219.5		2187.5
219.625		2187.5
219.75		2187.5
219.875		2187.5
220		2187.5
220.125		2187.5
220.25		2187.5
220.375		2187.5
220.5		2187.5
220.625		2187.5
220.75		2187.5
220.875		2187.5
221		2187.5
221.125		2187.5
221.25		2187.5
221.375		2187.5
221.5		2187.5
221.625		2187.5
221.75		2187.5
221.875		2187.5
222		2187.5
222.125		2187.5
222.25		2187.5
222.375		2187.5
222.5		2187.5
222.625		2187.5
222.75		2187.5
222.875		2187.5
223		2187.5
223.125		2187.5
223.25		2187.5
223.375		2187.5
223.5		2187.5
223.625		2187.5
223.75		2187.5
223.875		2187.5
224		2187.5
224.125		2187.5
224.25		2187.5
224.375		2187.5
224.5		2187.5
224.625		2187.5
224.75		2187.5
224.875		2187.5
225		2187.5
225.125		2187.5
225.25		2187.5
225.375		2187.5
225.5		2187.5
225.625		2187.5
225.75		2187.5
225.875		2187.5
226		2187.5
226.125		2187.5
226.25		2187.5
226.375		2187.5
226.5		2187.5
226.625		2187.5
226.75		2187.5
226.875		2187.5
227		2187.5
227.125		2187.5
227.25		2187.5
227.375		2187.5
227.5		2187.5
227.625		2187.5
227.75		2187.5
227.875		2187.5
228		2187.5
228.125		2187.5
228.25		2187.5
228.375		2187.5
228.5		2187.5
228.625		2187.5
228.75		2187.5
228.875		2187.5
229		2187.5
229.125		2187.5
229.25		2187.5
229.375		2187.5
229.5		2187.5
229.625		2187.5
229.75		2187.5
229.875		2187.5
230		2187.5
230.125		2187.5
230.25		2187.5
230.375		2187.5
230.5		2187.5
230.625		2187.5
230.75		2187.5
230.875		2187.5
231		2187.5
231.125		2343.75
231.25		2343.75
231.375		2343.75
231.5		2343.75
231.625		2343.75
231.75		2343.75
231.875		2343.75
232		2343.75
232.125		2343.75
232.25		2343.75
232.375		2343.75
232.5		2343.75
232.625		2343.75
232.75		2343.75
232.875		2343.75
233		2343.75
233.125		2343.75
233.25		2343.75
233.375		2343.75
233.5		2343.75
233.625		2343.75
233.75		2343.75
233.875		2343.75
234		2343.75
234.125		2343.75
234.25		2343.75
234.375		2343.75
234.5		2343.75
234.625		2343.75
234.75		2343.75
234.875		2343.75
235		2343.75
235.125		2343.75
235.25		2343.75
235.375		2343.75
235.5		2343.75
235.625		2343.75
235.75		2343.75
235.875		2343.75
236		2343.75
236.125		2343.75
236.25		2343.75
236.375		2343.75
236.5		2343.75
236.625		2343.75
236.75		2343.75
236.875		2343.75
237		2343.75
237.125		2343.75
237.25		2343.75
237.375		2343.75
237.5		2343.75
237.625		2343.75
237.75		2343.75
237.875		2343.75
238		2343.75
238.125		2343.75
238.25		2343.75
238.375		2343.75
238.5		2343.75
238.625		2343.75
238.75		2343.75
238.875		2343.75
239		2343.75
239.125		2343.75
239.25		2343.75
239.375		2343.75
239.5		2343.75
239.625		2343.75
239.75		2343.75
239.875		2343.75
240		2343.75
240.125		2343.75
240.25		2343.75
240.375		2343.75
240.5		2343.75
240.625		2343.75
240.75		2343.75
240.875		2343.75
241		2343.75
241.125		2343.75
241.25		2343.75
241.375		2343.75
241.5		2343.75
241.625		2343.75
241.75		2343.75
241.875		2343.75
242		2343.75
242.125		2500
242.25		2500
242.375		2500
242.5		2500
242.625		2500
242.75		2500
242.875		2500
243		2500
243.125		2500
243.25		2500
243.375		2500
243.5		2500
243.625		2500
243.75		2500
243.875		2500
244		2500
244.125		2500
244.25		2500
244.375		2500
244.5		2500
244.625		2500
244.75		2500
244.875		2500
245		2500
245.125		2500
245.25		2500
245.375		2500
245.5		2500
245.625		2500
245.75		2500
245.875		2500
246		2500
246.125		2500
246.25		2500
246.375		2500
246.5		2500
246.625		2500
246.75		2500
246.875		2500
247		2500
247.125		2500
247.25		2500
247.375		2500
247.5		2500
247.625		2500
247.75		2500
247.875		2500
248		2500
248.125		2500
248.25		2500
248.375		2500
248.5		2500
248.625		2500
248.75		2500
248.875		2500
249		2500
249.125		2500
249.25		2500
249.375		2500
249.5		2500
249.625		2500
249.75		2500
249.875		2500
250		2500
250.125		2500
250.25		2500
250.375		2500
250.5		2500
250.625		2500
250.75		2500
250.875		2500
251		2500
251.125		2500
251.25		2500
251.375		2500
251.5		2500
251.625		2500
251.75		2500
251.875		2500
252		2500
252.125		2500
252.25		2500
252.375		2500
252.5		2500
252.625		2500
252.75		2500
252.875		2500
253		2500
253.125		2500
253.25		2500
253.375		2500
253.5		2500
253.625		2500
253.75		2500
253.875		2500
254		2500
254.125		2500
254.25		2500
254.375		2500
254.5		2500
254.625		2500
254.75		2500
254.875		2500
255		2500
255.125		2500
255.25		2500
255.375		2500
255.5		2500
255.625		2500
255.75		2500
255.875		2500
256		2500
256.125		2500
256.25		2500
256.375		2500
256.5		2500
256.625		2500
256.75		2500
256.875		2500
257		2500
257.125		2500
257.25		2500
257.375		2500
257.5		2500
257.625		2500
257.75		2500
257.875		2500
258		2500
258.125		2500
258.25		2500
258.375		2500
258.5		2500
258.625		2500
258.75		2500
258.875		2500
259		2500
259.125		2656.25
259.25		2656.25
259.375		2656.25
259.5		2656.25
259.625		2656.25
259.75		2656.25
259.875		2656.25
260		2656.25
260.125		2656.25
260.25		2656.25
260.375		2656.25
260.5		2656.25
260.625		2656.25
260.75		2656.25
260.875		2656.25
261		2656.25
261.125		2656.25
261.25		2656.25
261.375		2656.25
261.5		2656.25
261.625		2656.25
261.75		2656.25
261.875		2656.25
262		2656.25
262.125		2656.25
262.25		2656.25
262.375		2656.25
262.5		2656.25
262.625		2656.25
262.75		2656.25
262.875		2656.25
263		2656.25
263.125		2812.5
263.25		2812.5
263.375		2812.5
263.5		2812.5
263.625		2812.5
263.75		2812.5
263.875		2812.5
264		2812.5
264.125		2812.5
264.25		2812.5
264.375		2812.5
264.5		2812.5
264.625		2812.5
264.75		2812.5
264.875		2812.5
265		2812.5
265.125		2812.5
265.25		2812.5
265.375		2812.5
265.5		2812.5
265.625		2812.5
265.75		2812.5
265.875		2812.5
266		2812.5
266.125		2812.5
266.25		2812.5
266.375		2812.5
266.5		2812.5
266.625		2812.5
266.75		2812.5
266.875		2812.5
267		2812.5
267.125		2812.5
267.25		2812.5
267.375		2812.5
267.5		2812.5
267.625		2812.5
267.75		2812.5
267.875		2812.5
268		2812.5
268.125		2812.5
268.25		2812.5
268.375		2812.5
268.5		2812.5
268.625		2812.5
268.75		2812.5
268.875		2812.5
269		2812.5
269.125		2812.5
269.25		2812.5
269.375		2812.5
269.5		2812.5
269.625		2812.5
269.75		2812.5
269.875		2812.5
270		2812.5
270.125		2812.5
270.25		2812.5
270.375		2812.5
270.5		2812.5
270.625		2812.5
270.75		2812.5
270.875		2812.5
271		2812.5
271.125		2968.75
271.25		2968.75
271.375		2968.75
271.5		2968.75
271.625		2968.75
271.75		2968.75
271.875		2968.75
272		2968.75
272.125		2968.75
272.25		2968.75
272.375		2968.75
272.5		2968.75
272.625		2968.75
272.75		2968.75
272.875		2968.75
273		2968.75
273.125		2968.75
273.25		2968.75
273.375		2968.75
273.5		2968.75
273.625		2968.75
273.75		2968.75
273.875		2968.75
274		2968.75
274.125		3125
274.25		3125
274.375		3125
274.5		3125
274.625		3125
274.75		3125
274.875		3125
275		3125
275.125		3125
275.25		3125
275.375		3125
275.5		3125
275.625		3125
275.75		3125
275.875		3125
276		3125
276.125		3125
276.25		3125
276.375		3125
276.5		3125
276.625		3125
276.75		3125
276.875		3125
277		3125
277.125		3125
277.25		3125
277.375		3125
277.5		3125
277.625		3125
277.75		3125
277.875		3125
278		3125
278.125		3125
278.25		3125
278.375		3125
278.5		3125
278.625		3125
278.75		3125
278.875		3125
279		3125
279.125		3125
279.25		3125
279.375		3125
279.5		3125
279.625		3125
279.75		3125
279.875		3125
280		3125
280.125		3125
280.25		3125
280.375		3125
280.5		3125
280.625		3125
280.75		3125
280.875		3125
281		3125
281.125		3125
281.25		3125
281.375		3125
281.5		3125
281.625		3125
281.75		3125
281.875		3125
282		3125
282.125		3281.25
282.25		3281.25
282.375		3281.25
282.5		3281.25
282.625		3281.25
282.75		3281.25
282.875		3281.25
283		3281.25
283.125		3281.25
283.25		3281.25
283.375		3281.25
283.5		3281.25
283.625		3281.25
283.75		3281.25
283.875		3281.25
284		3281.25
284.125		3281.25
284.25		3281.25
284.375		3281.25
284.5		3281.25
284.625		3281.25
284.75		3281.25
284.875		3281.25
285		3281.25
285.125		3281.25
285.25		3281.25
285.375		3281.25
285.5		3281.25
285.625		3281.25
285.75		3281.25
285.875		3281.25
286		3281.25
286.125		3281.25
286.25		3281.25
286.375		3281.25
286.5		3281.25
286.625		3281.25
286.75		3281.25
286.875		3281.25
287		3281.25
287.125		3281.25
287.25		3281.25
287.375		3281.25
287.5		3281.25
287.625		3281.25
287.75		3281.25
287.875		3281.25
288		3281.25
288.125		3281.25
288.25		3281.25
288.375		3281.25
288.5		3281.25
288.625		3281.25
288.75		3281.25
288.875		3281.25
289		3281.25
289.125		3281.25
289.25		3281.25
289.375		3281.25
289.5		3281.25
289.625		3281.25
289.75		3281.25
289.875		3281.25
290		3281.25
290.125		3281.25
290.25		3281.25
290.375		3281.25
290.5		3281.25
290.625		3281.25
290.75		3281.25
290.875		3281.25
291		3281.25
291.125		3281.25
291.25		3281.25
291.375		3281.25
291.5		3281.25
291.625		3281.25
291.75		3281.25
291.875		3281.25
292		3281.25
292.125		3281.25
292.25		3281.25
292.375		3281.25
292.5		3281.25
292.625		3281.25
292.75		3281.25
292.875		3281.25
293		3281.25
293.125		3281.25
293.25		3281.25
293.375		3281.25
293.5		3281.25
293.625		3281.25
293.75		3281.25
293.875		3281.25
294		3281.25
294.125		3281.25
294.25		3281.25
294.375		3281.25
294.5		3281.25
294.625		3281.25
294.75		3281.25
294.875		3281.25
295		3281.25
295.125		3281.25
295.25		3281.25
295.375		3281.25
295.5		3281.25
295.625		3281.25
295.75		3281.25
295.875		3281.25
296		3281.25
296.125		3281.25
296.25		3281.25
296.375		3281.25
296.5		3281.25
296.625		3281.25
296.75		3281.25
296.875		3281.25
297		3281.25
297.125		3281.25
297.25		3281.25
297.375		3281.25
297.5		3281.25
297.625		3281.25
297.75		3281.25
297.875		3281.25
298		3281.25
298.125		3281.25
298.25		3281.25
298.375		3281.25
298.5		3281.25
298.625		3281.25
298.75		3281.25
298.875		3281.25
299		3281.25
299.125		3281.25
299.25		3281.25
299.375		3281.25
299.5		3281.25
299.625		3281.25
299.75		3281.25
299.875		3281.25
300		3281.25
300.125		3281.25
300.25		3281.25
300.375		3281.25
300.5		3281.25
300.625		3281.25
300.75		3281.25
300.875		3281.25
301		3281.25
301.125		3281.25
301.25		3281.25
301.375		3281.25
301.5		3281.25
301.625		3281.25
301.75		3281.25
301.875		3281.25
302		3281.25
302.125		3281.25
302.25		3281.25
302.375		3281.25
302.5		3281.25
302.625		3281.25
302.75		3281.25
302.875		3281.25
303		3281.25
303.125		3281.25
303.25		3281.25
303.375		3281.25
303.5		3281.25
303.625		3281.25
303.75		3281.25
303.875		3281.25
304		3281.25
304.125		3281.25
304.25		3281.25
304.375		3281.25
304.5		3281.25
304.625		3281.25
304.75		3281.25
304.875		3281.25
305		3281.25
305.125		3281.25
305.25		3281.25
305.375		3281.25
305.5		3281.25
305.625		3281.25
305.75		3281.25
305.875		3281.25
306		3281.25
306.125		3281.25
306.25		3281.25
306.375		3281.25
306.5		3281.25
306.625		3281.25
306.75		3281.25
306.875		3281.25
307		3281.25
307.125		3281.25
307.25		3281.25
307.375		3281.25
307.5		3281.25
307.625		3281.25
307.75		3281.25
307.875		3281.25
308		3281.25
308.125		3437.5
308.25		3437.5
308.375		3437.5
308.5		3437.5
308.625		3437.5
308.75		3437.5
308.875		3437.5
309		3437.5
309.125		3437.5
309.25		3437.5
309.375		3437.5
309.5		3437.5
309.625		3437.5
309.75		3437.5
309.875		3437.5
310		3437.5
310.125		3437.5
310.25		3437.5
310.375		3437.5
310.5		3437.5
310.625		3437.5
310.75		3437.5
310.875		3437.5
311		3437.5
311.125		3437.5
311.25		3437.5
311.375		3437.5
311.5		3437.5
311.625		3437.5
311.75		3437.5
311.875		3437.5
312		3437.5
312.125		3437.5
312.25		3437.5
312.375		3437.5
312.5		3437.5
312.625		3437.5
312.75		3437.5
312.875		3437.5
313		3437.5
313.125		3437.5
313.25		3437.5
313.375		3437.5
313.5		3437.5
313.625		3437.5
313.75		3437.5
313.875		3437.5
314		3437.5
314.125		3437.5
314.25		3437.5
314.375		3437.5
314.5		3437.5
314.625		3437.5
314.75		3437.5
314.875		3437.5
315		3437.5
315.125		3437.5
315.25		3437.5
315.375		3437.5
315.5		3437.5
315.625		3437.5
315.75		3437.5
315.875		3437.5
316		3437.5
316.125		3437.5
316.25		3437.5
316.375		3437.5
316.5		3437.5
316.625		3437.5
316.75		3437.5
316.875		3437.5
317		3437.5
317.125		3437.5
317.25		3437.5
317.375		3437.5
317.5		3437.5
317.625		3437.5
317.75		3437.5
317.875		3437.5
318		3437.5
318.125		3437.5
318.25		3437.5
318.375		3437.5
318.5		3437.5
318.625		3437.5
318.75		3437.5
318.875		3437.5
319		3437.5
319.125		3437.5
319.25		3437.5
319.375		3437.5
319.5		3437.5
319.625		3437.5
319.75		3437.5
319.875		3437.5
320		3437.5
320.125		3437.5
320.25		3437.5
320.375		3437.5
320.5		3437.5
320.625		3437.5
320.75		3437.5
320.875		3437.5
321		3437.5
321.125		3437.5
321.25		3437.5
321.375		3437.5
321.5		3437.5
321.625		3437.5
321.75		3437.5
321.875		3437.5
322		3437.5
322.125		3437.5
322.25		3437.5
322.375		3437.5
322.5		3437.5
322.625		3437.5
322.75		3437.5
322.875		3437.5
323		3437.5
323.125		3437.5
323.25		3437.5
323.375		3437.5
323.5		3437.5
323.625		3437.5
323.75		3437.5
323.875		3437.5
324		3437.5
324.125		3437.5
324.25		3437.5
324.375		3437.5
324.5		3437.5
324.625		3437.5
324.75		3437.5
324.875		3437.5
325		3437.5
325.125		3437.5
325.25		3437.5
325.375		3437.5
325.5		3437.5
325.625		3437.5
325.75		3437.5
325.875		3437.5
326		3437.5
326.125		3437.5
326.25		3437.5
326.375		3437.5
326.5		3437.5
326.625		3437.5
326.75		3437.5
326.875		3437.5
327		3437.5
327.125		3437.5
327.25		3437.5
327.375		3437.5
327.5		3437.5
327.625		3437.5
327.75		3437.5
327.875		3437.5
328		3437.5
328.125		3437.5
328.25		3437.5
328.375		3437.5
328.5		3437.5
328.625		3437.5
328.75		3437.5
328.875		3437.5
329		3437.5
329.125		3437.5
329.25		3437.5
329.375		3437.5
329.5		3437.5
329.625		3437.5
329.75		3437.5
329.875		3437.5
330		3437.5
330.125		3437.5
330.25		3437.5
330.375		3437.5
330.5		3437.5
330.625		3437.5
330.75		3437.5
330.875		3437.5
331		3437.5
331.125		3437.5
331.25		3437.5
331.375		3437.5
331.5		3437.5
331.625		3437.5
331.75		3437.5
331.875		3437.5
332		3437.5
332.125		3437.5
332.25		3437.5
332.375		3437.5
332.5		3437.5
332.625		3437.5
332.75		3437.5
332.875		3437.5
333		3437.5
333.125		3437.5
333.25		3437.5
333.375		3437.5
333.5		3437.5
333.625		3437.5
333.75		3437.5
333.875		3437.5
334		3437.5
334.125		3593.75
334.25		3593.75
334.375		3593.75
334.5		3593.75
334.625		3593.75
334.75		3593.75
334.875		3593.75
335		3593.75
335.125		3593.75
335.25		3593.75
335.375		3593.75
335.5		3593.75
335.625		3593.75
335.75		3593.75
335.875		3593.75
336		3593.75
336.125		3593.75
336.25		3593.75
336.375		3593.75
336.5		3593.75
336.625		3593.75
336.75		3593.75
336.875		3593.75
337		3593.75
337.125		3593.75
337.25		3593.75
337.375		3593.75
337.5		3593.75
337.625		3593.75
337.75		3593.75
337.875		3593.75
338		3593.75
338.125		3593.75
338.25		3593.75
338.375		3593.75
338.5		3593.75
338.625		3593.75
338.75		3593.75
338.875		3593.75
339		3593.75
339.125		3593.75
339.25		3593.75
339.375		3593.75
339.5		3593.75
339.625		3593.75
339.75		3593.75
339.875		3593.75
340		3593.75
340.125		3593.75
340.25		3593.75
340.375		3593.75
340.5		3593.75
340.625		3593.75
340.75		3593.75
340.875		3593.75
341		3593.75
341.125		3593.75
341.25		3593.75
341.375		3593.75
341.5		3593.75
341.625		3593.75
341.75		3593.75
341.875		3593.75
342		3593.75
342.125		3593.75
342.25		3593.75
342.375		3593.75
342.5		3593.75
342.625		3593.75
342.75		3593.75
342.875		3593.75
343		3593.75
343.125		3593.75
343.25		3593.75
343.375		3593.75
343.5		3593.75
343.625		3593.75
343.75		3593.75
343.875		3593.75
344		3593.75
344.125		3593.75
344.25		3593.75
344.375		3593.75
344.5		3593.75
344.625		3593.75
344.75		3593.75
344.875		3593.75
345		3593.75
345.125		3593.75
345.25		3593.75
345.375		3593.75
345.5		3593.75
345.625		3593.75
345.75		3593.75
345.875		3593.75
346		3593.75
346.125		3750
346.25		3750
346.375		3750
346.5		3750
346.625		3750
346.75		3750
346.875		3750
347		3750
347.125		3750
347.25		3750
347.375		3750
347.5		3750
347.625		3750
347.75		3750
347.875		3750
348		3750
348.125		3750
348.25		3750
348.375		3750
348.5		3750
348.625		3750
348.75		3750
348.875		3750
349		3750
349.125		3750
349.25		3750
349.375		3750
349.5		3750
349.625		3750
349.75		3750
349.875		3750
350		3750
350.125		3750
350.25		3750
350.375		3750
350.5		3750
350.625		3750
350.75		3750
350.875		3750
351		3750
351.125		3750
351.25		3750
351.375		3750
351.5		3750
351.625		3750
351.75		3750
351.875		3750
352		3750
352.125		3750
352.25		3750
352.375		3750
352.5		3750
352.625		3750
352.75		3750
352.875		3750
353		3750
353.125		3750
353.25		3750
353.375		3750
353.5		3750
353.625		3750
353.75		3750
353.875		3750
354		3750
354.125		3906.25
354.25		3906.25
354.375		3906.25
354.5		3906.25
354.625		3906.25
354.75		3906.25
354.875		3906.25
355		3906.25
355.125		3906.25
355.25		3906.25
355.375		3906.25
355.5		3906.25
355.625		3906.25
355.75		3906.25
355.875		3906.25
356		3906.25
356.125		3906.25
356.25		3906.25
356.375		3906.25
356.5		3906.25
356.625		3906.25
356.75		3906.25
356.875		3906.25
357		3906.25
357.125		3906.25
357.25		3906.25
357.375		3906.25
357.5		3906.25
357.625		3906.25
357.75		3906.25
357.875		3906.25
358		3906.25
358.125		3906.25
358.25		3906.25
358.375		3906.25
358.5		3906.25
358.625		3906.25
358.75		3906.25
358.875		3906.25
359		3906.25
359.125		3906.25
359.25		3906.25
359.375		3906.25
359.5		3906.25
359.625		3906.25
359.75		3906.25
359.875		3906.25
360		3906.25
360.125		3906.25
360.25		3906.25
360.375		3906.25
360.5		3906.25
360.625		3906.25
360.75		3906.25
360.875		3906.25
361		3906.25
361.125		3906.25
361.25		3906.25
361.375		3906.25
361.5		3906.25
361.625		3906.25
361.75		3906.25
361.875		3906.25
362		3906.25
362.125		3906.25
362.25		3906.25
362.375		3906.25
362.5		3906.25
362.625		3906.25
362.75		3906.25
362.875		3906.25
363		3906.25
363.125		3906.25
363.25		3906.25
363.375		3906.25
363.5		3906.25
363.625		3906.25
363.75		3906.25
363.875		3906.25
364		3906.25
364.125		3906.25
364.25		3906.25
364.375		3906.25
364.5		3906.25
364.625		3906.25
364.75		3906.25
364.875		3906.25
365		3906.25
365.125		4062.5
365.25		4062.5
365.375		4062.5
365.5		4062.5
365.625		4062.5
365.75		4062.5
365.875		4062.5
366		4062.5
366.125		4062.5
366.25		4062.5
366.375		4062.5
366.5		4062.5
366.625		4062.5
366.75		4062.5
366.875		4062.5
367		4062.5
367.125		4062.5
367.25		4062.5
367.375		4062.5
367.5		4062.5
367.625		4062.5
367.75		4062.5
367.875		4062.5
368		4062.5
368.125		4062.5
368.25		4062.5
368.375		4062.5
368.5		4062.5
368.625		4062.5
368.75		4062.5
368.875		4062.5
369		4062.5
369.125		4062.5
369.25		4062.5
369.375		4062.5
369.5		4062.5
369.625		4062.5
369.75		4062.5
369.875		4062.5
370		4062.5
370.125		4218.75
370.25		4218.75
370.375		4218.75
370.5		4218.75
370.625		4218.75
370.75		4218.75
370.875		4218.75
371		4218.75
371.125		4375
371.25		4375
371.375		4375
371.5		4375
371.625		4375
371.75		4375
371.875		4375
372		4375
372.125		4375
372.25		4375
372.375		4375
372.5		4375
372.625		4375
372.75		4375
372.875		4375
373		4375
373.125		4375
373.25		4375
373.375		4375
373.5		4375
373.625		4375
373.75		4375
373.875		4375
374		4375
374.125		4375
374.25		4375
374.375		4375
374.5		4375
374.625		4375
374.75		4375
374.875		4375
375		4375
375.125		4375
375.25		4375
375.375		4375
375.5		4375
375.625		4375
375.75		4375
375.875		4375
376		4375
376.125		4375
376.25		4375
376.375		4375
376.5		4375
376.625		4375
376.75		4375
376.875		4375
377		4375
377.125		4375
377.25		4375
377.375		4375
377.5		4375
377.625		4375
377.75		4375
377.875		4375
378		4375
378.125		4375
378.25		4375
378.375		4375
378.5		4375
378.625		4375
378.75		4375
378.875		4375
379		4375
379.125		4375
379.25		4375
379.375		4375
379.5		4375
379.625		4375
379.75		4375
379.875		4375
380		4375
380.125		4375
380.25		4375
380.375		4375
380.5		4375
380.625		4375
380.75		4375
380.875		4375
381		4375
381.125		4375
381.25		4375
381.375		4375
381.5		4375
381.625		4375
381.75		4375
381.875		4375
382		4375
382.125		4375
382.25		4375
382.375		4375
382.5		4375
382.625		4375
382.75		4375
382.875		4375
383		4375
383.125		4375
383.25		4375
383.375		4375
383.5		4375
383.625		4375
383.75		4375
383.875		4375
384		4375
384.125		4375
384.25		4375
384.375		4375
384.5		4375
384.625		4375
384.75		4375
384.875		4375
385		4375
385.125		4375
385.25		4375
385.375		4375
385.5		4375
385.625		4375
385.75		4375
385.875		4375
386		4375
386.125		4375
386.25		4375
386.375		4375
386.5		4375
386.625		4375
386.75		4375
386.875		4375
387		4375
387.125		4375
387.25		4375
387.375		4375
387.5		4375
387.625		4375
387.75		4375
387.875		4375
388		4375
388.125		4375
388.25		4375
388.375		4375
388.5		4375
388.625		4375
388.75		4375
388.875		4375
389		4375
389.125		4375
389.25		4375
389.375		4375
389.5		4375
389.625		4375
389.75		4375
389.875		4375
390		4375
390.125		4375
390.25		4375
390.375		4375
390.5		4375
390.625		4375
390.75		4375
390.875		4375
391		4375
391.125		4375
391.25		4375
391.375		4375
391.5		4375
391.625		4375
391.75		4375
391.875		4375
392		4375
392.125		4375
392.25		4375
392.375		4375
392.5		4375
392.625		4375
392.75		4375
392.875		4375
393		4375
393.125		4375
393.25		4375
393.375		4375
393.5		4375
393.625		4375
393.75		4375
393.875		4375
394		4375
394.125		4375
394.25		4375
394.375		4375
394.5		4375
394.625		4375
394.75		4375
394.875		4375
395		4375
395.125		4375
395.25		4375
395.375		4375
395.5		4375
395.625		4375
395.75		4375
395.875		4375
396		4375
396.125		4531.25
396.25		4531.25
396.375		4531.25
396.5		4531.25
396.625		4531.25
396.75		4531.25
396.875		4531.25
397		4531.25
397.125		4531.25
397.25		4531.25
397.375		4531.25
397.5		4531.25
397.625		4531.25
397.75		4531.25
397.875		4531.25
398		4531.25
398.125		4531.25
398.25		4531.25
398.375		4531.25
398.5		4531.25
398.625		4531.25
398.75		4531.25
398.875		4531.25
399		4531.25
399.125		4531.25
399.25		4531.25
399.375		4531.25
399.5		4531.25
399.625		4531.25
399.75		4531.25
399.875		4531.25
400		4531.25
400.125		4531.25
400.25		4531.25
400.375		4531.25
400.5		4531.25
400.625		4531.25
400.75		4531.25
400.875		4531.25
401		4531.25
401.125		4531.25
401.25		4531.25
401.375		4531.25
401.5		4531.25
401.625		4531.25
401.75		4531.25
401.875		4531.25
402		4531.25
402.125		4531.25
402.25		4531.25
402.375		4531.25
402.5		4531.25
402.625		4531.25
402.75		4531.25
402.875		4531.25
403		4531.25
403.125		4531.25
403.25		4531.25
403.375		4531.25
403.5		4531.25
403.625		4531.25
403.75		4531.25
403.875		4531.25
404		4531.25
404.125		4531.25
404.25		4531.25
404.375		4531.25
404.5		4531.25
404.625		4531.25
404.75		4531.25
404.875		4531.25
405		4531.25
405.125		4531.25
405.25		4531.25
405.375		4531.25
405.5		4531.25
405.625		4531.25
405.75		4531.25
405.875		4531.25
406		4531.25
406.125		4531.25
406.25		4531.25
406.375		4531.25
406.5		4531.25
406.625		4531.25
406.75		4531.25
406.875		4531.25
407		4531.25
407.125		4843.75
407.25		4843.75
407.375		4843.75
407.5		4843.75
407.625		4843.75
407.75		4843.75
407.875		4843.75
408		4843.75
408.125		4843.75
408.25		4843.75
408.375		4843.75
408.5		4843.75
408.625		4843.75
408.75		4843.75
408.875		4843.75
409		4843.75
409.125		4843.75
409.25		4843.75
409.375		4843.75
409.5		4843.75
409.625		4843.75
409.75		4843.75
409.875		4843.75
410		4843.75
410.125		4843.75
410.25		4843.75
410.375		4843.75
410.5		4843.75
410.625		4843.75
410.75		4843.75
410.875		4843.75
411		4843.75
411.125		4843.75
411.25		4843.75
411.375		4843.75
411.5		4843.75
411.625		4843.75
411.75		4843.75
411.875		4843.75
412		4843.75
412.125		4843.75
412.25		4843.75
412.375		4843.75
412.5		4843.75
412.625		4843.75
412.75		4843.75
412.875		4843.75
413		4843.75
413.125		4843.75
413.25		4843.75
413.375		4843.75
413.5		4843.75
413.625		4843.75
413.75		4843.75
413.875		4843.75
414		4843.75
414.125		4843.75
414.25		4843.75
414.375		4843.75
414.5		4843.75
414.625		4843.75
414.75		4843.75
414.875		4843.75
415		4843.75
415.125		4843.75
415.25		4843.75
415.375		4843.75
415.5		4843.75
415.625		4843.75
415.75		4843.75
415.875		4843.75
416		4843.75
416.125		4843.75
416.25		4843.75
416.375		4843.75
416.5		4843.75
416.625		4843.75
416.75		4843.75
416.875		4843.75
417		4843.75
417.125		4843.75
417.25		4843.75
417.375		4843.75
417.5		4843.75
417.625		4843.75
417.75		4843.75
417.875		4843.75
418		4843.75
418.125		4843.75
418.25		4843.75
418.375		4843.75
418.5		4843.75
418.625		4843.75
418.75		4843.75
418.875		4843.75
419		4843.75
419.125		4843.75
419.25		4843.75
419.375		4843.75
419.5		4843.75
419.625		4843.75
419.75		4843.75
419.875		4843.75
420		4843.75
420.125		4843.75
420.25		4843.75
420.375		4843.75
420.5		4843.75
420.625		4843.75
420.75		4843.75
420.875		4843.75
421		4843.75
421.125		4843.75
421.25		4843.75
421.375		4843.75
421.5		4843.75
421.625		4843.75
421.75		4843.75
421.875		4843.75
422		4843.75
422.125		4843.75
422.25		4843.75
422.375		4843.75
422.5		4843.75
422.625		4843.75
422.75		4843.75
422.875		4843.75
423		4843.75
423.125		4843.75
423.25		4843.75
423.375		4843.75
423.5		4843.75
423.625		4843.75
423.75		4843.75
423.875		4843.75
424		4843.75
424.125		4843.75
424.25		4843.75
424.375		4843.75
424.5		4843.75
424.625		4843.75
424.75		4843.75
424.875		4843.75
425		4843.75
425.125		4843.75
425.25		4843.75
425.375		4843.75
425.5		4843.75
425.625		4843.75
425.75		4843.75
425.875		4843.75
426		4843.75
426.125		4843.75
426.25		4843.75
426.375		4843.75
426.5		4843.75
426.625		4843.75
426.75		4843.75
426.875		4843.75
427		4843.75
427.125		4843.75
427.25		4843.75
427.375		4843.75
427.5		4843.75
427.625		4843.75
427.75		4843.75
427.875		4843.75
428		4843.75
428.125		4843.75
428.25		4843.75
428.375		4843.75
428.5		4843.75
428.625		4843.75
428.75		4843.75
428.875		4843.75
429		4843.75
429.125		4843.75
429.25		4843.75
429.375		4843.75
429.5		4843.75
429.625		4843.75
429.75		4843.75
429.875		4843.75
430		4843.75
430.125		4843.75
430.25		4843.75
430.375		4843.75
430.5		4843.75
430.625		4843.75
430.75		4843.75
430.875		4843.75
431		4843.75
431.125		4843.75
431.25		4843.75
431.375		4843.75
431.5		4843.75
431.625		4843.75
431.75		4843.75
431.875		4843.75
432		4843.75
432.125		4843.75
432.25		4843.75
432.375		4843.75
432.5		4843.75
432.625		4843.75
432.75		4843.75
432.875		4843.75
433		4843.75
433.125		4843.75
433.25		4843.75
433.375		4843.75
433.5		4843.75
433.625		4843.75
433.75		4843.75
433.875		4843.75
434		4843.75
434.125		4843.75
434.25		4843.75
434.375		4843.75
434.5		4843.75
434.625		4843.75
434.75		4843.75
434.875		4843.75
435		4843.75
435.125		4843.75
435.25		4843.75
435.375		4843.75
435.5		4843.75
435.625		4843.75
435.75		4843.75
435.875		4843.75
436		4843.75
436.125		4843.75
436.25		4843.75
436.375		4843.75
436.5		4843.75
436.625		4843.75
436.75		4843.75
436.875		4843.75
437		4843.75
437.125		4843.75
437.25		4843.75
437.375		4843.75
437.5		4843.75
437.625		4843.75
437.75		4843.75
437.875		4843.75
438		4843.75
438.125		4843.75
438.25		4843.75
438.375		4843.75
438.5		4843.75
438.625		4843.75
438.75		4843.75
438.875		4843.75
439		4843.75
439.125		4843.75
439.25		4843.75
439.375		4843.75
439.5		4843.75
439.625		4843.75
439.75		4843.75
439.875		4843.75
440		4843.75
440.125		4843.75
440.25		4843.75
440.375		4843.75
440.5		4843.75
440.625		4843.75
440.75		4843.75
440.875		4843.75
441		4843.75
441.125		4843.75
441.25		4843.75
441.375		4843.75
441.5		4843.75
441.625		4843.75
441.75		4843.75
441.875		4843.75
442		4843.75
442.125		4843.75
442.25		4843.75
442.375		4843.75
442.5		4843.75
442.625		4843.75
442.75		4843.75
442.875		4843.75
443		4843.75
443.125		4843.75
443.25		4843.75
443.375		4843.75
443.5		4843.75
443.625		4843.75
443.75		4843.75
443.875		4843.75
444		4843.75
444.125		0
444.25		0
444.375		0
444.5		0
444.625		0
444.75		0
444.875		0
445		0
445.125		0
445.25		0
445.375		0
445.5		0
445.625		0
445.75		0
445.875		0
446		0
446.125		0
446.25		0
446.375		0
446.5		0
446.625		0
446.75		0
446.875		0
447		0
447.125		0
447.25		0
447.375		0
447.5		0
447.625		0
447.75		0
447.875		0
448		0
448.125		0
448.25		0
448.375		0
448.5		0
448.625		0
448.75		0
448.875		0
449		0
449.125		0
449.25		0
449.375		0
449.5		0
449.625		0
449.75		0
449.875		0
450		0
450.125		0
450.25		0
450.375		0
450.5		0
450.625		0
450.75		0
450.875		0
451		0
451.125		0
451.25		0
451.375		0
451.5		0
451.625		0
451.75		0
451.875		0
452		0
452.125		0
452.25		0
452.375		0
452.5		0
452.625		0
452.75		0
452.875		0
453		0
453.125		0
453.25		0
453.375		0
453.5		0
453.625		0
453.75		0
453.875		0
454		0
454.125		0
454.25		0
454.375		0
454.5		0
454.625		0
454.75		0
454.875		0
455		0
455.125		0
455.25		0
455.375		0
455.5		0
455.625		0
455.75		0
455.875		0
456		0
456.125		0
456.25		0
456.375		0
456.5		0
456.625		0
456.75		0
456.875		0
457		0
457.125		0
457.25		0
457.375		0
457.5		0
457.625		0
457.75		0
457.875		0
458		0
458.125		0
458.25		0
458.375		0
458.5		0
458.625		0
458.75		0
458.875		0
459		0
459.125		0
459.25		0
459.375		0
459.5		0
459.625		0
459.75		0
459.875		0
460		0
460.125		0
460.25		0
460.375		0
460.5		0
460.625		0
460.75		0
460.875		0
461		0
461.125		0
461.25		0
461.375		0
461.5		0
461.625		0
461.75		0
461.875		0
462		0
462.125		0
462.25		0
462.375		0
462.5		0
462.625		0
462.75		0
462.875		0
463		0
463.125		0
463.25		0
463.375		0
463.5		0
463.625		0
463.75		0
463.875		0
464		0
464.125		0
464.25		0
464.375		0
464.5		0
464.625		0
464.75		0
464.875		0
465		0
465.125		0
465.25		0
465.375		0
465.5		0
465.625		0
465.75		0
465.875		0
466		0
466.125		0
466.25		0
466.375		0
466.5		0
466.625		0
466.75		0
466.875		0
467		0
467.125		0
467.25		0
467.375		0
467.5		0
467.625		0
467.75		0
467.875		0
468		0
468.125		0
468.25		0
468.375		0
468.5		0
468.625		0
468.75		0
468.875		0
469		0
469.125		0
469.25		0
469.375		0
469.5		0
469.625		0
469.75		0
469.875		0
470		0
470.125		0
470.25		0
470.375		0
470.5		0
470.625		0
470.75		0
470.875		0
471		0
471.125		0
471.25		0
471.375		0
471.5		0
471.625		0
471.75		0
471.875		0
472		0
472.125		0
472.25		0
472.375		0
472.5		0
472.625		0
472.75		0
472.875		0
473		0
473.125		0
473.25		0
473.375		0
473.5		0
473.625		0
473.75		0
473.875		0
474		0
474.125		0
474.25		0
474.375		0
474.5		0
474.625		0
474.75		0
474.875		0
475		0
475.125		0
475.25		0
475.375		0
475.5		0
475.625		0
475.75		0
475.875		0
476		0
476.125		0
476.25		0
476.375		0
476.5		0
476.625		0
476.75		0
476.875		0
477		0
477.125		0
477.25		0
477.375		0
477.5		0
477.625		0
477.75		0
477.875		0
478		0
478.125		0
478.25		0
478.375		0
478.5		0
478.625		0
478.75		0
478.875		0
479		0
479.125		0
479.25		0
479.375		0
479.5		0
479.625		0
479.75		0
479.875		0
480		0
480.125		0
480.25		0
480.375		0
480.5		0
480.625		0
480.75		0
480.875		0
481		0
481.125		0
481.25		0
481.375		0
481.5		0
481.625		0
481.75		0
481.875		0
482		0
482.125		0
482.25		0
482.375		0
482.5		0
482.625		0
482.75		0
482.875		0
483		0
483.125		0
483.25		0
483.375		0
483.5		0
483.625		0
483.75		0
483.875		0
484		0
484.125		0
484.25		0
484.375		0
484.5		0
484.625		0
484.75		0
484.875		0
485		0
485.125		0
485.25		0
485.375		0
485.5		0
485.625		0
485.75		0
485.875		0
486		0
486.125		0
486.25		0
486.375		0
486.5		0
486.625		0
486.75		0
486.875		0
487		0
487.125		0
487.25		0
487.375		0
487.5		0
487.625		0
487.75		0
487.875		0
488		0
488.125		0
488.25		0
488.375		0
488.5		0
488.625		0
488.75		0
488.875		0
489		0
489.125		0
489.25		0
489.375		0
489.5		0
489.625		0
489.75		0
489.875		0
490		0
490.125		0
490.25		0
490.375		0
490.5		0
490.625		0
490.75		0
490.875		0
491		0
491.125		0
491.25		0
491.375		0
491.5		0
491.625		0
491.75		0
491.875		0
492		0
492.125		0
492.25		0
492.375		0
492.5		0
492.625		0
492.75		0
492.875		0
493		0
493.125		0
493.25		0
493.375		0
493.5		0
493.625		0
493.75		0
493.875		0
494		0
494.125		0
494.25		0
494.375		0
494.5		0
494.625		0
494.75		0
494.875		0
495		0
495.125		0
495.25		0
495.375		0
495.5		0
495.625		0
495.75		0
495.875		0
496		0
496.125		0
496.25		0
496.375		0
496.5		0
496.625		0
496.75		0
496.875		0
497		0
497.125		0
497.25		0
497.375		0
497.5		0
497.625		0
497.75		0
497.875		0
498		0
498.125		0
498.25		0
498.375		0
498.5		0
498.625		0
498.75		0
498.875		0
499		0
499.125		0
499.25		0
499.375		0
499.5		0
499.625		0
499.75		0
499.875		0
500		0
