# Calibration file of tamex_id 1 @ channel 4
# fine_T bin		 Calibration value
0.125		0
0.25		0
0.375		0
0.5		0
0.625		0
0.75		0
0.875		0
1		0
1.125		0
1.25		0
1.375		0
1.5		0
1.625		0
1.75		0
1.875		0
2		0
2.125		0
2.25		0
2.375		0
2.5		0
2.625		0
2.75		0
2.875		0
3		0
3.125		0
3.25		0
3.375		0
3.5		0
3.625		0
3.75		0
3.875		0
4		0
4.125		0
4.25		0
4.375		0
4.5		0
4.625		0
4.75		0
4.875		0
5		0
5.125		0
5.25		0
5.375		0
5.5		0
5.625		0
5.75		0
5.875		0
6		0
6.125		0
6.25		0
6.375		0
6.5		0
6.625		0
6.75		0
6.875		0
7		0
7.125		0
7.25		0
7.375		0
7.5		0
7.625		0
7.75		0
7.875		0
8		0
8.125		0
8.25		0
8.375		0
8.5		0
8.625		0
8.75		0
8.875		0
9		0
9.125		0
9.25		0
9.375		0
9.5		0
9.625		0
9.75		0
9.875		0
10		0
10.125		0
10.25		0
10.375		0
10.5		0
10.625		0
10.75		0
10.875		0
11		0
11.125		0
11.25		0
11.375		0
11.5		0
11.625		0
11.75		0
11.875		0
12		0
12.125		0
12.25		0
12.375		0
12.5		0
12.625		0
12.75		0
12.875		0
13		0
13.125		0
13.25		0
13.375		0
13.5		0
13.625		0
13.75		0
13.875		0
14		0
14.125		0
14.25		0
14.375		0
14.5		0
14.625		0
14.75		0
14.875		0
15		0
15.125		0
15.25		0
15.375		0
15.5		0
15.625		0
15.75		0
15.875		0
16		0
16.125		0
16.25		0
16.375		0
16.5		0
16.625		0
16.75		0
16.875		0
17		0
17.125		0
17.25		0
17.375		0
17.5		0
17.625		0
17.75		0
17.875		0
18		0
18.125		0
18.25		0
18.375		0
18.5		0
18.625		0
18.75		0
18.875		0
19		0
19.125		0
19.25		0
19.375		0
19.5		0
19.625		0
19.75		0
19.875		0
20		0
20.125		0
20.25		0
20.375		0
20.5		0
20.625		0
20.75		0
20.875		0
21		0
21.125		0
21.25		0
21.375		0
21.5		0
21.625		0
21.75		0
21.875		0
22		0
22.125		0
22.25		0
22.375		0
22.5		0
22.625		0
22.75		0
22.875		0
23		0
23.125		0
23.25		0
23.375		0
23.5		0
23.625		0
23.75		0
23.875		0
24		0
24.125		0
24.25		0
24.375		0
24.5		0
24.625		0
24.75		0
24.875		0
25		0
25.125		0
25.25		0
25.375		0
25.5		0
25.625		0
25.75		0
25.875		0
26		0
26.125		0
26.25		0
26.375		0
26.5		0
26.625		0
26.75		0
26.875		0
27		0
27.125		0
27.25		0
27.375		0
27.5		0
27.625		0
27.75		0
27.875		0
28		0
28.125		0
28.25		0
28.375		0
28.5		0
28.625		0
28.75		0
28.875		0
29		0
29.125		0
29.25		0
29.375		0
29.5		0
29.625		0
29.75		0
29.875		0
30		0
30.125		0
30.25		0
30.375		0
30.5		0
30.625		0
30.75		0
30.875		0
31		0
31.125		0
31.25		0
31.375		0
31.5		0
31.625		0
31.75		0
31.875		0
32		0
32.125		0
32.25		0
32.375		0
32.5		0
32.625		0
32.75		0
32.875		0
33		0
33.125		0
33.25		0
33.375		0
33.5		0
33.625		0
33.75		0
33.875		0
34		0
34.125		0
34.25		0
34.375		0
34.5		0
34.625		0
34.75		0
34.875		0
35		0
35.125		0
35.25		0
35.375		0
35.5		0
35.625		0
35.75		0
35.875		0
36		0
36.125		0
36.25		0
36.375		0
36.5		0
36.625		0
36.75		0
36.875		0
37		0
37.125		0
37.25		0
37.375		0
37.5		0
37.625		0
37.75		0
37.875		0
38		0
38.125		0
38.25		0
38.375		0
38.5		0
38.625		0
38.75		0
38.875		0
39		0
39.125		0
39.25		0
39.375		0
39.5		0
39.625		0
39.75		0
39.875		0
40		0
40.125		0
40.25		0
40.375		0
40.5		0
40.625		0
40.75		0
40.875		0
41		0
41.125		0
41.25		0
41.375		0
41.5		0
41.625		0
41.75		0
41.875		0
42		0
42.125		0
42.25		0
42.375		0
42.5		0
42.625		0
42.75		0
42.875		0
43		0
43.125		0
43.25		0
43.375		0
43.5		0
43.625		0
43.75		0
43.875		0
44		0
44.125		0
44.25		0
44.375		0
44.5		0
44.625		0
44.75		0
44.875		0
45		0
45.125		0
45.25		0
45.375		0
45.5		0
45.625		0
45.75		0
45.875		0
46		0
46.125		0
46.25		0
46.375		0
46.5		0
46.625		0
46.75		0
46.875		0
47		0
47.125		0
47.25		0
47.375		0
47.5		0
47.625		0
47.75		0
47.875		0
48		0
48.125		0
48.25		0
48.375		0
48.5		0
48.625		0
48.75		0
48.875		0
49		0
49.125		0
49.25		0
49.375		0
49.5		0
49.625		0
49.75		0
49.875		0
50		0
50.125		0
50.25		0
50.375		0
50.5		0
50.625		0
50.75		0
50.875		0
51		0
51.125		0
51.25		0
51.375		0
51.5		0
51.625		0
51.75		0
51.875		0
52		0
52.125		0
52.25		0
52.375		0
52.5		0
52.625		0
52.75		0
52.875		0
53		0
53.125		0
53.25		0
53.375		0
53.5		0
53.625		0
53.75		0
53.875		0
54		0
54.125		0
54.25		0
54.375		0
54.5		0
54.625		0
54.75		0
54.875		0
55		0
55.125		0
55.25		0
55.375		0
55.5		0
55.625		0
55.75		0
55.875		0
56		0
56.125		0
56.25		0
56.375		0
56.5		0
56.625		0
56.75		0
56.875		0
57		0
57.125		0
57.25		0
57.375		0
57.5		0
57.625		0
57.75		0
57.875		0
58		0
58.125		0
58.25		0
58.375		0
58.5		0
58.625		0
58.75		0
58.875		0
59		0
59.125		0
59.25		0
59.375		0
59.5		0
59.625		0
59.75		0
59.875		0
60		0
60.125		0
60.25		0
60.375		0
60.5		0
60.625		0
60.75		0
60.875		0
61		0
61.125		0
61.25		0
61.375		0
61.5		0
61.625		0
61.75		0
61.875		0
62		0
62.125		0
62.25		0
62.375		0
62.5		0
62.625		0
62.75		0
62.875		0
63		0
63.125		0
63.25		0
63.375		0
63.5		0
63.625		0
63.75		0
63.875		0
64		0
64.125		0
64.25		0
64.375		0
64.5		0
64.625		0
64.75		0
64.875		0
65		0
65.125		0
65.25		0
65.375		0
65.5		0
65.625		0
65.75		0
65.875		0
66		0
66.125		0
66.25		0
66.375		0
66.5		0
66.625		0
66.75		0
66.875		0
67		0
67.125		0
67.25		0
67.375		0
67.5		0
67.625		0
67.75		0
67.875		0
68		0
68.125		0
68.25		0
68.375		0
68.5		0
68.625		0
68.75		0
68.875		0
69		0
69.125		0
69.25		0
69.375		0
69.5		0
69.625		0
69.75		0
69.875		0
70		0
70.125		0
70.25		0
70.375		0
70.5		0
70.625		0
70.75		0
70.875		0
71		0
71.125		0
71.25		0
71.375		0
71.5		0
71.625		0
71.75		0
71.875		0
72		0
72.125		0
72.25		0
72.375		0
72.5		0
72.625		0
72.75		0
72.875		0
73		0
73.125		0
73.25		0
73.375		0
73.5		0
73.625		0
73.75		0
73.875		0
74		0
74.125		0
74.25		0
74.375		0
74.5		0
74.625		0
74.75		0
74.875		0
75		0
75.125		0
75.25		0
75.375		0
75.5		0
75.625		0
75.75		0
75.875		0
76		0
76.125		0
76.25		0
76.375		0
76.5		0
76.625		0
76.75		0
76.875		0
77		0
77.125		0
77.25		0
77.375		0
77.5		0
77.625		0
77.75		0
77.875		0
78		0
78.125		0
78.25		0
78.375		0
78.5		0
78.625		0
78.75		0
78.875		0
79		0
79.125		0
79.25		0
79.375		0
79.5		0
79.625		0
79.75		0
79.875		0
80		0
80.125		0
80.25		0
80.375		0
80.5		0
80.625		0
80.75		0
80.875		0
81		0
81.125		0
81.25		0
81.375		0
81.5		0
81.625		0
81.75		0
81.875		0
82		0
82.125		0
82.25		0
82.375		0
82.5		0
82.625		0
82.75		0
82.875		0
83		0
83.125		0
83.25		0
83.375		0
83.5		0
83.625		0
83.75		0
83.875		0
84		0
84.125		0
84.25		0
84.375		0
84.5		0
84.625		0
84.75		0
84.875		0
85		0
85.125		0
85.25		0
85.375		0
85.5		0
85.625		0
85.75		0
85.875		0
86		0
86.125		0
86.25		0
86.375		0
86.5		0
86.625		0
86.75		0
86.875		0
87		0
87.125		0
87.25		0
87.375		0
87.5		0
87.625		0
87.75		0
87.875		0
88		0
88.125		1250
88.25		1250
88.375		1250
88.5		1250
88.625		1250
88.75		1250
88.875		1250
89		1250
89.125		1250
89.25		1250
89.375		1250
89.5		1250
89.625		1250
89.75		1250
89.875		1250
90		1250
90.125		1250
90.25		1250
90.375		1250
90.5		1250
90.625		1250
90.75		1250
90.875		1250
91		1250
91.125		1250
91.25		1250
91.375		1250
91.5		1250
91.625		1250
91.75		1250
91.875		1250
92		1250
92.125		1250
92.25		1250
92.375		1250
92.5		1250
92.625		1250
92.75		1250
92.875		1250
93		1250
93.125		1250
93.25		1250
93.375		1250
93.5		1250
93.625		1250
93.75		1250
93.875		1250
94		1250
94.125		1250
94.25		1250
94.375		1250
94.5		1250
94.625		1250
94.75		1250
94.875		1250
95		1250
95.125		1250
95.25		1250
95.375		1250
95.5		1250
95.625		1250
95.75		1250
95.875		1250
96		1250
96.125		1250
96.25		1250
96.375		1250
96.5		1250
96.625		1250
96.75		1250
96.875		1250
97		1250
97.125		1250
97.25		1250
97.375		1250
97.5		1250
97.625		1250
97.75		1250
97.875		1250
98		1250
98.125		1250
98.25		1250
98.375		1250
98.5		1250
98.625		1250
98.75		1250
98.875		1250
99		1250
99.125		1250
99.25		1250
99.375		1250
99.5		1250
99.625		1250
99.75		1250
99.875		1250
100		1250
100.125		1250
100.25		1250
100.375		1250
100.5		1250
100.625		1250
100.75		1250
100.875		1250
101		1250
101.125		1250
101.25		1250
101.375		1250
101.5		1250
101.625		1250
101.75		1250
101.875		1250
102		1250
102.125		1250
102.25		1250
102.375		1250
102.5		1250
102.625		1250
102.75		1250
102.875		1250
103		1250
103.125		1250
103.25		1250
103.375		1250
103.5		1250
103.625		1250
103.75		1250
103.875		1250
104		1250
104.125		1250
104.25		1250
104.375		1250
104.5		1250
104.625		1250
104.75		1250
104.875		1250
105		1250
105.125		1250
105.25		1250
105.375		1250
105.5		1250
105.625		1250
105.75		1250
105.875		1250
106		1250
106.125		1250
106.25		1250
106.375		1250
106.5		1250
106.625		1250
106.75		1250
106.875		1250
107		1250
107.125		1250
107.25		1250
107.375		1250
107.5		1250
107.625		1250
107.75		1250
107.875		1250
108		1250
108.125		1250
108.25		1250
108.375		1250
108.5		1250
108.625		1250
108.75		1250
108.875		1250
109		1250
109.125		1250
109.25		1250
109.375		1250
109.5		1250
109.625		1250
109.75		1250
109.875		1250
110		1250
110.125		1250
110.25		1250
110.375		1250
110.5		1250
110.625		1250
110.75		1250
110.875		1250
111		1250
111.125		1250
111.25		1250
111.375		1250
111.5		1250
111.625		1250
111.75		1250
111.875		1250
112		1250
112.125		1250
112.25		1250
112.375		1250
112.5		1250
112.625		1250
112.75		1250
112.875		1250
113		1250
113.125		1250
113.25		1250
113.375		1250
113.5		1250
113.625		1250
113.75		1250
113.875		1250
114		1250
114.125		1250
114.25		1250
114.375		1250
114.5		1250
114.625		1250
114.75		1250
114.875		1250
115		1250
115.125		1250
115.25		1250
115.375		1250
115.5		1250
115.625		1250
115.75		1250
115.875		1250
116		1250
116.125		1250
116.25		1250
116.375		1250
116.5		1250
116.625		1250
116.75		1250
116.875		1250
117		1250
117.125		1250
117.25		1250
117.375		1250
117.5		1250
117.625		1250
117.75		1250
117.875		1250
118		1250
118.125		1250
118.25		1250
118.375		1250
118.5		1250
118.625		1250
118.75		1250
118.875		1250
119		1250
119.125		1250
119.25		1250
119.375		1250
119.5		1250
119.625		1250
119.75		1250
119.875		1250
120		1250
120.125		1250
120.25		1250
120.375		1250
120.5		1250
120.625		1250
120.75		1250
120.875		1250
121		1250
121.125		1250
121.25		1250
121.375		1250
121.5		1250
121.625		1250
121.75		1250
121.875		1250
122		1250
122.125		1250
122.25		1250
122.375		1250
122.5		1250
122.625		1250
122.75		1250
122.875		1250
123		1250
123.125		1250
123.25		1250
123.375		1250
123.5		1250
123.625		1250
123.75		1250
123.875		1250
124		1250
124.125		1250
124.25		1250
124.375		1250
124.5		1250
124.625		1250
124.75		1250
124.875		1250
125		1250
125.125		1250
125.25		1250
125.375		1250
125.5		1250
125.625		1250
125.75		1250
125.875		1250
126		1250
126.125		1250
126.25		1250
126.375		1250
126.5		1250
126.625		1250
126.75		1250
126.875		1250
127		1250
127.125		1250
127.25		1250
127.375		1250
127.5		1250
127.625		1250
127.75		1250
127.875		1250
128		1250
128.125		1250
128.25		1250
128.375		1250
128.5		1250
128.625		1250
128.75		1250
128.875		1250
129		1250
129.125		1250
129.25		1250
129.375		1250
129.5		1250
129.625		1250
129.75		1250
129.875		1250
130		1250
130.125		1250
130.25		1250
130.375		1250
130.5		1250
130.625		1250
130.75		1250
130.875		1250
131		1250
131.125		1250
131.25		1250
131.375		1250
131.5		1250
131.625		1250
131.75		1250
131.875		1250
132		1250
132.125		1250
132.25		1250
132.375		1250
132.5		1250
132.625		1250
132.75		1250
132.875		1250
133		1250
133.125		1250
133.25		1250
133.375		1250
133.5		1250
133.625		1250
133.75		1250
133.875		1250
134		1250
134.125		1250
134.25		1250
134.375		1250
134.5		1250
134.625		1250
134.75		1250
134.875		1250
135		1250
135.125		1250
135.25		1250
135.375		1250
135.5		1250
135.625		1250
135.75		1250
135.875		1250
136		1250
136.125		2500
136.25		2500
136.375		2500
136.5		2500
136.625		2500
136.75		2500
136.875		2500
137		2500
137.125		2500
137.25		2500
137.375		2500
137.5		2500
137.625		2500
137.75		2500
137.875		2500
138		2500
138.125		2500
138.25		2500
138.375		2500
138.5		2500
138.625		2500
138.75		2500
138.875		2500
139		2500
139.125		2500
139.25		2500
139.375		2500
139.5		2500
139.625		2500
139.75		2500
139.875		2500
140		2500
140.125		2500
140.25		2500
140.375		2500
140.5		2500
140.625		2500
140.75		2500
140.875		2500
141		2500
141.125		3750
141.25		3750
141.375		3750
141.5		3750
141.625		3750
141.75		3750
141.875		3750
142		3750
142.125		3750
142.25		3750
142.375		3750
142.5		3750
142.625		3750
142.75		3750
142.875		3750
143		3750
143.125		3750
143.25		3750
143.375		3750
143.5		3750
143.625		3750
143.75		3750
143.875		3750
144		3750
144.125		3750
144.25		3750
144.375		3750
144.5		3750
144.625		3750
144.75		3750
144.875		3750
145		3750
145.125		3750
145.25		3750
145.375		3750
145.5		3750
145.625		3750
145.75		3750
145.875		3750
146		3750
146.125		3750
146.25		3750
146.375		3750
146.5		3750
146.625		3750
146.75		3750
146.875		3750
147		3750
147.125		3750
147.25		3750
147.375		3750
147.5		3750
147.625		3750
147.75		3750
147.875		3750
148		3750
148.125		3750
148.25		3750
148.375		3750
148.5		3750
148.625		3750
148.75		3750
148.875		3750
149		3750
149.125		3750
149.25		3750
149.375		3750
149.5		3750
149.625		3750
149.75		3750
149.875		3750
150		3750
150.125		3750
150.25		3750
150.375		3750
150.5		3750
150.625		3750
150.75		3750
150.875		3750
151		3750
151.125		3750
151.25		3750
151.375		3750
151.5		3750
151.625		3750
151.75		3750
151.875		3750
152		3750
152.125		3750
152.25		3750
152.375		3750
152.5		3750
152.625		3750
152.75		3750
152.875		3750
153		3750
153.125		3750
153.25		3750
153.375		3750
153.5		3750
153.625		3750
153.75		3750
153.875		3750
154		3750
154.125		3750
154.25		3750
154.375		3750
154.5		3750
154.625		3750
154.75		3750
154.875		3750
155		3750
155.125		3750
155.25		3750
155.375		3750
155.5		3750
155.625		3750
155.75		3750
155.875		3750
156		3750
156.125		3750
156.25		3750
156.375		3750
156.5		3750
156.625		3750
156.75		3750
156.875		3750
157		3750
157.125		3750
157.25		3750
157.375		3750
157.5		3750
157.625		3750
157.75		3750
157.875		3750
158		3750
158.125		3750
158.25		3750
158.375		3750
158.5		3750
158.625		3750
158.75		3750
158.875		3750
159		3750
159.125		3750
159.25		3750
159.375		3750
159.5		3750
159.625		3750
159.75		3750
159.875		3750
160		3750
160.125		3750
160.25		3750
160.375		3750
160.5		3750
160.625		3750
160.75		3750
160.875		3750
161		3750
161.125		3750
161.25		3750
161.375		3750
161.5		3750
161.625		3750
161.75		3750
161.875		3750
162		3750
162.125		3750
162.25		3750
162.375		3750
162.5		3750
162.625		3750
162.75		3750
162.875		3750
163		3750
163.125		3750
163.25		3750
163.375		3750
163.5		3750
163.625		3750
163.75		3750
163.875		3750
164		3750
164.125		3750
164.25		3750
164.375		3750
164.5		3750
164.625		3750
164.75		3750
164.875		3750
165		3750
165.125		3750
165.25		3750
165.375		3750
165.5		3750
165.625		3750
165.75		3750
165.875		3750
166		3750
166.125		3750
166.25		3750
166.375		3750
166.5		3750
166.625		3750
166.75		3750
166.875		3750
167		3750
167.125		3750
167.25		3750
167.375		3750
167.5		3750
167.625		3750
167.75		3750
167.875		3750
168		3750
168.125		3750
168.25		3750
168.375		3750
168.5		3750
168.625		3750
168.75		3750
168.875		3750
169		3750
169.125		3750
169.25		3750
169.375		3750
169.5		3750
169.625		3750
169.75		3750
169.875		3750
170		3750
170.125		3750
170.25		3750
170.375		3750
170.5		3750
170.625		3750
170.75		3750
170.875		3750
171		3750
171.125		3750
171.25		3750
171.375		3750
171.5		3750
171.625		3750
171.75		3750
171.875		3750
172		3750
172.125		3750
172.25		3750
172.375		3750
172.5		3750
172.625		3750
172.75		3750
172.875		3750
173		3750
173.125		3750
173.25		3750
173.375		3750
173.5		3750
173.625		3750
173.75		3750
173.875		3750
174		3750
174.125		3750
174.25		3750
174.375		3750
174.5		3750
174.625		3750
174.75		3750
174.875		3750
175		3750
175.125		3750
175.25		3750
175.375		3750
175.5		3750
175.625		3750
175.75		3750
175.875		3750
176		3750
176.125		3750
176.25		3750
176.375		3750
176.5		3750
176.625		3750
176.75		3750
176.875		3750
177		3750
177.125		3750
177.25		3750
177.375		3750
177.5		3750
177.625		3750
177.75		3750
177.875		3750
178		3750
178.125		3750
178.25		3750
178.375		3750
178.5		3750
178.625		3750
178.75		3750
178.875		3750
179		3750
179.125		3750
179.25		3750
179.375		3750
179.5		3750
179.625		3750
179.75		3750
179.875		3750
180		3750
180.125		3750
180.25		3750
180.375		3750
180.5		3750
180.625		3750
180.75		3750
180.875		3750
181		3750
181.125		3750
181.25		3750
181.375		3750
181.5		3750
181.625		3750
181.75		3750
181.875		3750
182		3750
182.125		3750
182.25		3750
182.375		3750
182.5		3750
182.625		3750
182.75		3750
182.875		3750
183		3750
183.125		3750
183.25		3750
183.375		3750
183.5		3750
183.625		3750
183.75		3750
183.875		3750
184		3750
184.125		3750
184.25		3750
184.375		3750
184.5		3750
184.625		3750
184.75		3750
184.875		3750
185		3750
185.125		3750
185.25		3750
185.375		3750
185.5		3750
185.625		3750
185.75		3750
185.875		3750
186		3750
186.125		3750
186.25		3750
186.375		3750
186.5		3750
186.625		3750
186.75		3750
186.875		3750
187		3750
187.125		3750
187.25		3750
187.375		3750
187.5		3750
187.625		3750
187.75		3750
187.875		3750
188		3750
188.125		3750
188.25		3750
188.375		3750
188.5		3750
188.625		3750
188.75		3750
188.875		3750
189		3750
189.125		3750
189.25		3750
189.375		3750
189.5		3750
189.625		3750
189.75		3750
189.875		3750
190		3750
190.125		3750
190.25		3750
190.375		3750
190.5		3750
190.625		3750
190.75		3750
190.875		3750
191		3750
191.125		3750
191.25		3750
191.375		3750
191.5		3750
191.625		3750
191.75		3750
191.875		3750
192		3750
192.125		3750
192.25		3750
192.375		3750
192.5		3750
192.625		3750
192.75		3750
192.875		3750
193		3750
193.125		3750
193.25		3750
193.375		3750
193.5		3750
193.625		3750
193.75		3750
193.875		3750
194		3750
194.125		3750
194.25		3750
194.375		3750
194.5		3750
194.625		3750
194.75		3750
194.875		3750
195		3750
195.125		3750
195.25		3750
195.375		3750
195.5		3750
195.625		3750
195.75		3750
195.875		3750
196		3750
196.125		3750
196.25		3750
196.375		3750
196.5		3750
196.625		3750
196.75		3750
196.875		3750
197		3750
197.125		3750
197.25		3750
197.375		3750
197.5		3750
197.625		3750
197.75		3750
197.875		3750
198		3750
198.125		3750
198.25		3750
198.375		3750
198.5		3750
198.625		3750
198.75		3750
198.875		3750
199		3750
199.125		3750
199.25		3750
199.375		3750
199.5		3750
199.625		3750
199.75		3750
199.875		3750
200		3750
200.125		3750
200.25		3750
200.375		3750
200.5		3750
200.625		3750
200.75		3750
200.875		3750
201		3750
201.125		3750
201.25		3750
201.375		3750
201.5		3750
201.625		3750
201.75		3750
201.875		3750
202		3750
202.125		3750
202.25		3750
202.375		3750
202.5		3750
202.625		3750
202.75		3750
202.875		3750
203		3750
203.125		3750
203.25		3750
203.375		3750
203.5		3750
203.625		3750
203.75		3750
203.875		3750
204		3750
204.125		3750
204.25		3750
204.375		3750
204.5		3750
204.625		3750
204.75		3750
204.875		3750
205		3750
205.125		3750
205.25		3750
205.375		3750
205.5		3750
205.625		3750
205.75		3750
205.875		3750
206		3750
206.125		3750
206.25		3750
206.375		3750
206.5		3750
206.625		3750
206.75		3750
206.875		3750
207		3750
207.125		3750
207.25		3750
207.375		3750
207.5		3750
207.625		3750
207.75		3750
207.875		3750
208		3750
208.125		3750
208.25		3750
208.375		3750
208.5		3750
208.625		3750
208.75		3750
208.875		3750
209		3750
209.125		3750
209.25		3750
209.375		3750
209.5		3750
209.625		3750
209.75		3750
209.875		3750
210		3750
210.125		3750
210.25		3750
210.375		3750
210.5		3750
210.625		3750
210.75		3750
210.875		3750
211		3750
211.125		3750
211.25		3750
211.375		3750
211.5		3750
211.625		3750
211.75		3750
211.875		3750
212		3750
212.125		3750
212.25		3750
212.375		3750
212.5		3750
212.625		3750
212.75		3750
212.875		3750
213		3750
213.125		3750
213.25		3750
213.375		3750
213.5		3750
213.625		3750
213.75		3750
213.875		3750
214		3750
214.125		3750
214.25		3750
214.375		3750
214.5		3750
214.625		3750
214.75		3750
214.875		3750
215		3750
215.125		3750
215.25		3750
215.375		3750
215.5		3750
215.625		3750
215.75		3750
215.875		3750
216		3750
216.125		3750
216.25		3750
216.375		3750
216.5		3750
216.625		3750
216.75		3750
216.875		3750
217		3750
217.125		3750
217.25		3750
217.375		3750
217.5		3750
217.625		3750
217.75		3750
217.875		3750
218		3750
218.125		3750
218.25		3750
218.375		3750
218.5		3750
218.625		3750
218.75		3750
218.875		3750
219		3750
219.125		3750
219.25		3750
219.375		3750
219.5		3750
219.625		3750
219.75		3750
219.875		3750
220		3750
220.125		3750
220.25		3750
220.375		3750
220.5		3750
220.625		3750
220.75		3750
220.875		3750
221		3750
221.125		3750
221.25		3750
221.375		3750
221.5		3750
221.625		3750
221.75		3750
221.875		3750
222		3750
222.125		3750
222.25		3750
222.375		3750
222.5		3750
222.625		3750
222.75		3750
222.875		3750
223		3750
223.125		3750
223.25		3750
223.375		3750
223.5		3750
223.625		3750
223.75		3750
223.875		3750
224		3750
224.125		3750
224.25		3750
224.375		3750
224.5		3750
224.625		3750
224.75		3750
224.875		3750
225		3750
225.125		3750
225.25		3750
225.375		3750
225.5		3750
225.625		3750
225.75		3750
225.875		3750
226		3750
226.125		3750
226.25		3750
226.375		3750
226.5		3750
226.625		3750
226.75		3750
226.875		3750
227		3750
227.125		3750
227.25		3750
227.375		3750
227.5		3750
227.625		3750
227.75		3750
227.875		3750
228		3750
228.125		3750
228.25		3750
228.375		3750
228.5		3750
228.625		3750
228.75		3750
228.875		3750
229		3750
229.125		3750
229.25		3750
229.375		3750
229.5		3750
229.625		3750
229.75		3750
229.875		3750
230		3750
230.125		3750
230.25		3750
230.375		3750
230.5		3750
230.625		3750
230.75		3750
230.875		3750
231		3750
231.125		3750
231.25		3750
231.375		3750
231.5		3750
231.625		3750
231.75		3750
231.875		3750
232		3750
232.125		3750
232.25		3750
232.375		3750
232.5		3750
232.625		3750
232.75		3750
232.875		3750
233		3750
233.125		3750
233.25		3750
233.375		3750
233.5		3750
233.625		3750
233.75		3750
233.875		3750
234		3750
234.125		3750
234.25		3750
234.375		3750
234.5		3750
234.625		3750
234.75		3750
234.875		3750
235		3750
235.125		3750
235.25		3750
235.375		3750
235.5		3750
235.625		3750
235.75		3750
235.875		3750
236		3750
236.125		3750
236.25		3750
236.375		3750
236.5		3750
236.625		3750
236.75		3750
236.875		3750
237		3750
237.125		3750
237.25		3750
237.375		3750
237.5		3750
237.625		3750
237.75		3750
237.875		3750
238		3750
238.125		3750
238.25		3750
238.375		3750
238.5		3750
238.625		3750
238.75		3750
238.875		3750
239		3750
239.125		3750
239.25		3750
239.375		3750
239.5		3750
239.625		3750
239.75		3750
239.875		3750
240		3750
240.125		3750
240.25		3750
240.375		3750
240.5		3750
240.625		3750
240.75		3750
240.875		3750
241		3750
241.125		3750
241.25		3750
241.375		3750
241.5		3750
241.625		3750
241.75		3750
241.875		3750
242		3750
242.125		3750
242.25		3750
242.375		3750
242.5		3750
242.625		3750
242.75		3750
242.875		3750
243		3750
243.125		3750
243.25		3750
243.375		3750
243.5		3750
243.625		3750
243.75		3750
243.875		3750
244		3750
244.125		3750
244.25		3750
244.375		3750
244.5		3750
244.625		3750
244.75		3750
244.875		3750
245		3750
245.125		3750
245.25		3750
245.375		3750
245.5		3750
245.625		3750
245.75		3750
245.875		3750
246		3750
246.125		3750
246.25		3750
246.375		3750
246.5		3750
246.625		3750
246.75		3750
246.875		3750
247		3750
247.125		3750
247.25		3750
247.375		3750
247.5		3750
247.625		3750
247.75		3750
247.875		3750
248		3750
248.125		3750
248.25		3750
248.375		3750
248.5		3750
248.625		3750
248.75		3750
248.875		3750
249		3750
249.125		3750
249.25		3750
249.375		3750
249.5		3750
249.625		3750
249.75		3750
249.875		3750
250		3750
250.125		3750
250.25		3750
250.375		3750
250.5		3750
250.625		3750
250.75		3750
250.875		3750
251		3750
251.125		3750
251.25		3750
251.375		3750
251.5		3750
251.625		3750
251.75		3750
251.875		3750
252		3750
252.125		3750
252.25		3750
252.375		3750
252.5		3750
252.625		3750
252.75		3750
252.875		3750
253		3750
253.125		3750
253.25		3750
253.375		3750
253.5		3750
253.625		3750
253.75		3750
253.875		3750
254		3750
254.125		3750
254.25		3750
254.375		3750
254.5		3750
254.625		3750
254.75		3750
254.875		3750
255		3750
255.125		3750
255.25		3750
255.375		3750
255.5		3750
255.625		3750
255.75		3750
255.875		3750
256		3750
256.125		3750
256.25		3750
256.375		3750
256.5		3750
256.625		3750
256.75		3750
256.875		3750
257		3750
257.125		3750
257.25		3750
257.375		3750
257.5		3750
257.625		3750
257.75		3750
257.875		3750
258		3750
258.125		3750
258.25		3750
258.375		3750
258.5		3750
258.625		3750
258.75		3750
258.875		3750
259		3750
259.125		3750
259.25		3750
259.375		3750
259.5		3750
259.625		3750
259.75		3750
259.875		3750
260		3750
260.125		3750
260.25		3750
260.375		3750
260.5		3750
260.625		3750
260.75		3750
260.875		3750
261		3750
261.125		3750
261.25		3750
261.375		3750
261.5		3750
261.625		3750
261.75		3750
261.875		3750
262		3750
262.125		3750
262.25		3750
262.375		3750
262.5		3750
262.625		3750
262.75		3750
262.875		3750
263		3750
263.125		3750
263.25		3750
263.375		3750
263.5		3750
263.625		3750
263.75		3750
263.875		3750
264		3750
264.125		3750
264.25		3750
264.375		3750
264.5		3750
264.625		3750
264.75		3750
264.875		3750
265		3750
265.125		3750
265.25		3750
265.375		3750
265.5		3750
265.625		3750
265.75		3750
265.875		3750
266		3750
266.125		3750
266.25		3750
266.375		3750
266.5		3750
266.625		3750
266.75		3750
266.875		3750
267		3750
267.125		3750
267.25		3750
267.375		3750
267.5		3750
267.625		3750
267.75		3750
267.875		3750
268		3750
268.125		3750
268.25		3750
268.375		3750
268.5		3750
268.625		3750
268.75		3750
268.875		3750
269		3750
269.125		3750
269.25		3750
269.375		3750
269.5		3750
269.625		3750
269.75		3750
269.875		3750
270		3750
270.125		3750
270.25		3750
270.375		3750
270.5		3750
270.625		3750
270.75		3750
270.875		3750
271		3750
271.125		3750
271.25		3750
271.375		3750
271.5		3750
271.625		3750
271.75		3750
271.875		3750
272		3750
272.125		3750
272.25		3750
272.375		3750
272.5		3750
272.625		3750
272.75		3750
272.875		3750
273		3750
273.125		3750
273.25		3750
273.375		3750
273.5		3750
273.625		3750
273.75		3750
273.875		3750
274		3750
274.125		3750
274.25		3750
274.375		3750
274.5		3750
274.625		3750
274.75		3750
274.875		3750
275		3750
275.125		3750
275.25		3750
275.375		3750
275.5		3750
275.625		3750
275.75		3750
275.875		3750
276		3750
276.125		3750
276.25		3750
276.375		3750
276.5		3750
276.625		3750
276.75		3750
276.875		3750
277		3750
277.125		3750
277.25		3750
277.375		3750
277.5		3750
277.625		3750
277.75		3750
277.875		3750
278		3750
278.125		3750
278.25		3750
278.375		3750
278.5		3750
278.625		3750
278.75		3750
278.875		3750
279		3750
279.125		3750
279.25		3750
279.375		3750
279.5		3750
279.625		3750
279.75		3750
279.875		3750
280		3750
280.125		3750
280.25		3750
280.375		3750
280.5		3750
280.625		3750
280.75		3750
280.875		3750
281		3750
281.125		3750
281.25		3750
281.375		3750
281.5		3750
281.625		3750
281.75		3750
281.875		3750
282		3750
282.125		3750
282.25		3750
282.375		3750
282.5		3750
282.625		3750
282.75		3750
282.875		3750
283		3750
283.125		3750
283.25		3750
283.375		3750
283.5		3750
283.625		3750
283.75		3750
283.875		3750
284		3750
284.125		3750
284.25		3750
284.375		3750
284.5		3750
284.625		3750
284.75		3750
284.875		3750
285		3750
285.125		3750
285.25		3750
285.375		3750
285.5		3750
285.625		3750
285.75		3750
285.875		3750
286		3750
286.125		3750
286.25		3750
286.375		3750
286.5		3750
286.625		3750
286.75		3750
286.875		3750
287		3750
287.125		3750
287.25		3750
287.375		3750
287.5		3750
287.625		3750
287.75		3750
287.875		3750
288		3750
288.125		3750
288.25		3750
288.375		3750
288.5		3750
288.625		3750
288.75		3750
288.875		3750
289		3750
289.125		3750
289.25		3750
289.375		3750
289.5		3750
289.625		3750
289.75		3750
289.875		3750
290		3750
290.125		3750
290.25		3750
290.375		3750
290.5		3750
290.625		3750
290.75		3750
290.875		3750
291		3750
291.125		3750
291.25		3750
291.375		3750
291.5		3750
291.625		3750
291.75		3750
291.875		3750
292		3750
292.125		3750
292.25		3750
292.375		3750
292.5		3750
292.625		3750
292.75		3750
292.875		3750
293		3750
293.125		3750
293.25		3750
293.375		3750
293.5		3750
293.625		3750
293.75		3750
293.875		3750
294		3750
294.125		3750
294.25		3750
294.375		3750
294.5		3750
294.625		3750
294.75		3750
294.875		3750
295		3750
295.125		3750
295.25		3750
295.375		3750
295.5		3750
295.625		3750
295.75		3750
295.875		3750
296		3750
296.125		3750
296.25		3750
296.375		3750
296.5		3750
296.625		3750
296.75		3750
296.875		3750
297		3750
297.125		3750
297.25		3750
297.375		3750
297.5		3750
297.625		3750
297.75		3750
297.875		3750
298		3750
298.125		3750
298.25		3750
298.375		3750
298.5		3750
298.625		3750
298.75		3750
298.875		3750
299		3750
299.125		3750
299.25		3750
299.375		3750
299.5		3750
299.625		3750
299.75		3750
299.875		3750
300		3750
300.125		3750
300.25		3750
300.375		3750
300.5		3750
300.625		3750
300.75		3750
300.875		3750
301		3750
301.125		3750
301.25		3750
301.375		3750
301.5		3750
301.625		3750
301.75		3750
301.875		3750
302		3750
302.125		3750
302.25		3750
302.375		3750
302.5		3750
302.625		3750
302.75		3750
302.875		3750
303		3750
303.125		3750
303.25		3750
303.375		3750
303.5		3750
303.625		3750
303.75		3750
303.875		3750
304		3750
304.125		3750
304.25		3750
304.375		3750
304.5		3750
304.625		3750
304.75		3750
304.875		3750
305		3750
305.125		3750
305.25		3750
305.375		3750
305.5		3750
305.625		3750
305.75		3750
305.875		3750
306		3750
306.125		3750
306.25		3750
306.375		3750
306.5		3750
306.625		3750
306.75		3750
306.875		3750
307		3750
307.125		3750
307.25		3750
307.375		3750
307.5		3750
307.625		3750
307.75		3750
307.875		3750
308		3750
308.125		3750
308.25		3750
308.375		3750
308.5		3750
308.625		3750
308.75		3750
308.875		3750
309		3750
309.125		3750
309.25		3750
309.375		3750
309.5		3750
309.625		3750
309.75		3750
309.875		3750
310		3750
310.125		3750
310.25		3750
310.375		3750
310.5		3750
310.625		3750
310.75		3750
310.875		3750
311		3750
311.125		3750
311.25		3750
311.375		3750
311.5		3750
311.625		3750
311.75		3750
311.875		3750
312		3750
312.125		3750
312.25		3750
312.375		3750
312.5		3750
312.625		3750
312.75		3750
312.875		3750
313		3750
313.125		3750
313.25		3750
313.375		3750
313.5		3750
313.625		3750
313.75		3750
313.875		3750
314		3750
314.125		3750
314.25		3750
314.375		3750
314.5		3750
314.625		3750
314.75		3750
314.875		3750
315		3750
315.125		3750
315.25		3750
315.375		3750
315.5		3750
315.625		3750
315.75		3750
315.875		3750
316		3750
316.125		3750
316.25		3750
316.375		3750
316.5		3750
316.625		3750
316.75		3750
316.875		3750
317		3750
317.125		3750
317.25		3750
317.375		3750
317.5		3750
317.625		3750
317.75		3750
317.875		3750
318		3750
318.125		3750
318.25		3750
318.375		3750
318.5		3750
318.625		3750
318.75		3750
318.875		3750
319		3750
319.125		3750
319.25		3750
319.375		3750
319.5		3750
319.625		3750
319.75		3750
319.875		3750
320		3750
320.125		3750
320.25		3750
320.375		3750
320.5		3750
320.625		3750
320.75		3750
320.875		3750
321		3750
321.125		3750
321.25		3750
321.375		3750
321.5		3750
321.625		3750
321.75		3750
321.875		3750
322		3750
322.125		3750
322.25		3750
322.375		3750
322.5		3750
322.625		3750
322.75		3750
322.875		3750
323		3750
323.125		3750
323.25		3750
323.375		3750
323.5		3750
323.625		3750
323.75		3750
323.875		3750
324		3750
324.125		3750
324.25		3750
324.375		3750
324.5		3750
324.625		3750
324.75		3750
324.875		3750
325		3750
325.125		3750
325.25		3750
325.375		3750
325.5		3750
325.625		3750
325.75		3750
325.875		3750
326		3750
326.125		3750
326.25		3750
326.375		3750
326.5		3750
326.625		3750
326.75		3750
326.875		3750
327		3750
327.125		3750
327.25		3750
327.375		3750
327.5		3750
327.625		3750
327.75		3750
327.875		3750
328		3750
328.125		3750
328.25		3750
328.375		3750
328.5		3750
328.625		3750
328.75		3750
328.875		3750
329		3750
329.125		3750
329.25		3750
329.375		3750
329.5		3750
329.625		3750
329.75		3750
329.875		3750
330		3750
330.125		3750
330.25		3750
330.375		3750
330.5		3750
330.625		3750
330.75		3750
330.875		3750
331		3750
331.125		3750
331.25		3750
331.375		3750
331.5		3750
331.625		3750
331.75		3750
331.875		3750
332		3750
332.125		3750
332.25		3750
332.375		3750
332.5		3750
332.625		3750
332.75		3750
332.875		3750
333		3750
333.125		3750
333.25		3750
333.375		3750
333.5		3750
333.625		3750
333.75		3750
333.875		3750
334		3750
334.125		3750
334.25		3750
334.375		3750
334.5		3750
334.625		3750
334.75		3750
334.875		3750
335		3750
335.125		3750
335.25		3750
335.375		3750
335.5		3750
335.625		3750
335.75		3750
335.875		3750
336		3750
336.125		3750
336.25		3750
336.375		3750
336.5		3750
336.625		3750
336.75		3750
336.875		3750
337		3750
337.125		3750
337.25		3750
337.375		3750
337.5		3750
337.625		3750
337.75		3750
337.875		3750
338		3750
338.125		3750
338.25		3750
338.375		3750
338.5		3750
338.625		3750
338.75		3750
338.875		3750
339		3750
339.125		3750
339.25		3750
339.375		3750
339.5		3750
339.625		3750
339.75		3750
339.875		3750
340		3750
340.125		3750
340.25		3750
340.375		3750
340.5		3750
340.625		3750
340.75		3750
340.875		3750
341		3750
341.125		3750
341.25		3750
341.375		3750
341.5		3750
341.625		3750
341.75		3750
341.875		3750
342		3750
342.125		3750
342.25		3750
342.375		3750
342.5		3750
342.625		3750
342.75		3750
342.875		3750
343		3750
343.125		3750
343.25		3750
343.375		3750
343.5		3750
343.625		3750
343.75		3750
343.875		3750
344		3750
344.125		0
344.25		0
344.375		0
344.5		0
344.625		0
344.75		0
344.875		0
345		0
345.125		0
345.25		0
345.375		0
345.5		0
345.625		0
345.75		0
345.875		0
346		0
346.125		0
346.25		0
346.375		0
346.5		0
346.625		0
346.75		0
346.875		0
347		0
347.125		0
347.25		0
347.375		0
347.5		0
347.625		0
347.75		0
347.875		0
348		0
348.125		0
348.25		0
348.375		0
348.5		0
348.625		0
348.75		0
348.875		0
349		0
349.125		0
349.25		0
349.375		0
349.5		0
349.625		0
349.75		0
349.875		0
350		0
350.125		0
350.25		0
350.375		0
350.5		0
350.625		0
350.75		0
350.875		0
351		0
351.125		0
351.25		0
351.375		0
351.5		0
351.625		0
351.75		0
351.875		0
352		0
352.125		0
352.25		0
352.375		0
352.5		0
352.625		0
352.75		0
352.875		0
353		0
353.125		0
353.25		0
353.375		0
353.5		0
353.625		0
353.75		0
353.875		0
354		0
354.125		0
354.25		0
354.375		0
354.5		0
354.625		0
354.75		0
354.875		0
355		0
355.125		0
355.25		0
355.375		0
355.5		0
355.625		0
355.75		0
355.875		0
356		0
356.125		0
356.25		0
356.375		0
356.5		0
356.625		0
356.75		0
356.875		0
357		0
357.125		0
357.25		0
357.375		0
357.5		0
357.625		0
357.75		0
357.875		0
358		0
358.125		0
358.25		0
358.375		0
358.5		0
358.625		0
358.75		0
358.875		0
359		0
359.125		0
359.25		0
359.375		0
359.5		0
359.625		0
359.75		0
359.875		0
360		0
360.125		0
360.25		0
360.375		0
360.5		0
360.625		0
360.75		0
360.875		0
361		0
361.125		0
361.25		0
361.375		0
361.5		0
361.625		0
361.75		0
361.875		0
362		0
362.125		0
362.25		0
362.375		0
362.5		0
362.625		0
362.75		0
362.875		0
363		0
363.125		0
363.25		0
363.375		0
363.5		0
363.625		0
363.75		0
363.875		0
364		0
364.125		0
364.25		0
364.375		0
364.5		0
364.625		0
364.75		0
364.875		0
365		0
365.125		0
365.25		0
365.375		0
365.5		0
365.625		0
365.75		0
365.875		0
366		0
366.125		0
366.25		0
366.375		0
366.5		0
366.625		0
366.75		0
366.875		0
367		0
367.125		0
367.25		0
367.375		0
367.5		0
367.625		0
367.75		0
367.875		0
368		0
368.125		0
368.25		0
368.375		0
368.5		0
368.625		0
368.75		0
368.875		0
369		0
369.125		0
369.25		0
369.375		0
369.5		0
369.625		0
369.75		0
369.875		0
370		0
370.125		0
370.25		0
370.375		0
370.5		0
370.625		0
370.75		0
370.875		0
371		0
371.125		0
371.25		0
371.375		0
371.5		0
371.625		0
371.75		0
371.875		0
372		0
372.125		0
372.25		0
372.375		0
372.5		0
372.625		0
372.75		0
372.875		0
373		0
373.125		0
373.25		0
373.375		0
373.5		0
373.625		0
373.75		0
373.875		0
374		0
374.125		0
374.25		0
374.375		0
374.5		0
374.625		0
374.75		0
374.875		0
375		0
375.125		0
375.25		0
375.375		0
375.5		0
375.625		0
375.75		0
375.875		0
376		0
376.125		0
376.25		0
376.375		0
376.5		0
376.625		0
376.75		0
376.875		0
377		0
377.125		0
377.25		0
377.375		0
377.5		0
377.625		0
377.75		0
377.875		0
378		0
378.125		0
378.25		0
378.375		0
378.5		0
378.625		0
378.75		0
378.875		0
379		0
379.125		0
379.25		0
379.375		0
379.5		0
379.625		0
379.75		0
379.875		0
380		0
380.125		0
380.25		0
380.375		0
380.5		0
380.625		0
380.75		0
380.875		0
381		0
381.125		0
381.25		0
381.375		0
381.5		0
381.625		0
381.75		0
381.875		0
382		0
382.125		0
382.25		0
382.375		0
382.5		0
382.625		0
382.75		0
382.875		0
383		0
383.125		0
383.25		0
383.375		0
383.5		0
383.625		0
383.75		0
383.875		0
384		0
384.125		0
384.25		0
384.375		0
384.5		0
384.625		0
384.75		0
384.875		0
385		0
385.125		0
385.25		0
385.375		0
385.5		0
385.625		0
385.75		0
385.875		0
386		0
386.125		0
386.25		0
386.375		0
386.5		0
386.625		0
386.75		0
386.875		0
387		0
387.125		0
387.25		0
387.375		0
387.5		0
387.625		0
387.75		0
387.875		0
388		0
388.125		0
388.25		0
388.375		0
388.5		0
388.625		0
388.75		0
388.875		0
389		0
389.125		0
389.25		0
389.375		0
389.5		0
389.625		0
389.75		0
389.875		0
390		0
390.125		0
390.25		0
390.375		0
390.5		0
390.625		0
390.75		0
390.875		0
391		0
391.125		0
391.25		0
391.375		0
391.5		0
391.625		0
391.75		0
391.875		0
392		0
392.125		0
392.25		0
392.375		0
392.5		0
392.625		0
392.75		0
392.875		0
393		0
393.125		0
393.25		0
393.375		0
393.5		0
393.625		0
393.75		0
393.875		0
394		0
394.125		0
394.25		0
394.375		0
394.5		0
394.625		0
394.75		0
394.875		0
395		0
395.125		0
395.25		0
395.375		0
395.5		0
395.625		0
395.75		0
395.875		0
396		0
396.125		0
396.25		0
396.375		0
396.5		0
396.625		0
396.75		0
396.875		0
397		0
397.125		0
397.25		0
397.375		0
397.5		0
397.625		0
397.75		0
397.875		0
398		0
398.125		0
398.25		0
398.375		0
398.5		0
398.625		0
398.75		0
398.875		0
399		0
399.125		0
399.25		0
399.375		0
399.5		0
399.625		0
399.75		0
399.875		0
400		0
400.125		0
400.25		0
400.375		0
400.5		0
400.625		0
400.75		0
400.875		0
401		0
401.125		0
401.25		0
401.375		0
401.5		0
401.625		0
401.75		0
401.875		0
402		0
402.125		0
402.25		0
402.375		0
402.5		0
402.625		0
402.75		0
402.875		0
403		0
403.125		0
403.25		0
403.375		0
403.5		0
403.625		0
403.75		0
403.875		0
404		0
404.125		0
404.25		0
404.375		0
404.5		0
404.625		0
404.75		0
404.875		0
405		0
405.125		0
405.25		0
405.375		0
405.5		0
405.625		0
405.75		0
405.875		0
406		0
406.125		0
406.25		0
406.375		0
406.5		0
406.625		0
406.75		0
406.875		0
407		0
407.125		0
407.25		0
407.375		0
407.5		0
407.625		0
407.75		0
407.875		0
408		0
408.125		0
408.25		0
408.375		0
408.5		0
408.625		0
408.75		0
408.875		0
409		0
409.125		0
409.25		0
409.375		0
409.5		0
409.625		0
409.75		0
409.875		0
410		0
410.125		0
410.25		0
410.375		0
410.5		0
410.625		0
410.75		0
410.875		0
411		0
411.125		0
411.25		0
411.375		0
411.5		0
411.625		0
411.75		0
411.875		0
412		0
412.125		0
412.25		0
412.375		0
412.5		0
412.625		0
412.75		0
412.875		0
413		0
413.125		0
413.25		0
413.375		0
413.5		0
413.625		0
413.75		0
413.875		0
414		0
414.125		0
414.25		0
414.375		0
414.5		0
414.625		0
414.75		0
414.875		0
415		0
415.125		0
415.25		0
415.375		0
415.5		0
415.625		0
415.75		0
415.875		0
416		0
416.125		0
416.25		0
416.375		0
416.5		0
416.625		0
416.75		0
416.875		0
417		0
417.125		0
417.25		0
417.375		0
417.5		0
417.625		0
417.75		0
417.875		0
418		0
418.125		0
418.25		0
418.375		0
418.5		0
418.625		0
418.75		0
418.875		0
419		0
419.125		0
419.25		0
419.375		0
419.5		0
419.625		0
419.75		0
419.875		0
420		0
420.125		0
420.25		0
420.375		0
420.5		0
420.625		0
420.75		0
420.875		0
421		0
421.125		0
421.25		0
421.375		0
421.5		0
421.625		0
421.75		0
421.875		0
422		0
422.125		0
422.25		0
422.375		0
422.5		0
422.625		0
422.75		0
422.875		0
423		0
423.125		0
423.25		0
423.375		0
423.5		0
423.625		0
423.75		0
423.875		0
424		0
424.125		0
424.25		0
424.375		0
424.5		0
424.625		0
424.75		0
424.875		0
425		0
425.125		0
425.25		0
425.375		0
425.5		0
425.625		0
425.75		0
425.875		0
426		0
426.125		0
426.25		0
426.375		0
426.5		0
426.625		0
426.75		0
426.875		0
427		0
427.125		0
427.25		0
427.375		0
427.5		0
427.625		0
427.75		0
427.875		0
428		0
428.125		0
428.25		0
428.375		0
428.5		0
428.625		0
428.75		0
428.875		0
429		0
429.125		0
429.25		0
429.375		0
429.5		0
429.625		0
429.75		0
429.875		0
430		0
430.125		0
430.25		0
430.375		0
430.5		0
430.625		0
430.75		0
430.875		0
431		0
431.125		0
431.25		0
431.375		0
431.5		0
431.625		0
431.75		0
431.875		0
432		0
432.125		0
432.25		0
432.375		0
432.5		0
432.625		0
432.75		0
432.875		0
433		0
433.125		0
433.25		0
433.375		0
433.5		0
433.625		0
433.75		0
433.875		0
434		0
434.125		0
434.25		0
434.375		0
434.5		0
434.625		0
434.75		0
434.875		0
435		0
435.125		0
435.25		0
435.375		0
435.5		0
435.625		0
435.75		0
435.875		0
436		0
436.125		0
436.25		0
436.375		0
436.5		0
436.625		0
436.75		0
436.875		0
437		0
437.125		0
437.25		0
437.375		0
437.5		0
437.625		0
437.75		0
437.875		0
438		0
438.125		0
438.25		0
438.375		0
438.5		0
438.625		0
438.75		0
438.875		0
439		0
439.125		0
439.25		0
439.375		0
439.5		0
439.625		0
439.75		0
439.875		0
440		0
440.125		0
440.25		0
440.375		0
440.5		0
440.625		0
440.75		0
440.875		0
441		0
441.125		0
441.25		0
441.375		0
441.5		0
441.625		0
441.75		0
441.875		0
442		0
442.125		0
442.25		0
442.375		0
442.5		0
442.625		0
442.75		0
442.875		0
443		0
443.125		0
443.25		0
443.375		0
443.5		0
443.625		0
443.75		0
443.875		0
444		0
444.125		0
444.25		0
444.375		0
444.5		0
444.625		0
444.75		0
444.875		0
445		0
445.125		0
445.25		0
445.375		0
445.5		0
445.625		0
445.75		0
445.875		0
446		0
446.125		0
446.25		0
446.375		0
446.5		0
446.625		0
446.75		0
446.875		0
447		0
447.125		0
447.25		0
447.375		0
447.5		0
447.625		0
447.75		0
447.875		0
448		0
448.125		0
448.25		0
448.375		0
448.5		0
448.625		0
448.75		0
448.875		0
449		0
449.125		0
449.25		0
449.375		0
449.5		0
449.625		0
449.75		0
449.875		0
450		0
450.125		0
450.25		0
450.375		0
450.5		0
450.625		0
450.75		0
450.875		0
451		0
451.125		0
451.25		0
451.375		0
451.5		0
451.625		0
451.75		0
451.875		0
452		0
452.125		0
452.25		0
452.375		0
452.5		0
452.625		0
452.75		0
452.875		0
453		0
453.125		0
453.25		0
453.375		0
453.5		0
453.625		0
453.75		0
453.875		0
454		0
454.125		0
454.25		0
454.375		0
454.5		0
454.625		0
454.75		0
454.875		0
455		0
455.125		0
455.25		0
455.375		0
455.5		0
455.625		0
455.75		0
455.875		0
456		0
456.125		0
456.25		0
456.375		0
456.5		0
456.625		0
456.75		0
456.875		0
457		0
457.125		0
457.25		0
457.375		0
457.5		0
457.625		0
457.75		0
457.875		0
458		0
458.125		0
458.25		0
458.375		0
458.5		0
458.625		0
458.75		0
458.875		0
459		0
459.125		0
459.25		0
459.375		0
459.5		0
459.625		0
459.75		0
459.875		0
460		0
460.125		0
460.25		0
460.375		0
460.5		0
460.625		0
460.75		0
460.875		0
461		0
461.125		0
461.25		0
461.375		0
461.5		0
461.625		0
461.75		0
461.875		0
462		0
462.125		0
462.25		0
462.375		0
462.5		0
462.625		0
462.75		0
462.875		0
463		0
463.125		0
463.25		0
463.375		0
463.5		0
463.625		0
463.75		0
463.875		0
464		0
464.125		0
464.25		0
464.375		0
464.5		0
464.625		0
464.75		0
464.875		0
465		0
465.125		0
465.25		0
465.375		0
465.5		0
465.625		0
465.75		0
465.875		0
466		0
466.125		0
466.25		0
466.375		0
466.5		0
466.625		0
466.75		0
466.875		0
467		0
467.125		0
467.25		0
467.375		0
467.5		0
467.625		0
467.75		0
467.875		0
468		0
468.125		0
468.25		0
468.375		0
468.5		0
468.625		0
468.75		0
468.875		0
469		0
469.125		0
469.25		0
469.375		0
469.5		0
469.625		0
469.75		0
469.875		0
470		0
470.125		0
470.25		0
470.375		0
470.5		0
470.625		0
470.75		0
470.875		0
471		0
471.125		0
471.25		0
471.375		0
471.5		0
471.625		0
471.75		0
471.875		0
472		0
472.125		0
472.25		0
472.375		0
472.5		0
472.625		0
472.75		0
472.875		0
473		0
473.125		0
473.25		0
473.375		0
473.5		0
473.625		0
473.75		0
473.875		0
474		0
474.125		0
474.25		0
474.375		0
474.5		0
474.625		0
474.75		0
474.875		0
475		0
475.125		0
475.25		0
475.375		0
475.5		0
475.625		0
475.75		0
475.875		0
476		0
476.125		0
476.25		0
476.375		0
476.5		0
476.625		0
476.75		0
476.875		0
477		0
477.125		0
477.25		0
477.375		0
477.5		0
477.625		0
477.75		0
477.875		0
478		0
478.125		0
478.25		0
478.375		0
478.5		0
478.625		0
478.75		0
478.875		0
479		0
479.125		0
479.25		0
479.375		0
479.5		0
479.625		0
479.75		0
479.875		0
480		0
480.125		0
480.25		0
480.375		0
480.5		0
480.625		0
480.75		0
480.875		0
481		0
481.125		0
481.25		0
481.375		0
481.5		0
481.625		0
481.75		0
481.875		0
482		0
482.125		0
482.25		0
482.375		0
482.5		0
482.625		0
482.75		0
482.875		0
483		0
483.125		0
483.25		0
483.375		0
483.5		0
483.625		0
483.75		0
483.875		0
484		0
484.125		0
484.25		0
484.375		0
484.5		0
484.625		0
484.75		0
484.875		0
485		0
485.125		0
485.25		0
485.375		0
485.5		0
485.625		0
485.75		0
485.875		0
486		0
486.125		0
486.25		0
486.375		0
486.5		0
486.625		0
486.75		0
486.875		0
487		0
487.125		0
487.25		0
487.375		0
487.5		0
487.625		0
487.75		0
487.875		0
488		0
488.125		0
488.25		0
488.375		0
488.5		0
488.625		0
488.75		0
488.875		0
489		0
489.125		0
489.25		0
489.375		0
489.5		0
489.625		0
489.75		0
489.875		0
490		0
490.125		0
490.25		0
490.375		0
490.5		0
490.625		0
490.75		0
490.875		0
491		0
491.125		0
491.25		0
491.375		0
491.5		0
491.625		0
491.75		0
491.875		0
492		0
492.125		0
492.25		0
492.375		0
492.5		0
492.625		0
492.75		0
492.875		0
493		0
493.125		0
493.25		0
493.375		0
493.5		0
493.625		0
493.75		0
493.875		0
494		0
494.125		0
494.25		0
494.375		0
494.5		0
494.625		0
494.75		0
494.875		0
495		0
495.125		0
495.25		0
495.375		0
495.5		0
495.625		0
495.75		0
495.875		0
496		0
496.125		0
496.25		0
496.375		0
496.5		0
496.625		0
496.75		0
496.875		0
497		0
497.125		0
497.25		0
497.375		0
497.5		0
497.625		0
497.75		0
497.875		0
498		0
498.125		0
498.25		0
498.375		0
498.5		0
498.625		0
498.75		0
498.875		0
499		0
499.125		0
499.25		0
499.375		0
499.5		0
499.625		0
499.75		0
499.875		0
500		0
