# Calibration file of tamex_id 0 @ channel 18
# fine_T bin		 Calibration value
0.125		0
0.25		0
0.375		0
0.5		0
0.625		0
0.75		0
0.875		0
1		0
1.125		0
1.25		0
1.375		0
1.5		0
1.625		0
1.75		0
1.875		0
2		0
2.125		0
2.25		0
2.375		0
2.5		0
2.625		0
2.75		0
2.875		0
3		0
3.125		0
3.25		0
3.375		0
3.5		0
3.625		0
3.75		0
3.875		0
4		0
4.125		0
4.25		0
4.375		0
4.5		0
4.625		0
4.75		0
4.875		0
5		0
5.125		0
5.25		0
5.375		0
5.5		0
5.625		0
5.75		0
5.875		0
6		0
6.125		0
6.25		0
6.375		0
6.5		0
6.625		0
6.75		0
6.875		0
7		0
7.125		0
7.25		0
7.375		0
7.5		0
7.625		0
7.75		0
7.875		0
8		0
8.125		0
8.25		0
8.375		0
8.5		0
8.625		0
8.75		0
8.875		0
9		0
9.125		0
9.25		0
9.375		0
9.5		0
9.625		0
9.75		0
9.875		0
10		0
10.125		0
10.25		0
10.375		0
10.5		0
10.625		0
10.75		0
10.875		0
11		0
11.125		0
11.25		0
11.375		0
11.5		0
11.625		0
11.75		0
11.875		0
12		0
12.125		0
12.25		0
12.375		0
12.5		0
12.625		0
12.75		0
12.875		0
13		0
13.125		0
13.25		0
13.375		0
13.5		0
13.625		0
13.75		0
13.875		0
14		0
14.125		0
14.25		0
14.375		0
14.5		0
14.625		0
14.75		0
14.875		0
15		0
15.125		0
15.25		0
15.375		0
15.5		0
15.625		0
15.75		0
15.875		0
16		0
16.125		0
16.25		0
16.375		0
16.5		0
16.625		0
16.75		0
16.875		0
17		0
17.125		151.515
17.25		151.515
17.375		151.515
17.5		151.515
17.625		151.515
17.75		151.515
17.875		151.515
18		151.515
18.125		151.515
18.25		151.515
18.375		151.515
18.5		151.515
18.625		151.515
18.75		151.515
18.875		151.515
19		151.515
19.125		151.515
19.25		151.515
19.375		151.515
19.5		151.515
19.625		151.515
19.75		151.515
19.875		151.515
20		151.515
20.125		151.515
20.25		151.515
20.375		151.515
20.5		151.515
20.625		151.515
20.75		151.515
20.875		151.515
21		151.515
21.125		151.515
21.25		151.515
21.375		151.515
21.5		151.515
21.625		151.515
21.75		151.515
21.875		151.515
22		151.515
22.125		151.515
22.25		151.515
22.375		151.515
22.5		151.515
22.625		151.515
22.75		151.515
22.875		151.515
23		151.515
23.125		151.515
23.25		151.515
23.375		151.515
23.5		151.515
23.625		151.515
23.75		151.515
23.875		151.515
24		151.515
24.125		151.515
24.25		151.515
24.375		151.515
24.5		151.515
24.625		151.515
24.75		151.515
24.875		151.515
25		151.515
25.125		151.515
25.25		151.515
25.375		151.515
25.5		151.515
25.625		151.515
25.75		151.515
25.875		151.515
26		151.515
26.125		151.515
26.25		151.515
26.375		151.515
26.5		151.515
26.625		151.515
26.75		151.515
26.875		151.515
27		151.515
27.125		151.515
27.25		151.515
27.375		151.515
27.5		151.515
27.625		151.515
27.75		151.515
27.875		151.515
28		151.515
28.125		151.515
28.25		151.515
28.375		151.515
28.5		151.515
28.625		151.515
28.75		151.515
28.875		151.515
29		151.515
29.125		151.515
29.25		151.515
29.375		151.515
29.5		151.515
29.625		151.515
29.75		151.515
29.875		151.515
30		151.515
30.125		303.03
30.25		303.03
30.375		303.03
30.5		303.03
30.625		303.03
30.75		303.03
30.875		303.03
31		303.03
31.125		454.545
31.25		454.545
31.375		454.545
31.5		454.545
31.625		454.545
31.75		454.545
31.875		454.545
32		454.545
32.125		454.545
32.25		454.545
32.375		454.545
32.5		454.545
32.625		454.545
32.75		454.545
32.875		454.545
33		454.545
33.125		454.545
33.25		454.545
33.375		454.545
33.5		454.545
33.625		454.545
33.75		454.545
33.875		454.545
34		454.545
34.125		454.545
34.25		454.545
34.375		454.545
34.5		454.545
34.625		454.545
34.75		454.545
34.875		454.545
35		454.545
35.125		454.545
35.25		454.545
35.375		454.545
35.5		454.545
35.625		454.545
35.75		454.545
35.875		454.545
36		454.545
36.125		606.061
36.25		606.061
36.375		606.061
36.5		606.061
36.625		606.061
36.75		606.061
36.875		606.061
37		606.061
37.125		606.061
37.25		606.061
37.375		606.061
37.5		606.061
37.625		606.061
37.75		606.061
37.875		606.061
38		606.061
38.125		606.061
38.25		606.061
38.375		606.061
38.5		606.061
38.625		606.061
38.75		606.061
38.875		606.061
39		606.061
39.125		606.061
39.25		606.061
39.375		606.061
39.5		606.061
39.625		606.061
39.75		606.061
39.875		606.061
40		606.061
40.125		606.061
40.25		606.061
40.375		606.061
40.5		606.061
40.625		606.061
40.75		606.061
40.875		606.061
41		606.061
41.125		606.061
41.25		606.061
41.375		606.061
41.5		606.061
41.625		606.061
41.75		606.061
41.875		606.061
42		606.061
42.125		606.061
42.25		606.061
42.375		606.061
42.5		606.061
42.625		606.061
42.75		606.061
42.875		606.061
43		606.061
43.125		606.061
43.25		606.061
43.375		606.061
43.5		606.061
43.625		606.061
43.75		606.061
43.875		606.061
44		606.061
44.125		606.061
44.25		606.061
44.375		606.061
44.5		606.061
44.625		606.061
44.75		606.061
44.875		606.061
45		606.061
45.125		606.061
45.25		606.061
45.375		606.061
45.5		606.061
45.625		606.061
45.75		606.061
45.875		606.061
46		606.061
46.125		606.061
46.25		606.061
46.375		606.061
46.5		606.061
46.625		606.061
46.75		606.061
46.875		606.061
47		606.061
47.125		606.061
47.25		606.061
47.375		606.061
47.5		606.061
47.625		606.061
47.75		606.061
47.875		606.061
48		606.061
48.125		606.061
48.25		606.061
48.375		606.061
48.5		606.061
48.625		606.061
48.75		606.061
48.875		606.061
49		606.061
49.125		606.061
49.25		606.061
49.375		606.061
49.5		606.061
49.625		606.061
49.75		606.061
49.875		606.061
50		606.061
50.125		606.061
50.25		606.061
50.375		606.061
50.5		606.061
50.625		606.061
50.75		606.061
50.875		606.061
51		606.061
51.125		606.061
51.25		606.061
51.375		606.061
51.5		606.061
51.625		606.061
51.75		606.061
51.875		606.061
52		606.061
52.125		606.061
52.25		606.061
52.375		606.061
52.5		606.061
52.625		606.061
52.75		606.061
52.875		606.061
53		606.061
53.125		606.061
53.25		606.061
53.375		606.061
53.5		606.061
53.625		606.061
53.75		606.061
53.875		606.061
54		606.061
54.125		606.061
54.25		606.061
54.375		606.061
54.5		606.061
54.625		606.061
54.75		606.061
54.875		606.061
55		606.061
55.125		606.061
55.25		606.061
55.375		606.061
55.5		606.061
55.625		606.061
55.75		606.061
55.875		606.061
56		606.061
56.125		606.061
56.25		606.061
56.375		606.061
56.5		606.061
56.625		606.061
56.75		606.061
56.875		606.061
57		606.061
57.125		606.061
57.25		606.061
57.375		606.061
57.5		606.061
57.625		606.061
57.75		606.061
57.875		606.061
58		606.061
58.125		606.061
58.25		606.061
58.375		606.061
58.5		606.061
58.625		606.061
58.75		606.061
58.875		606.061
59		606.061
59.125		606.061
59.25		606.061
59.375		606.061
59.5		606.061
59.625		606.061
59.75		606.061
59.875		606.061
60		606.061
60.125		606.061
60.25		606.061
60.375		606.061
60.5		606.061
60.625		606.061
60.75		606.061
60.875		606.061
61		606.061
61.125		606.061
61.25		606.061
61.375		606.061
61.5		606.061
61.625		606.061
61.75		606.061
61.875		606.061
62		606.061
62.125		606.061
62.25		606.061
62.375		606.061
62.5		606.061
62.625		606.061
62.75		606.061
62.875		606.061
63		606.061
63.125		606.061
63.25		606.061
63.375		606.061
63.5		606.061
63.625		606.061
63.75		606.061
63.875		606.061
64		606.061
64.125		606.061
64.25		606.061
64.375		606.061
64.5		606.061
64.625		606.061
64.75		606.061
64.875		606.061
65		606.061
65.125		606.061
65.25		606.061
65.375		606.061
65.5		606.061
65.625		606.061
65.75		606.061
65.875		606.061
66		606.061
66.125		606.061
66.25		606.061
66.375		606.061
66.5		606.061
66.625		606.061
66.75		606.061
66.875		606.061
67		606.061
67.125		606.061
67.25		606.061
67.375		606.061
67.5		606.061
67.625		606.061
67.75		606.061
67.875		606.061
68		606.061
68.125		606.061
68.25		606.061
68.375		606.061
68.5		606.061
68.625		606.061
68.75		606.061
68.875		606.061
69		606.061
69.125		606.061
69.25		606.061
69.375		606.061
69.5		606.061
69.625		606.061
69.75		606.061
69.875		606.061
70		606.061
70.125		606.061
70.25		606.061
70.375		606.061
70.5		606.061
70.625		606.061
70.75		606.061
70.875		606.061
71		606.061
71.125		606.061
71.25		606.061
71.375		606.061
71.5		606.061
71.625		606.061
71.75		606.061
71.875		606.061
72		606.061
72.125		606.061
72.25		606.061
72.375		606.061
72.5		606.061
72.625		606.061
72.75		606.061
72.875		606.061
73		606.061
73.125		606.061
73.25		606.061
73.375		606.061
73.5		606.061
73.625		606.061
73.75		606.061
73.875		606.061
74		606.061
74.125		606.061
74.25		606.061
74.375		606.061
74.5		606.061
74.625		606.061
74.75		606.061
74.875		606.061
75		606.061
75.125		606.061
75.25		606.061
75.375		606.061
75.5		606.061
75.625		606.061
75.75		606.061
75.875		606.061
76		606.061
76.125		606.061
76.25		606.061
76.375		606.061
76.5		606.061
76.625		606.061
76.75		606.061
76.875		606.061
77		606.061
77.125		606.061
77.25		606.061
77.375		606.061
77.5		606.061
77.625		606.061
77.75		606.061
77.875		606.061
78		606.061
78.125		606.061
78.25		606.061
78.375		606.061
78.5		606.061
78.625		606.061
78.75		606.061
78.875		606.061
79		606.061
79.125		606.061
79.25		606.061
79.375		606.061
79.5		606.061
79.625		606.061
79.75		606.061
79.875		606.061
80		606.061
80.125		606.061
80.25		606.061
80.375		606.061
80.5		606.061
80.625		606.061
80.75		606.061
80.875		606.061
81		606.061
81.125		606.061
81.25		606.061
81.375		606.061
81.5		606.061
81.625		606.061
81.75		606.061
81.875		606.061
82		606.061
82.125		606.061
82.25		606.061
82.375		606.061
82.5		606.061
82.625		606.061
82.75		606.061
82.875		606.061
83		606.061
83.125		606.061
83.25		606.061
83.375		606.061
83.5		606.061
83.625		606.061
83.75		606.061
83.875		606.061
84		606.061
84.125		606.061
84.25		606.061
84.375		606.061
84.5		606.061
84.625		606.061
84.75		606.061
84.875		606.061
85		606.061
85.125		757.576
85.25		757.576
85.375		757.576
85.5		757.576
85.625		757.576
85.75		757.576
85.875		757.576
86		757.576
86.125		757.576
86.25		757.576
86.375		757.576
86.5		757.576
86.625		757.576
86.75		757.576
86.875		757.576
87		757.576
87.125		757.576
87.25		757.576
87.375		757.576
87.5		757.576
87.625		757.576
87.75		757.576
87.875		757.576
88		757.576
88.125		757.576
88.25		757.576
88.375		757.576
88.5		757.576
88.625		757.576
88.75		757.576
88.875		757.576
89		757.576
89.125		757.576
89.25		757.576
89.375		757.576
89.5		757.576
89.625		757.576
89.75		757.576
89.875		757.576
90		757.576
90.125		757.576
90.25		757.576
90.375		757.576
90.5		757.576
90.625		757.576
90.75		757.576
90.875		757.576
91		757.576
91.125		909.091
91.25		909.091
91.375		909.091
91.5		909.091
91.625		909.091
91.75		909.091
91.875		909.091
92		909.091
92.125		909.091
92.25		909.091
92.375		909.091
92.5		909.091
92.625		909.091
92.75		909.091
92.875		909.091
93		909.091
93.125		909.091
93.25		909.091
93.375		909.091
93.5		909.091
93.625		909.091
93.75		909.091
93.875		909.091
94		909.091
94.125		909.091
94.25		909.091
94.375		909.091
94.5		909.091
94.625		909.091
94.75		909.091
94.875		909.091
95		909.091
95.125		909.091
95.25		909.091
95.375		909.091
95.5		909.091
95.625		909.091
95.75		909.091
95.875		909.091
96		909.091
96.125		909.091
96.25		909.091
96.375		909.091
96.5		909.091
96.625		909.091
96.75		909.091
96.875		909.091
97		909.091
97.125		909.091
97.25		909.091
97.375		909.091
97.5		909.091
97.625		909.091
97.75		909.091
97.875		909.091
98		909.091
98.125		909.091
98.25		909.091
98.375		909.091
98.5		909.091
98.625		909.091
98.75		909.091
98.875		909.091
99		909.091
99.125		909.091
99.25		909.091
99.375		909.091
99.5		909.091
99.625		909.091
99.75		909.091
99.875		909.091
100		909.091
100.125		1212.12
100.25		1212.12
100.375		1212.12
100.5		1212.12
100.625		1212.12
100.75		1212.12
100.875		1212.12
101		1212.12
101.125		1212.12
101.25		1212.12
101.375		1212.12
101.5		1212.12
101.625		1212.12
101.75		1212.12
101.875		1212.12
102		1212.12
102.125		1212.12
102.25		1212.12
102.375		1212.12
102.5		1212.12
102.625		1212.12
102.75		1212.12
102.875		1212.12
103		1212.12
103.125		1212.12
103.25		1212.12
103.375		1212.12
103.5		1212.12
103.625		1212.12
103.75		1212.12
103.875		1212.12
104		1212.12
104.125		1212.12
104.25		1212.12
104.375		1212.12
104.5		1212.12
104.625		1212.12
104.75		1212.12
104.875		1212.12
105		1212.12
105.125		1212.12
105.25		1212.12
105.375		1212.12
105.5		1212.12
105.625		1212.12
105.75		1212.12
105.875		1212.12
106		1212.12
106.125		1212.12
106.25		1212.12
106.375		1212.12
106.5		1212.12
106.625		1212.12
106.75		1212.12
106.875		1212.12
107		1212.12
107.125		1212.12
107.25		1212.12
107.375		1212.12
107.5		1212.12
107.625		1212.12
107.75		1212.12
107.875		1212.12
108		1212.12
108.125		1212.12
108.25		1212.12
108.375		1212.12
108.5		1212.12
108.625		1212.12
108.75		1212.12
108.875		1212.12
109		1212.12
109.125		1212.12
109.25		1212.12
109.375		1212.12
109.5		1212.12
109.625		1212.12
109.75		1212.12
109.875		1212.12
110		1212.12
110.125		1212.12
110.25		1212.12
110.375		1212.12
110.5		1212.12
110.625		1212.12
110.75		1212.12
110.875		1212.12
111		1212.12
111.125		1212.12
111.25		1212.12
111.375		1212.12
111.5		1212.12
111.625		1212.12
111.75		1212.12
111.875		1212.12
112		1212.12
112.125		1212.12
112.25		1212.12
112.375		1212.12
112.5		1212.12
112.625		1212.12
112.75		1212.12
112.875		1212.12
113		1212.12
113.125		1212.12
113.25		1212.12
113.375		1212.12
113.5		1212.12
113.625		1212.12
113.75		1212.12
113.875		1212.12
114		1212.12
114.125		1212.12
114.25		1212.12
114.375		1212.12
114.5		1212.12
114.625		1212.12
114.75		1212.12
114.875		1212.12
115		1212.12
115.125		1212.12
115.25		1212.12
115.375		1212.12
115.5		1212.12
115.625		1212.12
115.75		1212.12
115.875		1212.12
116		1212.12
116.125		1212.12
116.25		1212.12
116.375		1212.12
116.5		1212.12
116.625		1212.12
116.75		1212.12
116.875		1212.12
117		1212.12
117.125		1212.12
117.25		1212.12
117.375		1212.12
117.5		1212.12
117.625		1212.12
117.75		1212.12
117.875		1212.12
118		1212.12
118.125		1212.12
118.25		1212.12
118.375		1212.12
118.5		1212.12
118.625		1212.12
118.75		1212.12
118.875		1212.12
119		1212.12
119.125		1212.12
119.25		1212.12
119.375		1212.12
119.5		1212.12
119.625		1212.12
119.75		1212.12
119.875		1212.12
120		1212.12
120.125		1212.12
120.25		1212.12
120.375		1212.12
120.5		1212.12
120.625		1212.12
120.75		1212.12
120.875		1212.12
121		1212.12
121.125		1212.12
121.25		1212.12
121.375		1212.12
121.5		1212.12
121.625		1212.12
121.75		1212.12
121.875		1212.12
122		1212.12
122.125		1212.12
122.25		1212.12
122.375		1212.12
122.5		1212.12
122.625		1212.12
122.75		1212.12
122.875		1212.12
123		1212.12
123.125		1212.12
123.25		1212.12
123.375		1212.12
123.5		1212.12
123.625		1212.12
123.75		1212.12
123.875		1212.12
124		1212.12
124.125		1212.12
124.25		1212.12
124.375		1212.12
124.5		1212.12
124.625		1212.12
124.75		1212.12
124.875		1212.12
125		1212.12
125.125		1212.12
125.25		1212.12
125.375		1212.12
125.5		1212.12
125.625		1212.12
125.75		1212.12
125.875		1212.12
126		1212.12
126.125		1212.12
126.25		1212.12
126.375		1212.12
126.5		1212.12
126.625		1212.12
126.75		1212.12
126.875		1212.12
127		1212.12
127.125		1212.12
127.25		1212.12
127.375		1212.12
127.5		1212.12
127.625		1212.12
127.75		1212.12
127.875		1212.12
128		1212.12
128.125		1212.12
128.25		1212.12
128.375		1212.12
128.5		1212.12
128.625		1212.12
128.75		1212.12
128.875		1212.12
129		1212.12
129.125		1212.12
129.25		1212.12
129.375		1212.12
129.5		1212.12
129.625		1212.12
129.75		1212.12
129.875		1212.12
130		1212.12
130.125		1212.12
130.25		1212.12
130.375		1212.12
130.5		1212.12
130.625		1212.12
130.75		1212.12
130.875		1212.12
131		1212.12
131.125		1212.12
131.25		1212.12
131.375		1212.12
131.5		1212.12
131.625		1212.12
131.75		1212.12
131.875		1212.12
132		1212.12
132.125		1212.12
132.25		1212.12
132.375		1212.12
132.5		1212.12
132.625		1212.12
132.75		1212.12
132.875		1212.12
133		1212.12
133.125		1212.12
133.25		1212.12
133.375		1212.12
133.5		1212.12
133.625		1212.12
133.75		1212.12
133.875		1212.12
134		1212.12
134.125		1212.12
134.25		1212.12
134.375		1212.12
134.5		1212.12
134.625		1212.12
134.75		1212.12
134.875		1212.12
135		1212.12
135.125		1212.12
135.25		1212.12
135.375		1212.12
135.5		1212.12
135.625		1212.12
135.75		1212.12
135.875		1212.12
136		1212.12
136.125		1212.12
136.25		1212.12
136.375		1212.12
136.5		1212.12
136.625		1212.12
136.75		1212.12
136.875		1212.12
137		1212.12
137.125		1212.12
137.25		1212.12
137.375		1212.12
137.5		1212.12
137.625		1212.12
137.75		1212.12
137.875		1212.12
138		1212.12
138.125		1212.12
138.25		1212.12
138.375		1212.12
138.5		1212.12
138.625		1212.12
138.75		1212.12
138.875		1212.12
139		1212.12
139.125		1212.12
139.25		1212.12
139.375		1212.12
139.5		1212.12
139.625		1212.12
139.75		1212.12
139.875		1212.12
140		1212.12
140.125		1363.64
140.25		1363.64
140.375		1363.64
140.5		1363.64
140.625		1363.64
140.75		1363.64
140.875		1363.64
141		1363.64
141.125		1363.64
141.25		1363.64
141.375		1363.64
141.5		1363.64
141.625		1363.64
141.75		1363.64
141.875		1363.64
142		1363.64
142.125		1363.64
142.25		1363.64
142.375		1363.64
142.5		1363.64
142.625		1363.64
142.75		1363.64
142.875		1363.64
143		1363.64
143.125		1363.64
143.25		1363.64
143.375		1363.64
143.5		1363.64
143.625		1363.64
143.75		1363.64
143.875		1363.64
144		1363.64
144.125		1363.64
144.25		1363.64
144.375		1363.64
144.5		1363.64
144.625		1363.64
144.75		1363.64
144.875		1363.64
145		1363.64
145.125		1363.64
145.25		1363.64
145.375		1363.64
145.5		1363.64
145.625		1363.64
145.75		1363.64
145.875		1363.64
146		1363.64
146.125		1363.64
146.25		1363.64
146.375		1363.64
146.5		1363.64
146.625		1363.64
146.75		1363.64
146.875		1363.64
147		1363.64
147.125		1515.15
147.25		1515.15
147.375		1515.15
147.5		1515.15
147.625		1515.15
147.75		1515.15
147.875		1515.15
148		1515.15
148.125		1515.15
148.25		1515.15
148.375		1515.15
148.5		1515.15
148.625		1515.15
148.75		1515.15
148.875		1515.15
149		1515.15
149.125		1515.15
149.25		1515.15
149.375		1515.15
149.5		1515.15
149.625		1515.15
149.75		1515.15
149.875		1515.15
150		1515.15
150.125		1515.15
150.25		1515.15
150.375		1515.15
150.5		1515.15
150.625		1515.15
150.75		1515.15
150.875		1515.15
151		1515.15
151.125		1515.15
151.25		1515.15
151.375		1515.15
151.5		1515.15
151.625		1515.15
151.75		1515.15
151.875		1515.15
152		1515.15
152.125		1515.15
152.25		1515.15
152.375		1515.15
152.5		1515.15
152.625		1515.15
152.75		1515.15
152.875		1515.15
153		1515.15
153.125		1515.15
153.25		1515.15
153.375		1515.15
153.5		1515.15
153.625		1515.15
153.75		1515.15
153.875		1515.15
154		1515.15
154.125		1515.15
154.25		1515.15
154.375		1515.15
154.5		1515.15
154.625		1515.15
154.75		1515.15
154.875		1515.15
155		1515.15
155.125		1515.15
155.25		1515.15
155.375		1515.15
155.5		1515.15
155.625		1515.15
155.75		1515.15
155.875		1515.15
156		1515.15
156.125		1515.15
156.25		1515.15
156.375		1515.15
156.5		1515.15
156.625		1515.15
156.75		1515.15
156.875		1515.15
157		1515.15
157.125		1515.15
157.25		1515.15
157.375		1515.15
157.5		1515.15
157.625		1515.15
157.75		1515.15
157.875		1515.15
158		1515.15
158.125		1515.15
158.25		1515.15
158.375		1515.15
158.5		1515.15
158.625		1515.15
158.75		1515.15
158.875		1515.15
159		1515.15
159.125		1515.15
159.25		1515.15
159.375		1515.15
159.5		1515.15
159.625		1515.15
159.75		1515.15
159.875		1515.15
160		1515.15
160.125		1515.15
160.25		1515.15
160.375		1515.15
160.5		1515.15
160.625		1515.15
160.75		1515.15
160.875		1515.15
161		1515.15
161.125		1515.15
161.25		1515.15
161.375		1515.15
161.5		1515.15
161.625		1515.15
161.75		1515.15
161.875		1515.15
162		1515.15
162.125		1515.15
162.25		1515.15
162.375		1515.15
162.5		1515.15
162.625		1515.15
162.75		1515.15
162.875		1515.15
163		1515.15
163.125		1515.15
163.25		1515.15
163.375		1515.15
163.5		1515.15
163.625		1515.15
163.75		1515.15
163.875		1515.15
164		1515.15
164.125		1515.15
164.25		1515.15
164.375		1515.15
164.5		1515.15
164.625		1515.15
164.75		1515.15
164.875		1515.15
165		1515.15
165.125		1515.15
165.25		1515.15
165.375		1515.15
165.5		1515.15
165.625		1515.15
165.75		1515.15
165.875		1515.15
166		1515.15
166.125		1666.67
166.25		1666.67
166.375		1666.67
166.5		1666.67
166.625		1666.67
166.75		1666.67
166.875		1666.67
167		1666.67
167.125		1666.67
167.25		1666.67
167.375		1666.67
167.5		1666.67
167.625		1666.67
167.75		1666.67
167.875		1666.67
168		1666.67
168.125		1666.67
168.25		1666.67
168.375		1666.67
168.5		1666.67
168.625		1666.67
168.75		1666.67
168.875		1666.67
169		1666.67
169.125		1666.67
169.25		1666.67
169.375		1666.67
169.5		1666.67
169.625		1666.67
169.75		1666.67
169.875		1666.67
170		1666.67
170.125		1666.67
170.25		1666.67
170.375		1666.67
170.5		1666.67
170.625		1666.67
170.75		1666.67
170.875		1666.67
171		1666.67
171.125		1666.67
171.25		1666.67
171.375		1666.67
171.5		1666.67
171.625		1666.67
171.75		1666.67
171.875		1666.67
172		1666.67
172.125		1666.67
172.25		1666.67
172.375		1666.67
172.5		1666.67
172.625		1666.67
172.75		1666.67
172.875		1666.67
173		1666.67
173.125		1666.67
173.25		1666.67
173.375		1666.67
173.5		1666.67
173.625		1666.67
173.75		1666.67
173.875		1666.67
174		1666.67
174.125		1666.67
174.25		1666.67
174.375		1666.67
174.5		1666.67
174.625		1666.67
174.75		1666.67
174.875		1666.67
175		1666.67
175.125		1666.67
175.25		1666.67
175.375		1666.67
175.5		1666.67
175.625		1666.67
175.75		1666.67
175.875		1666.67
176		1666.67
176.125		1666.67
176.25		1666.67
176.375		1666.67
176.5		1666.67
176.625		1666.67
176.75		1666.67
176.875		1666.67
177		1666.67
177.125		1666.67
177.25		1666.67
177.375		1666.67
177.5		1666.67
177.625		1666.67
177.75		1666.67
177.875		1666.67
178		1666.67
178.125		1666.67
178.25		1666.67
178.375		1666.67
178.5		1666.67
178.625		1666.67
178.75		1666.67
178.875		1666.67
179		1666.67
179.125		1666.67
179.25		1666.67
179.375		1666.67
179.5		1666.67
179.625		1666.67
179.75		1666.67
179.875		1666.67
180		1666.67
180.125		1818.18
180.25		1818.18
180.375		1818.18
180.5		1818.18
180.625		1818.18
180.75		1818.18
180.875		1818.18
181		1818.18
181.125		1818.18
181.25		1818.18
181.375		1818.18
181.5		1818.18
181.625		1818.18
181.75		1818.18
181.875		1818.18
182		1818.18
182.125		1818.18
182.25		1818.18
182.375		1818.18
182.5		1818.18
182.625		1818.18
182.75		1818.18
182.875		1818.18
183		1818.18
183.125		1818.18
183.25		1818.18
183.375		1818.18
183.5		1818.18
183.625		1818.18
183.75		1818.18
183.875		1818.18
184		1818.18
184.125		1818.18
184.25		1818.18
184.375		1818.18
184.5		1818.18
184.625		1818.18
184.75		1818.18
184.875		1818.18
185		1818.18
185.125		1818.18
185.25		1818.18
185.375		1818.18
185.5		1818.18
185.625		1818.18
185.75		1818.18
185.875		1818.18
186		1818.18
186.125		1818.18
186.25		1818.18
186.375		1818.18
186.5		1818.18
186.625		1818.18
186.75		1818.18
186.875		1818.18
187		1818.18
187.125		1969.7
187.25		1969.7
187.375		1969.7
187.5		1969.7
187.625		1969.7
187.75		1969.7
187.875		1969.7
188		1969.7
188.125		1969.7
188.25		1969.7
188.375		1969.7
188.5		1969.7
188.625		1969.7
188.75		1969.7
188.875		1969.7
189		1969.7
189.125		1969.7
189.25		1969.7
189.375		1969.7
189.5		1969.7
189.625		1969.7
189.75		1969.7
189.875		1969.7
190		1969.7
190.125		1969.7
190.25		1969.7
190.375		1969.7
190.5		1969.7
190.625		1969.7
190.75		1969.7
190.875		1969.7
191		1969.7
191.125		1969.7
191.25		1969.7
191.375		1969.7
191.5		1969.7
191.625		1969.7
191.75		1969.7
191.875		1969.7
192		1969.7
192.125		2121.21
192.25		2121.21
192.375		2121.21
192.5		2121.21
192.625		2121.21
192.75		2121.21
192.875		2121.21
193		2121.21
193.125		2121.21
193.25		2121.21
193.375		2121.21
193.5		2121.21
193.625		2121.21
193.75		2121.21
193.875		2121.21
194		2121.21
194.125		2121.21
194.25		2121.21
194.375		2121.21
194.5		2121.21
194.625		2121.21
194.75		2121.21
194.875		2121.21
195		2121.21
195.125		2121.21
195.25		2121.21
195.375		2121.21
195.5		2121.21
195.625		2121.21
195.75		2121.21
195.875		2121.21
196		2121.21
196.125		2121.21
196.25		2121.21
196.375		2121.21
196.5		2121.21
196.625		2121.21
196.75		2121.21
196.875		2121.21
197		2121.21
197.125		2121.21
197.25		2121.21
197.375		2121.21
197.5		2121.21
197.625		2121.21
197.75		2121.21
197.875		2121.21
198		2121.21
198.125		2121.21
198.25		2121.21
198.375		2121.21
198.5		2121.21
198.625		2121.21
198.75		2121.21
198.875		2121.21
199		2121.21
199.125		2272.73
199.25		2272.73
199.375		2272.73
199.5		2272.73
199.625		2272.73
199.75		2272.73
199.875		2272.73
200		2272.73
200.125		2272.73
200.25		2272.73
200.375		2272.73
200.5		2272.73
200.625		2272.73
200.75		2272.73
200.875		2272.73
201		2272.73
201.125		2272.73
201.25		2272.73
201.375		2272.73
201.5		2272.73
201.625		2272.73
201.75		2272.73
201.875		2272.73
202		2272.73
202.125		2272.73
202.25		2272.73
202.375		2272.73
202.5		2272.73
202.625		2272.73
202.75		2272.73
202.875		2272.73
203		2272.73
203.125		2272.73
203.25		2272.73
203.375		2272.73
203.5		2272.73
203.625		2272.73
203.75		2272.73
203.875		2272.73
204		2272.73
204.125		2424.24
204.25		2424.24
204.375		2424.24
204.5		2424.24
204.625		2424.24
204.75		2424.24
204.875		2424.24
205		2424.24
205.125		2424.24
205.25		2424.24
205.375		2424.24
205.5		2424.24
205.625		2424.24
205.75		2424.24
205.875		2424.24
206		2424.24
206.125		2424.24
206.25		2424.24
206.375		2424.24
206.5		2424.24
206.625		2424.24
206.75		2424.24
206.875		2424.24
207		2424.24
207.125		2424.24
207.25		2424.24
207.375		2424.24
207.5		2424.24
207.625		2424.24
207.75		2424.24
207.875		2424.24
208		2424.24
208.125		2424.24
208.25		2424.24
208.375		2424.24
208.5		2424.24
208.625		2424.24
208.75		2424.24
208.875		2424.24
209		2424.24
209.125		2424.24
209.25		2424.24
209.375		2424.24
209.5		2424.24
209.625		2424.24
209.75		2424.24
209.875		2424.24
210		2424.24
210.125		2424.24
210.25		2424.24
210.375		2424.24
210.5		2424.24
210.625		2424.24
210.75		2424.24
210.875		2424.24
211		2424.24
211.125		2424.24
211.25		2424.24
211.375		2424.24
211.5		2424.24
211.625		2424.24
211.75		2424.24
211.875		2424.24
212		2424.24
212.125		2424.24
212.25		2424.24
212.375		2424.24
212.5		2424.24
212.625		2424.24
212.75		2424.24
212.875		2424.24
213		2424.24
213.125		2424.24
213.25		2424.24
213.375		2424.24
213.5		2424.24
213.625		2424.24
213.75		2424.24
213.875		2424.24
214		2424.24
214.125		2424.24
214.25		2424.24
214.375		2424.24
214.5		2424.24
214.625		2424.24
214.75		2424.24
214.875		2424.24
215		2424.24
215.125		2424.24
215.25		2424.24
215.375		2424.24
215.5		2424.24
215.625		2424.24
215.75		2424.24
215.875		2424.24
216		2424.24
216.125		2575.76
216.25		2575.76
216.375		2575.76
216.5		2575.76
216.625		2575.76
216.75		2575.76
216.875		2575.76
217		2575.76
217.125		2575.76
217.25		2575.76
217.375		2575.76
217.5		2575.76
217.625		2575.76
217.75		2575.76
217.875		2575.76
218		2575.76
218.125		2575.76
218.25		2575.76
218.375		2575.76
218.5		2575.76
218.625		2575.76
218.75		2575.76
218.875		2575.76
219		2575.76
219.125		2575.76
219.25		2575.76
219.375		2575.76
219.5		2575.76
219.625		2575.76
219.75		2575.76
219.875		2575.76
220		2575.76
220.125		2575.76
220.25		2575.76
220.375		2575.76
220.5		2575.76
220.625		2575.76
220.75		2575.76
220.875		2575.76
221		2575.76
221.125		2575.76
221.25		2575.76
221.375		2575.76
221.5		2575.76
221.625		2575.76
221.75		2575.76
221.875		2575.76
222		2575.76
222.125		2575.76
222.25		2575.76
222.375		2575.76
222.5		2575.76
222.625		2575.76
222.75		2575.76
222.875		2575.76
223		2575.76
223.125		2575.76
223.25		2575.76
223.375		2575.76
223.5		2575.76
223.625		2575.76
223.75		2575.76
223.875		2575.76
224		2575.76
224.125		2575.76
224.25		2575.76
224.375		2575.76
224.5		2575.76
224.625		2575.76
224.75		2575.76
224.875		2575.76
225		2575.76
225.125		2575.76
225.25		2575.76
225.375		2575.76
225.5		2575.76
225.625		2575.76
225.75		2575.76
225.875		2575.76
226		2575.76
226.125		2575.76
226.25		2575.76
226.375		2575.76
226.5		2575.76
226.625		2575.76
226.75		2575.76
226.875		2575.76
227		2575.76
227.125		2575.76
227.25		2575.76
227.375		2575.76
227.5		2575.76
227.625		2575.76
227.75		2575.76
227.875		2575.76
228		2575.76
228.125		2727.27
228.25		2727.27
228.375		2727.27
228.5		2727.27
228.625		2727.27
228.75		2727.27
228.875		2727.27
229		2727.27
229.125		2727.27
229.25		2727.27
229.375		2727.27
229.5		2727.27
229.625		2727.27
229.75		2727.27
229.875		2727.27
230		2727.27
230.125		2727.27
230.25		2727.27
230.375		2727.27
230.5		2727.27
230.625		2727.27
230.75		2727.27
230.875		2727.27
231		2727.27
231.125		2727.27
231.25		2727.27
231.375		2727.27
231.5		2727.27
231.625		2727.27
231.75		2727.27
231.875		2727.27
232		2727.27
232.125		2727.27
232.25		2727.27
232.375		2727.27
232.5		2727.27
232.625		2727.27
232.75		2727.27
232.875		2727.27
233		2727.27
233.125		2878.79
233.25		2878.79
233.375		2878.79
233.5		2878.79
233.625		2878.79
233.75		2878.79
233.875		2878.79
234		2878.79
234.125		2878.79
234.25		2878.79
234.375		2878.79
234.5		2878.79
234.625		2878.79
234.75		2878.79
234.875		2878.79
235		2878.79
235.125		2878.79
235.25		2878.79
235.375		2878.79
235.5		2878.79
235.625		2878.79
235.75		2878.79
235.875		2878.79
236		2878.79
236.125		2878.79
236.25		2878.79
236.375		2878.79
236.5		2878.79
236.625		2878.79
236.75		2878.79
236.875		2878.79
237		2878.79
237.125		2878.79
237.25		2878.79
237.375		2878.79
237.5		2878.79
237.625		2878.79
237.75		2878.79
237.875		2878.79
238		2878.79
238.125		2878.79
238.25		2878.79
238.375		2878.79
238.5		2878.79
238.625		2878.79
238.75		2878.79
238.875		2878.79
239		2878.79
239.125		2878.79
239.25		2878.79
239.375		2878.79
239.5		2878.79
239.625		2878.79
239.75		2878.79
239.875		2878.79
240		2878.79
240.125		2878.79
240.25		2878.79
240.375		2878.79
240.5		2878.79
240.625		2878.79
240.75		2878.79
240.875		2878.79
241		2878.79
241.125		2878.79
241.25		2878.79
241.375		2878.79
241.5		2878.79
241.625		2878.79
241.75		2878.79
241.875		2878.79
242		2878.79
242.125		2878.79
242.25		2878.79
242.375		2878.79
242.5		2878.79
242.625		2878.79
242.75		2878.79
242.875		2878.79
243		2878.79
243.125		2878.79
243.25		2878.79
243.375		2878.79
243.5		2878.79
243.625		2878.79
243.75		2878.79
243.875		2878.79
244		2878.79
244.125		2878.79
244.25		2878.79
244.375		2878.79
244.5		2878.79
244.625		2878.79
244.75		2878.79
244.875		2878.79
245		2878.79
245.125		2878.79
245.25		2878.79
245.375		2878.79
245.5		2878.79
245.625		2878.79
245.75		2878.79
245.875		2878.79
246		2878.79
246.125		2878.79
246.25		2878.79
246.375		2878.79
246.5		2878.79
246.625		2878.79
246.75		2878.79
246.875		2878.79
247		2878.79
247.125		2878.79
247.25		2878.79
247.375		2878.79
247.5		2878.79
247.625		2878.79
247.75		2878.79
247.875		2878.79
248		2878.79
248.125		2878.79
248.25		2878.79
248.375		2878.79
248.5		2878.79
248.625		2878.79
248.75		2878.79
248.875		2878.79
249		2878.79
249.125		2878.79
249.25		2878.79
249.375		2878.79
249.5		2878.79
249.625		2878.79
249.75		2878.79
249.875		2878.79
250		2878.79
250.125		2878.79
250.25		2878.79
250.375		2878.79
250.5		2878.79
250.625		2878.79
250.75		2878.79
250.875		2878.79
251		2878.79
251.125		3030.3
251.25		3030.3
251.375		3030.3
251.5		3030.3
251.625		3030.3
251.75		3030.3
251.875		3030.3
252		3030.3
252.125		3030.3
252.25		3030.3
252.375		3030.3
252.5		3030.3
252.625		3030.3
252.75		3030.3
252.875		3030.3
253		3030.3
253.125		3030.3
253.25		3030.3
253.375		3030.3
253.5		3030.3
253.625		3030.3
253.75		3030.3
253.875		3030.3
254		3030.3
254.125		3030.3
254.25		3030.3
254.375		3030.3
254.5		3030.3
254.625		3030.3
254.75		3030.3
254.875		3030.3
255		3030.3
255.125		3030.3
255.25		3030.3
255.375		3030.3
255.5		3030.3
255.625		3030.3
255.75		3030.3
255.875		3030.3
256		3030.3
256.125		3030.3
256.25		3030.3
256.375		3030.3
256.5		3030.3
256.625		3030.3
256.75		3030.3
256.875		3030.3
257		3030.3
257.125		3030.3
257.25		3030.3
257.375		3030.3
257.5		3030.3
257.625		3030.3
257.75		3030.3
257.875		3030.3
258		3030.3
258.125		3030.3
258.25		3030.3
258.375		3030.3
258.5		3030.3
258.625		3030.3
258.75		3030.3
258.875		3030.3
259		3030.3
259.125		3030.3
259.25		3030.3
259.375		3030.3
259.5		3030.3
259.625		3030.3
259.75		3030.3
259.875		3030.3
260		3030.3
260.125		3030.3
260.25		3030.3
260.375		3030.3
260.5		3030.3
260.625		3030.3
260.75		3030.3
260.875		3030.3
261		3030.3
261.125		3030.3
261.25		3030.3
261.375		3030.3
261.5		3030.3
261.625		3030.3
261.75		3030.3
261.875		3030.3
262		3030.3
262.125		3030.3
262.25		3030.3
262.375		3030.3
262.5		3030.3
262.625		3030.3
262.75		3030.3
262.875		3030.3
263		3030.3
263.125		3030.3
263.25		3030.3
263.375		3030.3
263.5		3030.3
263.625		3030.3
263.75		3030.3
263.875		3030.3
264		3030.3
264.125		3030.3
264.25		3030.3
264.375		3030.3
264.5		3030.3
264.625		3030.3
264.75		3030.3
264.875		3030.3
265		3030.3
265.125		3030.3
265.25		3030.3
265.375		3030.3
265.5		3030.3
265.625		3030.3
265.75		3030.3
265.875		3030.3
266		3030.3
266.125		3030.3
266.25		3030.3
266.375		3030.3
266.5		3030.3
266.625		3030.3
266.75		3030.3
266.875		3030.3
267		3030.3
267.125		3030.3
267.25		3030.3
267.375		3030.3
267.5		3030.3
267.625		3030.3
267.75		3030.3
267.875		3030.3
268		3030.3
268.125		3030.3
268.25		3030.3
268.375		3030.3
268.5		3030.3
268.625		3030.3
268.75		3030.3
268.875		3030.3
269		3030.3
269.125		3030.3
269.25		3030.3
269.375		3030.3
269.5		3030.3
269.625		3030.3
269.75		3030.3
269.875		3030.3
270		3030.3
270.125		3030.3
270.25		3030.3
270.375		3030.3
270.5		3030.3
270.625		3030.3
270.75		3030.3
270.875		3030.3
271		3030.3
271.125		3030.3
271.25		3030.3
271.375		3030.3
271.5		3030.3
271.625		3030.3
271.75		3030.3
271.875		3030.3
272		3030.3
272.125		3030.3
272.25		3030.3
272.375		3030.3
272.5		3030.3
272.625		3030.3
272.75		3030.3
272.875		3030.3
273		3030.3
273.125		3030.3
273.25		3030.3
273.375		3030.3
273.5		3030.3
273.625		3030.3
273.75		3030.3
273.875		3030.3
274		3030.3
274.125		3181.82
274.25		3181.82
274.375		3181.82
274.5		3181.82
274.625		3181.82
274.75		3181.82
274.875		3181.82
275		3181.82
275.125		3181.82
275.25		3181.82
275.375		3181.82
275.5		3181.82
275.625		3181.82
275.75		3181.82
275.875		3181.82
276		3181.82
276.125		3181.82
276.25		3181.82
276.375		3181.82
276.5		3181.82
276.625		3181.82
276.75		3181.82
276.875		3181.82
277		3181.82
277.125		3181.82
277.25		3181.82
277.375		3181.82
277.5		3181.82
277.625		3181.82
277.75		3181.82
277.875		3181.82
278		3181.82
278.125		3181.82
278.25		3181.82
278.375		3181.82
278.5		3181.82
278.625		3181.82
278.75		3181.82
278.875		3181.82
279		3181.82
279.125		3181.82
279.25		3181.82
279.375		3181.82
279.5		3181.82
279.625		3181.82
279.75		3181.82
279.875		3181.82
280		3181.82
280.125		3181.82
280.25		3181.82
280.375		3181.82
280.5		3181.82
280.625		3181.82
280.75		3181.82
280.875		3181.82
281		3181.82
281.125		3181.82
281.25		3181.82
281.375		3181.82
281.5		3181.82
281.625		3181.82
281.75		3181.82
281.875		3181.82
282		3181.82
282.125		3181.82
282.25		3181.82
282.375		3181.82
282.5		3181.82
282.625		3181.82
282.75		3181.82
282.875		3181.82
283		3181.82
283.125		3181.82
283.25		3181.82
283.375		3181.82
283.5		3181.82
283.625		3181.82
283.75		3181.82
283.875		3181.82
284		3181.82
284.125		3333.33
284.25		3333.33
284.375		3333.33
284.5		3333.33
284.625		3333.33
284.75		3333.33
284.875		3333.33
285		3333.33
285.125		3333.33
285.25		3333.33
285.375		3333.33
285.5		3333.33
285.625		3333.33
285.75		3333.33
285.875		3333.33
286		3333.33
286.125		3333.33
286.25		3333.33
286.375		3333.33
286.5		3333.33
286.625		3333.33
286.75		3333.33
286.875		3333.33
287		3333.33
287.125		3333.33
287.25		3333.33
287.375		3333.33
287.5		3333.33
287.625		3333.33
287.75		3333.33
287.875		3333.33
288		3333.33
288.125		3484.85
288.25		3484.85
288.375		3484.85
288.5		3484.85
288.625		3484.85
288.75		3484.85
288.875		3484.85
289		3484.85
289.125		3484.85
289.25		3484.85
289.375		3484.85
289.5		3484.85
289.625		3484.85
289.75		3484.85
289.875		3484.85
290		3484.85
290.125		3484.85
290.25		3484.85
290.375		3484.85
290.5		3484.85
290.625		3484.85
290.75		3484.85
290.875		3484.85
291		3484.85
291.125		3484.85
291.25		3484.85
291.375		3484.85
291.5		3484.85
291.625		3484.85
291.75		3484.85
291.875		3484.85
292		3484.85
292.125		3484.85
292.25		3484.85
292.375		3484.85
292.5		3484.85
292.625		3484.85
292.75		3484.85
292.875		3484.85
293		3484.85
293.125		3636.36
293.25		3636.36
293.375		3636.36
293.5		3636.36
293.625		3636.36
293.75		3636.36
293.875		3636.36
294		3636.36
294.125		3636.36
294.25		3636.36
294.375		3636.36
294.5		3636.36
294.625		3636.36
294.75		3636.36
294.875		3636.36
295		3636.36
295.125		3636.36
295.25		3636.36
295.375		3636.36
295.5		3636.36
295.625		3636.36
295.75		3636.36
295.875		3636.36
296		3636.36
296.125		3636.36
296.25		3636.36
296.375		3636.36
296.5		3636.36
296.625		3636.36
296.75		3636.36
296.875		3636.36
297		3636.36
297.125		3636.36
297.25		3636.36
297.375		3636.36
297.5		3636.36
297.625		3636.36
297.75		3636.36
297.875		3636.36
298		3636.36
298.125		3636.36
298.25		3636.36
298.375		3636.36
298.5		3636.36
298.625		3636.36
298.75		3636.36
298.875		3636.36
299		3636.36
299.125		3636.36
299.25		3636.36
299.375		3636.36
299.5		3636.36
299.625		3636.36
299.75		3636.36
299.875		3636.36
300		3636.36
300.125		3636.36
300.25		3636.36
300.375		3636.36
300.5		3636.36
300.625		3636.36
300.75		3636.36
300.875		3636.36
301		3636.36
301.125		3636.36
301.25		3636.36
301.375		3636.36
301.5		3636.36
301.625		3636.36
301.75		3636.36
301.875		3636.36
302		3636.36
302.125		3636.36
302.25		3636.36
302.375		3636.36
302.5		3636.36
302.625		3636.36
302.75		3636.36
302.875		3636.36
303		3636.36
303.125		3636.36
303.25		3636.36
303.375		3636.36
303.5		3636.36
303.625		3636.36
303.75		3636.36
303.875		3636.36
304		3636.36
304.125		3787.88
304.25		3787.88
304.375		3787.88
304.5		3787.88
304.625		3787.88
304.75		3787.88
304.875		3787.88
305		3787.88
305.125		3787.88
305.25		3787.88
305.375		3787.88
305.5		3787.88
305.625		3787.88
305.75		3787.88
305.875		3787.88
306		3787.88
306.125		3787.88
306.25		3787.88
306.375		3787.88
306.5		3787.88
306.625		3787.88
306.75		3787.88
306.875		3787.88
307		3787.88
307.125		3787.88
307.25		3787.88
307.375		3787.88
307.5		3787.88
307.625		3787.88
307.75		3787.88
307.875		3787.88
308		3787.88
308.125		3787.88
308.25		3787.88
308.375		3787.88
308.5		3787.88
308.625		3787.88
308.75		3787.88
308.875		3787.88
309		3787.88
309.125		3787.88
309.25		3787.88
309.375		3787.88
309.5		3787.88
309.625		3787.88
309.75		3787.88
309.875		3787.88
310		3787.88
310.125		3787.88
310.25		3787.88
310.375		3787.88
310.5		3787.88
310.625		3787.88
310.75		3787.88
310.875		3787.88
311		3787.88
311.125		3787.88
311.25		3787.88
311.375		3787.88
311.5		3787.88
311.625		3787.88
311.75		3787.88
311.875		3787.88
312		3787.88
312.125		3787.88
312.25		3787.88
312.375		3787.88
312.5		3787.88
312.625		3787.88
312.75		3787.88
312.875		3787.88
313		3787.88
313.125		3787.88
313.25		3787.88
313.375		3787.88
313.5		3787.88
313.625		3787.88
313.75		3787.88
313.875		3787.88
314		3787.88
314.125		3787.88
314.25		3787.88
314.375		3787.88
314.5		3787.88
314.625		3787.88
314.75		3787.88
314.875		3787.88
315		3787.88
315.125		3939.39
315.25		3939.39
315.375		3939.39
315.5		3939.39
315.625		3939.39
315.75		3939.39
315.875		3939.39
316		3939.39
316.125		3939.39
316.25		3939.39
316.375		3939.39
316.5		3939.39
316.625		3939.39
316.75		3939.39
316.875		3939.39
317		3939.39
317.125		3939.39
317.25		3939.39
317.375		3939.39
317.5		3939.39
317.625		3939.39
317.75		3939.39
317.875		3939.39
318		3939.39
318.125		3939.39
318.25		3939.39
318.375		3939.39
318.5		3939.39
318.625		3939.39
318.75		3939.39
318.875		3939.39
319		3939.39
319.125		3939.39
319.25		3939.39
319.375		3939.39
319.5		3939.39
319.625		3939.39
319.75		3939.39
319.875		3939.39
320		3939.39
320.125		3939.39
320.25		3939.39
320.375		3939.39
320.5		3939.39
320.625		3939.39
320.75		3939.39
320.875		3939.39
321		3939.39
321.125		3939.39
321.25		3939.39
321.375		3939.39
321.5		3939.39
321.625		3939.39
321.75		3939.39
321.875		3939.39
322		3939.39
322.125		3939.39
322.25		3939.39
322.375		3939.39
322.5		3939.39
322.625		3939.39
322.75		3939.39
322.875		3939.39
323		3939.39
323.125		3939.39
323.25		3939.39
323.375		3939.39
323.5		3939.39
323.625		3939.39
323.75		3939.39
323.875		3939.39
324		3939.39
324.125		3939.39
324.25		3939.39
324.375		3939.39
324.5		3939.39
324.625		3939.39
324.75		3939.39
324.875		3939.39
325		3939.39
325.125		3939.39
325.25		3939.39
325.375		3939.39
325.5		3939.39
325.625		3939.39
325.75		3939.39
325.875		3939.39
326		3939.39
326.125		3939.39
326.25		3939.39
326.375		3939.39
326.5		3939.39
326.625		3939.39
326.75		3939.39
326.875		3939.39
327		3939.39
327.125		3939.39
327.25		3939.39
327.375		3939.39
327.5		3939.39
327.625		3939.39
327.75		3939.39
327.875		3939.39
328		3939.39
328.125		3939.39
328.25		3939.39
328.375		3939.39
328.5		3939.39
328.625		3939.39
328.75		3939.39
328.875		3939.39
329		3939.39
329.125		3939.39
329.25		3939.39
329.375		3939.39
329.5		3939.39
329.625		3939.39
329.75		3939.39
329.875		3939.39
330		3939.39
330.125		3939.39
330.25		3939.39
330.375		3939.39
330.5		3939.39
330.625		3939.39
330.75		3939.39
330.875		3939.39
331		3939.39
331.125		3939.39
331.25		3939.39
331.375		3939.39
331.5		3939.39
331.625		3939.39
331.75		3939.39
331.875		3939.39
332		3939.39
332.125		3939.39
332.25		3939.39
332.375		3939.39
332.5		3939.39
332.625		3939.39
332.75		3939.39
332.875		3939.39
333		3939.39
333.125		3939.39
333.25		3939.39
333.375		3939.39
333.5		3939.39
333.625		3939.39
333.75		3939.39
333.875		3939.39
334		3939.39
334.125		3939.39
334.25		3939.39
334.375		3939.39
334.5		3939.39
334.625		3939.39
334.75		3939.39
334.875		3939.39
335		3939.39
335.125		4090.91
335.25		4090.91
335.375		4090.91
335.5		4090.91
335.625		4090.91
335.75		4090.91
335.875		4090.91
336		4090.91
336.125		4090.91
336.25		4090.91
336.375		4090.91
336.5		4090.91
336.625		4090.91
336.75		4090.91
336.875		4090.91
337		4090.91
337.125		4090.91
337.25		4090.91
337.375		4090.91
337.5		4090.91
337.625		4090.91
337.75		4090.91
337.875		4090.91
338		4090.91
338.125		4090.91
338.25		4090.91
338.375		4090.91
338.5		4090.91
338.625		4090.91
338.75		4090.91
338.875		4090.91
339		4090.91
339.125		4242.42
339.25		4242.42
339.375		4242.42
339.5		4242.42
339.625		4242.42
339.75		4242.42
339.875		4242.42
340		4242.42
340.125		4242.42
340.25		4242.42
340.375		4242.42
340.5		4242.42
340.625		4242.42
340.75		4242.42
340.875		4242.42
341		4242.42
341.125		4242.42
341.25		4242.42
341.375		4242.42
341.5		4242.42
341.625		4242.42
341.75		4242.42
341.875		4242.42
342		4242.42
342.125		4242.42
342.25		4242.42
342.375		4242.42
342.5		4242.42
342.625		4242.42
342.75		4242.42
342.875		4242.42
343		4242.42
343.125		4242.42
343.25		4242.42
343.375		4242.42
343.5		4242.42
343.625		4242.42
343.75		4242.42
343.875		4242.42
344		4242.42
344.125		4242.42
344.25		4242.42
344.375		4242.42
344.5		4242.42
344.625		4242.42
344.75		4242.42
344.875		4242.42
345		4242.42
345.125		4242.42
345.25		4242.42
345.375		4242.42
345.5		4242.42
345.625		4242.42
345.75		4242.42
345.875		4242.42
346		4242.42
346.125		4242.42
346.25		4242.42
346.375		4242.42
346.5		4242.42
346.625		4242.42
346.75		4242.42
346.875		4242.42
347		4242.42
347.125		4242.42
347.25		4242.42
347.375		4242.42
347.5		4242.42
347.625		4242.42
347.75		4242.42
347.875		4242.42
348		4242.42
348.125		4242.42
348.25		4242.42
348.375		4242.42
348.5		4242.42
348.625		4242.42
348.75		4242.42
348.875		4242.42
349		4242.42
349.125		4242.42
349.25		4242.42
349.375		4242.42
349.5		4242.42
349.625		4242.42
349.75		4242.42
349.875		4242.42
350		4242.42
350.125		4242.42
350.25		4242.42
350.375		4242.42
350.5		4242.42
350.625		4242.42
350.75		4242.42
350.875		4242.42
351		4242.42
351.125		4242.42
351.25		4242.42
351.375		4242.42
351.5		4242.42
351.625		4242.42
351.75		4242.42
351.875		4242.42
352		4242.42
352.125		4242.42
352.25		4242.42
352.375		4242.42
352.5		4242.42
352.625		4242.42
352.75		4242.42
352.875		4242.42
353		4242.42
353.125		4242.42
353.25		4242.42
353.375		4242.42
353.5		4242.42
353.625		4242.42
353.75		4242.42
353.875		4242.42
354		4242.42
354.125		4242.42
354.25		4242.42
354.375		4242.42
354.5		4242.42
354.625		4242.42
354.75		4242.42
354.875		4242.42
355		4242.42
355.125		4242.42
355.25		4242.42
355.375		4242.42
355.5		4242.42
355.625		4242.42
355.75		4242.42
355.875		4242.42
356		4242.42
356.125		4242.42
356.25		4242.42
356.375		4242.42
356.5		4242.42
356.625		4242.42
356.75		4242.42
356.875		4242.42
357		4242.42
357.125		4242.42
357.25		4242.42
357.375		4242.42
357.5		4242.42
357.625		4242.42
357.75		4242.42
357.875		4242.42
358		4242.42
358.125		4242.42
358.25		4242.42
358.375		4242.42
358.5		4242.42
358.625		4242.42
358.75		4242.42
358.875		4242.42
359		4242.42
359.125		4242.42
359.25		4242.42
359.375		4242.42
359.5		4242.42
359.625		4242.42
359.75		4242.42
359.875		4242.42
360		4242.42
360.125		4242.42
360.25		4242.42
360.375		4242.42
360.5		4242.42
360.625		4242.42
360.75		4242.42
360.875		4242.42
361		4242.42
361.125		4242.42
361.25		4242.42
361.375		4242.42
361.5		4242.42
361.625		4242.42
361.75		4242.42
361.875		4242.42
362		4242.42
362.125		4242.42
362.25		4242.42
362.375		4242.42
362.5		4242.42
362.625		4242.42
362.75		4242.42
362.875		4242.42
363		4242.42
363.125		4242.42
363.25		4242.42
363.375		4242.42
363.5		4242.42
363.625		4242.42
363.75		4242.42
363.875		4242.42
364		4242.42
364.125		4242.42
364.25		4242.42
364.375		4242.42
364.5		4242.42
364.625		4242.42
364.75		4242.42
364.875		4242.42
365		4242.42
365.125		4242.42
365.25		4242.42
365.375		4242.42
365.5		4242.42
365.625		4242.42
365.75		4242.42
365.875		4242.42
366		4242.42
366.125		4242.42
366.25		4242.42
366.375		4242.42
366.5		4242.42
366.625		4242.42
366.75		4242.42
366.875		4242.42
367		4242.42
367.125		4242.42
367.25		4242.42
367.375		4242.42
367.5		4242.42
367.625		4242.42
367.75		4242.42
367.875		4242.42
368		4242.42
368.125		4242.42
368.25		4242.42
368.375		4242.42
368.5		4242.42
368.625		4242.42
368.75		4242.42
368.875		4242.42
369		4242.42
369.125		4242.42
369.25		4242.42
369.375		4242.42
369.5		4242.42
369.625		4242.42
369.75		4242.42
369.875		4242.42
370		4242.42
370.125		4242.42
370.25		4242.42
370.375		4242.42
370.5		4242.42
370.625		4242.42
370.75		4242.42
370.875		4242.42
371		4242.42
371.125		4242.42
371.25		4242.42
371.375		4242.42
371.5		4242.42
371.625		4242.42
371.75		4242.42
371.875		4242.42
372		4242.42
372.125		4242.42
372.25		4242.42
372.375		4242.42
372.5		4242.42
372.625		4242.42
372.75		4242.42
372.875		4242.42
373		4242.42
373.125		4242.42
373.25		4242.42
373.375		4242.42
373.5		4242.42
373.625		4242.42
373.75		4242.42
373.875		4242.42
374		4242.42
374.125		4242.42
374.25		4242.42
374.375		4242.42
374.5		4242.42
374.625		4242.42
374.75		4242.42
374.875		4242.42
375		4242.42
375.125		4242.42
375.25		4242.42
375.375		4242.42
375.5		4242.42
375.625		4242.42
375.75		4242.42
375.875		4242.42
376		4242.42
376.125		4242.42
376.25		4242.42
376.375		4242.42
376.5		4242.42
376.625		4242.42
376.75		4242.42
376.875		4242.42
377		4242.42
377.125		4393.94
377.25		4393.94
377.375		4393.94
377.5		4393.94
377.625		4393.94
377.75		4393.94
377.875		4393.94
378		4393.94
378.125		4545.45
378.25		4545.45
378.375		4545.45
378.5		4545.45
378.625		4545.45
378.75		4545.45
378.875		4545.45
379		4545.45
379.125		4545.45
379.25		4545.45
379.375		4545.45
379.5		4545.45
379.625		4545.45
379.75		4545.45
379.875		4545.45
380		4545.45
380.125		4545.45
380.25		4545.45
380.375		4545.45
380.5		4545.45
380.625		4545.45
380.75		4545.45
380.875		4545.45
381		4545.45
381.125		4545.45
381.25		4545.45
381.375		4545.45
381.5		4545.45
381.625		4545.45
381.75		4545.45
381.875		4545.45
382		4545.45
382.125		4545.45
382.25		4545.45
382.375		4545.45
382.5		4545.45
382.625		4545.45
382.75		4545.45
382.875		4545.45
383		4545.45
383.125		4545.45
383.25		4545.45
383.375		4545.45
383.5		4545.45
383.625		4545.45
383.75		4545.45
383.875		4545.45
384		4545.45
384.125		4545.45
384.25		4545.45
384.375		4545.45
384.5		4545.45
384.625		4545.45
384.75		4545.45
384.875		4545.45
385		4545.45
385.125		4545.45
385.25		4545.45
385.375		4545.45
385.5		4545.45
385.625		4545.45
385.75		4545.45
385.875		4545.45
386		4545.45
386.125		4545.45
386.25		4545.45
386.375		4545.45
386.5		4545.45
386.625		4545.45
386.75		4545.45
386.875		4545.45
387		4545.45
387.125		4545.45
387.25		4545.45
387.375		4545.45
387.5		4545.45
387.625		4545.45
387.75		4545.45
387.875		4545.45
388		4545.45
388.125		4545.45
388.25		4545.45
388.375		4545.45
388.5		4545.45
388.625		4545.45
388.75		4545.45
388.875		4545.45
389		4545.45
389.125		4545.45
389.25		4545.45
389.375		4545.45
389.5		4545.45
389.625		4545.45
389.75		4545.45
389.875		4545.45
390		4545.45
390.125		4545.45
390.25		4545.45
390.375		4545.45
390.5		4545.45
390.625		4545.45
390.75		4545.45
390.875		4545.45
391		4545.45
391.125		4545.45
391.25		4545.45
391.375		4545.45
391.5		4545.45
391.625		4545.45
391.75		4545.45
391.875		4545.45
392		4545.45
392.125		4545.45
392.25		4545.45
392.375		4545.45
392.5		4545.45
392.625		4545.45
392.75		4545.45
392.875		4545.45
393		4545.45
393.125		4545.45
393.25		4545.45
393.375		4545.45
393.5		4545.45
393.625		4545.45
393.75		4545.45
393.875		4545.45
394		4545.45
394.125		4545.45
394.25		4545.45
394.375		4545.45
394.5		4545.45
394.625		4545.45
394.75		4545.45
394.875		4545.45
395		4545.45
395.125		4545.45
395.25		4545.45
395.375		4545.45
395.5		4545.45
395.625		4545.45
395.75		4545.45
395.875		4545.45
396		4545.45
396.125		4545.45
396.25		4545.45
396.375		4545.45
396.5		4545.45
396.625		4545.45
396.75		4545.45
396.875		4545.45
397		4545.45
397.125		4545.45
397.25		4545.45
397.375		4545.45
397.5		4545.45
397.625		4545.45
397.75		4545.45
397.875		4545.45
398		4545.45
398.125		4545.45
398.25		4545.45
398.375		4545.45
398.5		4545.45
398.625		4545.45
398.75		4545.45
398.875		4545.45
399		4545.45
399.125		4545.45
399.25		4545.45
399.375		4545.45
399.5		4545.45
399.625		4545.45
399.75		4545.45
399.875		4545.45
400		4545.45
400.125		4545.45
400.25		4545.45
400.375		4545.45
400.5		4545.45
400.625		4545.45
400.75		4545.45
400.875		4545.45
401		4545.45
401.125		4545.45
401.25		4545.45
401.375		4545.45
401.5		4545.45
401.625		4545.45
401.75		4545.45
401.875		4545.45
402		4545.45
402.125		4545.45
402.25		4545.45
402.375		4545.45
402.5		4545.45
402.625		4545.45
402.75		4545.45
402.875		4545.45
403		4545.45
403.125		4545.45
403.25		4545.45
403.375		4545.45
403.5		4545.45
403.625		4545.45
403.75		4545.45
403.875		4545.45
404		4545.45
404.125		4545.45
404.25		4545.45
404.375		4545.45
404.5		4545.45
404.625		4545.45
404.75		4545.45
404.875		4545.45
405		4545.45
405.125		4545.45
405.25		4545.45
405.375		4545.45
405.5		4545.45
405.625		4545.45
405.75		4545.45
405.875		4545.45
406		4545.45
406.125		4545.45
406.25		4545.45
406.375		4545.45
406.5		4545.45
406.625		4545.45
406.75		4545.45
406.875		4545.45
407		4545.45
407.125		4545.45
407.25		4545.45
407.375		4545.45
407.5		4545.45
407.625		4545.45
407.75		4545.45
407.875		4545.45
408		4545.45
408.125		4545.45
408.25		4545.45
408.375		4545.45
408.5		4545.45
408.625		4545.45
408.75		4545.45
408.875		4545.45
409		4545.45
409.125		4545.45
409.25		4545.45
409.375		4545.45
409.5		4545.45
409.625		4545.45
409.75		4545.45
409.875		4545.45
410		4545.45
410.125		4696.97
410.25		4696.97
410.375		4696.97
410.5		4696.97
410.625		4696.97
410.75		4696.97
410.875		4696.97
411		4696.97
411.125		4696.97
411.25		4696.97
411.375		4696.97
411.5		4696.97
411.625		4696.97
411.75		4696.97
411.875		4696.97
412		4696.97
412.125		4696.97
412.25		4696.97
412.375		4696.97
412.5		4696.97
412.625		4696.97
412.75		4696.97
412.875		4696.97
413		4696.97
413.125		4696.97
413.25		4696.97
413.375		4696.97
413.5		4696.97
413.625		4696.97
413.75		4696.97
413.875		4696.97
414		4696.97
414.125		4696.97
414.25		4696.97
414.375		4696.97
414.5		4696.97
414.625		4696.97
414.75		4696.97
414.875		4696.97
415		4696.97
415.125		4696.97
415.25		4696.97
415.375		4696.97
415.5		4696.97
415.625		4696.97
415.75		4696.97
415.875		4696.97
416		4696.97
416.125		4696.97
416.25		4696.97
416.375		4696.97
416.5		4696.97
416.625		4696.97
416.75		4696.97
416.875		4696.97
417		4696.97
417.125		4696.97
417.25		4696.97
417.375		4696.97
417.5		4696.97
417.625		4696.97
417.75		4696.97
417.875		4696.97
418		4696.97
418.125		4696.97
418.25		4696.97
418.375		4696.97
418.5		4696.97
418.625		4696.97
418.75		4696.97
418.875		4696.97
419		4696.97
419.125		4696.97
419.25		4696.97
419.375		4696.97
419.5		4696.97
419.625		4696.97
419.75		4696.97
419.875		4696.97
420		4696.97
420.125		4848.48
420.25		4848.48
420.375		4848.48
420.5		4848.48
420.625		4848.48
420.75		4848.48
420.875		4848.48
421		4848.48
421.125		4848.48
421.25		4848.48
421.375		4848.48
421.5		4848.48
421.625		4848.48
421.75		4848.48
421.875		4848.48
422		4848.48
422.125		4848.48
422.25		4848.48
422.375		4848.48
422.5		4848.48
422.625		4848.48
422.75		4848.48
422.875		4848.48
423		4848.48
423.125		4848.48
423.25		4848.48
423.375		4848.48
423.5		4848.48
423.625		4848.48
423.75		4848.48
423.875		4848.48
424		4848.48
424.125		4848.48
424.25		4848.48
424.375		4848.48
424.5		4848.48
424.625		4848.48
424.75		4848.48
424.875		4848.48
425		4848.48
425.125		4848.48
425.25		4848.48
425.375		4848.48
425.5		4848.48
425.625		4848.48
425.75		4848.48
425.875		4848.48
426		4848.48
426.125		4848.48
426.25		4848.48
426.375		4848.48
426.5		4848.48
426.625		4848.48
426.75		4848.48
426.875		4848.48
427		4848.48
427.125		4848.48
427.25		4848.48
427.375		4848.48
427.5		4848.48
427.625		4848.48
427.75		4848.48
427.875		4848.48
428		4848.48
428.125		4848.48
428.25		4848.48
428.375		4848.48
428.5		4848.48
428.625		4848.48
428.75		4848.48
428.875		4848.48
429		4848.48
429.125		4848.48
429.25		4848.48
429.375		4848.48
429.5		4848.48
429.625		4848.48
429.75		4848.48
429.875		4848.48
430		4848.48
430.125		4848.48
430.25		4848.48
430.375		4848.48
430.5		4848.48
430.625		4848.48
430.75		4848.48
430.875		4848.48
431		4848.48
431.125		4848.48
431.25		4848.48
431.375		4848.48
431.5		4848.48
431.625		4848.48
431.75		4848.48
431.875		4848.48
432		4848.48
432.125		4848.48
432.25		4848.48
432.375		4848.48
432.5		4848.48
432.625		4848.48
432.75		4848.48
432.875		4848.48
433		4848.48
433.125		4848.48
433.25		4848.48
433.375		4848.48
433.5		4848.48
433.625		4848.48
433.75		4848.48
433.875		4848.48
434		4848.48
434.125		4848.48
434.25		4848.48
434.375		4848.48
434.5		4848.48
434.625		4848.48
434.75		4848.48
434.875		4848.48
435		4848.48
435.125		4848.48
435.25		4848.48
435.375		4848.48
435.5		4848.48
435.625		4848.48
435.75		4848.48
435.875		4848.48
436		4848.48
436.125		4848.48
436.25		4848.48
436.375		4848.48
436.5		4848.48
436.625		4848.48
436.75		4848.48
436.875		4848.48
437		4848.48
437.125		4848.48
437.25		4848.48
437.375		4848.48
437.5		4848.48
437.625		4848.48
437.75		4848.48
437.875		4848.48
438		4848.48
438.125		4848.48
438.25		4848.48
438.375		4848.48
438.5		4848.48
438.625		4848.48
438.75		4848.48
438.875		4848.48
439		4848.48
439.125		4848.48
439.25		4848.48
439.375		4848.48
439.5		4848.48
439.625		4848.48
439.75		4848.48
439.875		4848.48
440		4848.48
440.125		4848.48
440.25		4848.48
440.375		4848.48
440.5		4848.48
440.625		4848.48
440.75		4848.48
440.875		4848.48
441		4848.48
441.125		4848.48
441.25		4848.48
441.375		4848.48
441.5		4848.48
441.625		4848.48
441.75		4848.48
441.875		4848.48
442		4848.48
442.125		4848.48
442.25		4848.48
442.375		4848.48
442.5		4848.48
442.625		4848.48
442.75		4848.48
442.875		4848.48
443		4848.48
443.125		0
443.25		0
443.375		0
443.5		0
443.625		0
443.75		0
443.875		0
444		0
444.125		0
444.25		0
444.375		0
444.5		0
444.625		0
444.75		0
444.875		0
445		0
445.125		0
445.25		0
445.375		0
445.5		0
445.625		0
445.75		0
445.875		0
446		0
446.125		0
446.25		0
446.375		0
446.5		0
446.625		0
446.75		0
446.875		0
447		0
447.125		0
447.25		0
447.375		0
447.5		0
447.625		0
447.75		0
447.875		0
448		0
448.125		0
448.25		0
448.375		0
448.5		0
448.625		0
448.75		0
448.875		0
449		0
449.125		0
449.25		0
449.375		0
449.5		0
449.625		0
449.75		0
449.875		0
450		0
450.125		0
450.25		0
450.375		0
450.5		0
450.625		0
450.75		0
450.875		0
451		0
451.125		0
451.25		0
451.375		0
451.5		0
451.625		0
451.75		0
451.875		0
452		0
452.125		0
452.25		0
452.375		0
452.5		0
452.625		0
452.75		0
452.875		0
453		0
453.125		0
453.25		0
453.375		0
453.5		0
453.625		0
453.75		0
453.875		0
454		0
454.125		0
454.25		0
454.375		0
454.5		0
454.625		0
454.75		0
454.875		0
455		0
455.125		0
455.25		0
455.375		0
455.5		0
455.625		0
455.75		0
455.875		0
456		0
456.125		0
456.25		0
456.375		0
456.5		0
456.625		0
456.75		0
456.875		0
457		0
457.125		0
457.25		0
457.375		0
457.5		0
457.625		0
457.75		0
457.875		0
458		0
458.125		0
458.25		0
458.375		0
458.5		0
458.625		0
458.75		0
458.875		0
459		0
459.125		0
459.25		0
459.375		0
459.5		0
459.625		0
459.75		0
459.875		0
460		0
460.125		0
460.25		0
460.375		0
460.5		0
460.625		0
460.75		0
460.875		0
461		0
461.125		0
461.25		0
461.375		0
461.5		0
461.625		0
461.75		0
461.875		0
462		0
462.125		0
462.25		0
462.375		0
462.5		0
462.625		0
462.75		0
462.875		0
463		0
463.125		0
463.25		0
463.375		0
463.5		0
463.625		0
463.75		0
463.875		0
464		0
464.125		0
464.25		0
464.375		0
464.5		0
464.625		0
464.75		0
464.875		0
465		0
465.125		0
465.25		0
465.375		0
465.5		0
465.625		0
465.75		0
465.875		0
466		0
466.125		0
466.25		0
466.375		0
466.5		0
466.625		0
466.75		0
466.875		0
467		0
467.125		0
467.25		0
467.375		0
467.5		0
467.625		0
467.75		0
467.875		0
468		0
468.125		0
468.25		0
468.375		0
468.5		0
468.625		0
468.75		0
468.875		0
469		0
469.125		0
469.25		0
469.375		0
469.5		0
469.625		0
469.75		0
469.875		0
470		0
470.125		0
470.25		0
470.375		0
470.5		0
470.625		0
470.75		0
470.875		0
471		0
471.125		0
471.25		0
471.375		0
471.5		0
471.625		0
471.75		0
471.875		0
472		0
472.125		0
472.25		0
472.375		0
472.5		0
472.625		0
472.75		0
472.875		0
473		0
473.125		0
473.25		0
473.375		0
473.5		0
473.625		0
473.75		0
473.875		0
474		0
474.125		0
474.25		0
474.375		0
474.5		0
474.625		0
474.75		0
474.875		0
475		0
475.125		0
475.25		0
475.375		0
475.5		0
475.625		0
475.75		0
475.875		0
476		0
476.125		0
476.25		0
476.375		0
476.5		0
476.625		0
476.75		0
476.875		0
477		0
477.125		0
477.25		0
477.375		0
477.5		0
477.625		0
477.75		0
477.875		0
478		0
478.125		0
478.25		0
478.375		0
478.5		0
478.625		0
478.75		0
478.875		0
479		0
479.125		0
479.25		0
479.375		0
479.5		0
479.625		0
479.75		0
479.875		0
480		0
480.125		0
480.25		0
480.375		0
480.5		0
480.625		0
480.75		0
480.875		0
481		0
481.125		0
481.25		0
481.375		0
481.5		0
481.625		0
481.75		0
481.875		0
482		0
482.125		0
482.25		0
482.375		0
482.5		0
482.625		0
482.75		0
482.875		0
483		0
483.125		0
483.25		0
483.375		0
483.5		0
483.625		0
483.75		0
483.875		0
484		0
484.125		0
484.25		0
484.375		0
484.5		0
484.625		0
484.75		0
484.875		0
485		0
485.125		0
485.25		0
485.375		0
485.5		0
485.625		0
485.75		0
485.875		0
486		0
486.125		0
486.25		0
486.375		0
486.5		0
486.625		0
486.75		0
486.875		0
487		0
487.125		0
487.25		0
487.375		0
487.5		0
487.625		0
487.75		0
487.875		0
488		0
488.125		0
488.25		0
488.375		0
488.5		0
488.625		0
488.75		0
488.875		0
489		0
489.125		0
489.25		0
489.375		0
489.5		0
489.625		0
489.75		0
489.875		0
490		0
490.125		0
490.25		0
490.375		0
490.5		0
490.625		0
490.75		0
490.875		0
491		0
491.125		0
491.25		0
491.375		0
491.5		0
491.625		0
491.75		0
491.875		0
492		0
492.125		0
492.25		0
492.375		0
492.5		0
492.625		0
492.75		0
492.875		0
493		0
493.125		0
493.25		0
493.375		0
493.5		0
493.625		0
493.75		0
493.875		0
494		0
494.125		0
494.25		0
494.375		0
494.5		0
494.625		0
494.75		0
494.875		0
495		0
495.125		0
495.25		0
495.375		0
495.5		0
495.625		0
495.75		0
495.875		0
496		0
496.125		0
496.25		0
496.375		0
496.5		0
496.625		0
496.75		0
496.875		0
497		0
497.125		0
497.25		0
497.375		0
497.5		0
497.625		0
497.75		0
497.875		0
498		0
498.125		0
498.25		0
498.375		0
498.5		0
498.625		0
498.75		0
498.875		0
499		0
499.125		0
499.25		0
499.375		0
499.5		0
499.625		0
499.75		0
499.875		0
500		0
