# Calibration file of tamex_id 0 @ channel 4
# fine_T bin		 Calibration value
0.125		0
0.25		0
0.375		0
0.5		0
0.625		0
0.75		0
0.875		0
1		0
1.125		0
1.25		0
1.375		0
1.5		0
1.625		0
1.75		0
1.875		0
2		0
2.125		0
2.25		0
2.375		0
2.5		0
2.625		0
2.75		0
2.875		0
3		0
3.125		0
3.25		0
3.375		0
3.5		0
3.625		0
3.75		0
3.875		0
4		0
4.125		0
4.25		0
4.375		0
4.5		0
4.625		0
4.75		0
4.875		0
5		0
5.125		0
5.25		0
5.375		0
5.5		0
5.625		0
5.75		0
5.875		0
6		0
6.125		0
6.25		0
6.375		0
6.5		0
6.625		0
6.75		0
6.875		0
7		0
7.125		0
7.25		0
7.375		0
7.5		0
7.625		0
7.75		0
7.875		0
8		0
8.125		0
8.25		0
8.375		0
8.5		0
8.625		0
8.75		0
8.875		0
9		0
9.125		0
9.25		0
9.375		0
9.5		0
9.625		0
9.75		0
9.875		0
10		0
10.125		0
10.25		0
10.375		0
10.5		0
10.625		0
10.75		0
10.875		0
11		0
11.125		0
11.25		0
11.375		0
11.5		0
11.625		0
11.75		0
11.875		0
12		0
12.125		0
12.25		0
12.375		0
12.5		0
12.625		0
12.75		0
12.875		0
13		0
13.125		0
13.25		0
13.375		0
13.5		0
13.625		0
13.75		0
13.875		0
14		0
14.125		0
14.25		0
14.375		0
14.5		0
14.625		0
14.75		0
14.875		0
15		0
15.125		0
15.25		0
15.375		0
15.5		0
15.625		0
15.75		0
15.875		0
16		0
16.125		24.109
16.25		24.109
16.375		24.109
16.5		24.109
16.625		24.109
16.75		24.109
16.875		24.109
17		24.109
17.125		36.6876
17.25		36.6876
17.375		36.6876
17.5		36.6876
17.625		36.6876
17.75		36.6876
17.875		36.6876
18		36.6876
18.125		39.8323
18.25		39.8323
18.375		39.8323
18.5		39.8323
18.625		39.8323
18.75		39.8323
18.875		39.8323
19		39.8323
19.125		40.8805
19.25		40.8805
19.375		40.8805
19.5		40.8805
19.625		40.8805
19.75		40.8805
19.875		40.8805
20		40.8805
20.125		68.6583
20.25		68.6583
20.375		68.6583
20.5		68.6583
20.625		68.6583
20.75		68.6583
20.875		68.6583
21		68.6583
21.125		80.7128
21.25		80.7128
21.375		80.7128
21.5		80.7128
21.625		80.7128
21.75		80.7128
21.875		80.7128
22		80.7128
22.125		80.7128
22.25		80.7128
22.375		80.7128
22.5		80.7128
22.625		80.7128
22.75		80.7128
22.875		80.7128
23		80.7128
23.125		87.0021
23.25		87.0021
23.375		87.0021
23.5		87.0021
23.625		87.0021
23.75		87.0021
23.875		87.0021
24		87.0021
24.125		101.153
24.25		101.153
24.375		101.153
24.5		101.153
24.625		101.153
24.75		101.153
24.875		101.153
25		101.153
25.125		116.876
25.25		116.876
25.375		116.876
25.5		116.876
25.625		116.876
25.75		116.876
25.875		116.876
26		116.876
26.125		120.545
26.25		120.545
26.375		120.545
26.5		120.545
26.625		120.545
26.75		120.545
26.875		120.545
27		120.545
27.125		131.027
27.25		131.027
27.375		131.027
27.5		131.027
27.625		131.027
27.75		131.027
27.875		131.027
28		131.027
28.125		133.648
28.25		133.648
28.375		133.648
28.5		133.648
28.625		133.648
28.75		133.648
28.875		133.648
29		133.648
29.125		146.226
29.25		146.226
29.375		146.226
29.5		146.226
29.625		146.226
29.75		146.226
29.875		146.226
30		146.226
30.125		158.281
30.25		158.281
30.375		158.281
30.5		158.281
30.625		158.281
30.75		158.281
30.875		158.281
31		158.281
31.125		160.377
31.25		160.377
31.375		160.377
31.5		160.377
31.625		160.377
31.75		160.377
31.875		160.377
32		160.377
32.125		163.522
32.25		163.522
32.375		163.522
32.5		163.522
32.625		163.522
32.75		163.522
32.875		163.522
33		163.522
33.125		186.583
33.25		186.583
33.375		186.583
33.5		186.583
33.625		186.583
33.75		186.583
33.875		186.583
34		186.583
34.125		191.824
34.25		191.824
34.375		191.824
34.5		191.824
34.625		191.824
34.75		191.824
34.875		191.824
35		191.824
35.125		194.444
35.25		194.444
35.375		194.444
35.5		194.444
35.625		194.444
35.75		194.444
35.875		194.444
36		194.444
36.125		201.258
36.25		201.258
36.375		201.258
36.5		201.258
36.625		201.258
36.75		201.258
36.875		201.258
37		201.258
37.125		204.403
37.25		204.403
37.375		204.403
37.5		204.403
37.625		204.403
37.75		204.403
37.875		204.403
38		204.403
38.125		215.409
38.25		215.409
38.375		215.409
38.5		215.409
38.625		215.409
38.75		215.409
38.875		215.409
39		215.409
39.125		216.981
39.25		216.981
39.375		216.981
39.5		216.981
39.625		216.981
39.75		216.981
39.875		216.981
40		216.981
40.125		236.897
40.25		236.897
40.375		236.897
40.5		236.897
40.625		236.897
40.75		236.897
40.875		236.897
41		236.897
41.125		238.994
41.25		238.994
41.375		238.994
41.5		238.994
41.625		238.994
41.75		238.994
41.875		238.994
42		238.994
42.125		246.331
42.25		246.331
42.375		246.331
42.5		246.331
42.625		246.331
42.75		246.331
42.875		246.331
43		246.331
43.125		250.524
43.25		250.524
43.375		250.524
43.5		250.524
43.625		250.524
43.75		250.524
43.875		250.524
44		250.524
44.125		257.862
44.25		257.862
44.375		257.862
44.5		257.862
44.625		257.862
44.75		257.862
44.875		257.862
45		257.862
45.125		258.386
45.25		258.386
45.375		258.386
45.5		258.386
45.625		258.386
45.75		258.386
45.875		258.386
46		258.386
46.125		268.868
46.25		268.868
46.375		268.868
46.5		268.868
46.625		268.868
46.75		268.868
46.875		268.868
47		268.868
47.125		273.061
47.25		273.061
47.375		273.061
47.5		273.061
47.625		273.061
47.75		273.061
47.875		273.061
48		273.061
48.125		279.35
48.25		279.35
48.375		279.35
48.5		279.35
48.625		279.35
48.75		279.35
48.875		279.35
49		279.35
49.125		280.398
49.25		280.398
49.375		280.398
49.5		280.398
49.625		280.398
49.75		280.398
49.875		280.398
50		280.398
50.125		289.832
50.25		289.832
50.375		289.832
50.5		289.832
50.625		289.832
50.75		289.832
50.875		289.832
51		289.832
51.125		295.073
51.25		295.073
51.375		295.073
51.5		295.073
51.625		295.073
51.75		295.073
51.875		295.073
52		295.073
52.125		300.839
52.25		300.839
52.375		300.839
52.5		300.839
52.625		300.839
52.75		300.839
52.875		300.839
53		300.839
53.125		307.128
53.25		307.128
53.375		307.128
53.5		307.128
53.625		307.128
53.75		307.128
53.875		307.128
54		307.128
54.125		313.417
54.25		313.417
54.375		313.417
54.5		313.417
54.625		313.417
54.75		313.417
54.875		313.417
55		313.417
55.125		316.562
55.25		316.562
55.375		316.562
55.5		316.562
55.625		316.562
55.75		316.562
55.875		316.562
56		316.562
56.125		318.658
56.25		318.658
56.375		318.658
56.5		318.658
56.625		318.658
56.75		318.658
56.875		318.658
57		318.658
57.125		323.375
57.25		323.375
57.375		323.375
57.5		323.375
57.625		323.375
57.75		323.375
57.875		323.375
58		323.375
58.125		331.761
58.25		331.761
58.375		331.761
58.5		331.761
58.625		331.761
58.75		331.761
58.875		331.761
59		331.761
59.125		334.382
59.25		334.382
59.375		334.382
59.5		334.382
59.625		334.382
59.75		334.382
59.875		334.382
60		334.382
60.125		337.002
60.25		337.002
60.375		337.002
60.5		337.002
60.625		337.002
60.75		337.002
60.875		337.002
61		337.002
61.125		337.002
61.25		337.002
61.375		337.002
61.5		337.002
61.625		337.002
61.75		337.002
61.875		337.002
62		337.002
62.125		345.388
62.25		345.388
62.375		345.388
62.5		345.388
62.625		345.388
62.75		345.388
62.875		345.388
63		345.388
63.125		356.394
63.25		356.394
63.375		356.394
63.5		356.394
63.625		356.394
63.75		356.394
63.875		356.394
64		356.394
64.125		360.063
64.25		360.063
64.375		360.063
64.5		360.063
64.625		360.063
64.75		360.063
64.875		360.063
65		360.063
65.125		371.593
65.25		371.593
65.375		371.593
65.5		371.593
65.625		371.593
65.75		371.593
65.875		371.593
66		371.593
66.125		372.642
66.25		372.642
66.375		372.642
66.5		372.642
66.625		372.642
66.75		372.642
66.875		372.642
67		372.642
67.125		377.883
67.25		377.883
67.375		377.883
67.5		377.883
67.625		377.883
67.75		377.883
67.875		377.883
68		377.883
68.125		386.792
68.25		386.792
68.375		386.792
68.5		386.792
68.625		386.792
68.75		386.792
68.875		386.792
69		386.792
69.125		388.365
69.25		388.365
69.375		388.365
69.5		388.365
69.625		388.365
69.75		388.365
69.875		388.365
70		388.365
70.125		389.937
70.25		389.937
70.375		389.937
70.5		389.937
70.625		389.937
70.75		389.937
70.875		389.937
71		389.937
71.125		398.847
71.25		398.847
71.375		398.847
71.5		398.847
71.625		398.847
71.75		398.847
71.875		398.847
72		398.847
72.125		405.136
72.25		405.136
72.375		405.136
72.5		405.136
72.625		405.136
72.75		405.136
72.875		405.136
73		405.136
73.125		407.757
73.25		407.757
73.375		407.757
73.5		407.757
73.625		407.757
73.75		407.757
73.875		407.757
74		407.757
74.125		407.757
74.25		407.757
74.375		407.757
74.5		407.757
74.625		407.757
74.75		407.757
74.875		407.757
75		407.757
75.125		414.57
75.25		414.57
75.375		414.57
75.5		414.57
75.625		414.57
75.75		414.57
75.875		414.57
76		414.57
76.125		415.094
76.25		415.094
76.375		415.094
76.5		415.094
76.625		415.094
76.75		415.094
76.875		415.094
77		415.094
77.125		418.763
77.25		418.763
77.375		418.763
77.5		418.763
77.625		418.763
77.75		418.763
77.875		418.763
78		418.763
78.125		427.149
78.25		427.149
78.375		427.149
78.5		427.149
78.625		427.149
78.75		427.149
78.875		427.149
79		427.149
79.125		428.197
79.25		428.197
79.375		428.197
79.5		428.197
79.625		428.197
79.75		428.197
79.875		428.197
80		428.197
80.125		437.107
80.25		437.107
80.375		437.107
80.5		437.107
80.625		437.107
80.75		437.107
80.875		437.107
81		437.107
81.125		442.348
81.25		442.348
81.375		442.348
81.5		442.348
81.625		442.348
81.75		442.348
81.875		442.348
82		442.348
82.125		443.92
82.25		443.92
82.375		443.92
82.5		443.92
82.625		443.92
82.75		443.92
82.875		443.92
83		443.92
83.125		443.92
83.25		443.92
83.375		443.92
83.5		443.92
83.625		443.92
83.75		443.92
83.875		443.92
84		443.92
84.125		444.969
84.25		444.969
84.375		444.969
84.5		444.969
84.625		444.969
84.75		444.969
84.875		444.969
85		444.969
85.125		450.21
85.25		450.21
85.375		450.21
85.5		450.21
85.625		450.21
85.75		450.21
85.875		450.21
86		450.21
86.125		454.927
86.25		454.927
86.375		454.927
86.5		454.927
86.625		454.927
86.75		454.927
86.875		454.927
87		454.927
87.125		456.499
87.25		456.499
87.375		456.499
87.5		456.499
87.625		456.499
87.75		456.499
87.875		456.499
88		456.499
88.125		461.74
88.25		461.74
88.375		461.74
88.5		461.74
88.625		461.74
88.75		461.74
88.875		461.74
89		461.74
89.125		464.885
89.25		464.885
89.375		464.885
89.5		464.885
89.625		464.885
89.75		464.885
89.875		464.885
90		464.885
90.125		465.409
90.25		465.409
90.375		465.409
90.5		465.409
90.625		465.409
90.75		465.409
90.875		465.409
91		465.409
91.125		476.415
91.25		476.415
91.375		476.415
91.5		476.415
91.625		476.415
91.75		476.415
91.875		476.415
92		476.415
92.125		480.608
92.25		480.608
92.375		480.608
92.5		480.608
92.625		480.608
92.75		480.608
92.875		480.608
93		480.608
93.125		484.277
93.25		484.277
93.375		484.277
93.5		484.277
93.625		484.277
93.75		484.277
93.875		484.277
94		484.277
94.125		490.042
94.25		490.042
94.375		490.042
94.5		490.042
94.625		490.042
94.75		490.042
94.875		490.042
95		490.042
95.125		494.235
95.25		494.235
95.375		494.235
95.5		494.235
95.625		494.235
95.75		494.235
95.875		494.235
96		494.235
96.125		496.855
96.25		496.855
96.375		496.855
96.5		496.855
96.625		496.855
96.75		496.855
96.875		496.855
97		496.855
97.125		508.91
97.25		508.91
97.375		508.91
97.5		508.91
97.625		508.91
97.75		508.91
97.875		508.91
98		508.91
98.125		519.392
98.25		519.392
98.375		519.392
98.5		519.392
98.625		519.392
98.75		519.392
98.875		519.392
99		519.392
99.125		520.964
99.25		520.964
99.375		520.964
99.5		520.964
99.625		520.964
99.75		520.964
99.875		520.964
100		520.964
100.125		524.109
100.25		524.109
100.375		524.109
100.5		524.109
100.625		524.109
100.75		524.109
100.875		524.109
101		524.109
101.125		524.633
101.25		524.633
101.375		524.633
101.5		524.633
101.625		524.633
101.75		524.633
101.875		524.633
102		524.633
102.125		536.164
102.25		536.164
102.375		536.164
102.5		536.164
102.625		536.164
102.75		536.164
102.875		536.164
103		536.164
103.125		540.881
103.25		540.881
103.375		540.881
103.5		540.881
103.625		540.881
103.75		540.881
103.875		540.881
104		540.881
104.125		546.122
104.25		546.122
104.375		546.122
104.5		546.122
104.625		546.122
104.75		546.122
104.875		546.122
105		546.122
105.125		548.742
105.25		548.742
105.375		548.742
105.5		548.742
105.625		548.742
105.75		548.742
105.875		548.742
106		548.742
106.125		563.417
106.25		563.417
106.375		563.417
106.5		563.417
106.625		563.417
106.75		563.417
106.875		563.417
107		563.417
107.125		568.134
107.25		568.134
107.375		568.134
107.5		568.134
107.625		568.134
107.75		568.134
107.875		568.134
108		568.134
108.125		568.658
108.25		568.658
108.375		568.658
108.5		568.658
108.625		568.658
108.75		568.658
108.875		568.658
109		568.658
109.125		570.755
109.25		570.755
109.375		570.755
109.5		570.755
109.625		570.755
109.75		570.755
109.875		570.755
110		570.755
110.125		583.857
110.25		583.857
110.375		583.857
110.5		583.857
110.625		583.857
110.75		583.857
110.875		583.857
111		583.857
111.125		588.05
111.25		588.05
111.375		588.05
111.5		588.05
111.625		588.05
111.75		588.05
111.875		588.05
112		588.05
112.125		595.388
112.25		595.388
112.375		595.388
112.5		595.388
112.625		595.388
112.75		595.388
112.875		595.388
113		595.388
113.125		600.629
113.25		600.629
113.375		600.629
113.5		600.629
113.625		600.629
113.75		600.629
113.875		600.629
114		600.629
114.125		610.587
114.25		610.587
114.375		610.587
114.5		610.587
114.625		610.587
114.75		610.587
114.875		610.587
115		610.587
115.125		624.214
115.25		624.214
115.375		624.214
115.5		624.214
115.625		624.214
115.75		624.214
115.875		624.214
116		624.214
116.125		626.834
116.25		626.834
116.375		626.834
116.5		626.834
116.625		626.834
116.75		626.834
116.875		626.834
117		626.834
117.125		641.509
117.25		641.509
117.375		641.509
117.5		641.509
117.625		641.509
117.75		641.509
117.875		641.509
118		641.509
118.125		654.612
118.25		654.612
118.375		654.612
118.5		654.612
118.625		654.612
118.75		654.612
118.875		654.612
119		654.612
119.125		659.329
119.25		659.329
119.375		659.329
119.5		659.329
119.625		659.329
119.75		659.329
119.875		659.329
120		659.329
120.125		673.48
120.25		673.48
120.375		673.48
120.5		673.48
120.625		673.48
120.75		673.48
120.875		673.48
121		673.48
121.125		675.577
121.25		675.577
121.375		675.577
121.5		675.577
121.625		675.577
121.75		675.577
121.875		675.577
122		675.577
122.125		681.342
122.25		681.342
122.375		681.342
122.5		681.342
122.625		681.342
122.75		681.342
122.875		681.342
123		681.342
123.125		697.589
123.25		697.589
123.375		697.589
123.5		697.589
123.625		697.589
123.75		697.589
123.875		697.589
124		697.589
124.125		721.698
124.25		721.698
124.375		721.698
124.5		721.698
124.625		721.698
124.75		721.698
124.875		721.698
125		721.698
125.125		723.27
125.25		723.27
125.375		723.27
125.5		723.27
125.625		723.27
125.75		723.27
125.875		723.27
126		723.27
126.125		730.608
126.25		730.608
126.375		730.608
126.5		730.608
126.625		730.608
126.75		730.608
126.875		730.608
127		730.608
127.125		732.18
127.25		732.18
127.375		732.18
127.5		732.18
127.625		732.18
127.75		732.18
127.875		732.18
128		732.18
128.125		752.096
128.25		752.096
128.375		752.096
128.5		752.096
128.625		752.096
128.75		752.096
128.875		752.096
129		752.096
129.125		787.212
129.25		787.212
129.375		787.212
129.5		787.212
129.625		787.212
129.75		787.212
129.875		787.212
130		787.212
130.125		795.073
130.25		795.073
130.375		795.073
130.5		795.073
130.625		795.073
130.75		795.073
130.875		795.073
131		795.073
131.125		808.176
131.25		808.176
131.375		808.176
131.5		808.176
131.625		808.176
131.75		808.176
131.875		808.176
132		808.176
132.125		821.279
132.25		821.279
132.375		821.279
132.5		821.279
132.625		821.279
132.75		821.279
132.875		821.279
133		821.279
133.125		840.671
133.25		840.671
133.375		840.671
133.5		840.671
133.625		840.671
133.75		840.671
133.875		840.671
134		840.671
134.125		851.677
134.25		851.677
134.375		851.677
134.5		851.677
134.625		851.677
134.75		851.677
134.875		851.677
135		851.677
135.125		859.015
135.25		859.015
135.375		859.015
135.5		859.015
135.625		859.015
135.75		859.015
135.875		859.015
136		859.015
136.125		911.426
136.25		911.426
136.375		911.426
136.5		911.426
136.625		911.426
136.75		911.426
136.875		911.426
137		911.426
137.125		918.239
137.25		918.239
137.375		918.239
137.5		918.239
137.625		918.239
137.75		918.239
137.875		918.239
138		918.239
138.125		928.721
138.25		928.721
138.375		928.721
138.5		928.721
138.625		928.721
138.75		928.721
138.875		928.721
139		928.721
139.125		936.583
139.25		936.583
139.375		936.583
139.5		936.583
139.625		936.583
139.75		936.583
139.875		936.583
140		936.583
140.125		952.83
140.25		952.83
140.375		952.83
140.5		952.83
140.625		952.83
140.75		952.83
140.875		952.83
141		952.83
141.125		993.711
141.25		993.711
141.375		993.711
141.5		993.711
141.625		993.711
141.75		993.711
141.875		993.711
142		993.711
142.125		998.428
142.25		998.428
142.375		998.428
142.5		998.428
142.625		998.428
142.75		998.428
142.875		998.428
143		998.428
143.125		1013.1
143.25		1013.1
143.375		1013.1
143.5		1013.1
143.625		1013.1
143.75		1013.1
143.875		1013.1
144		1013.1
144.125		1028.83
144.25		1028.83
144.375		1028.83
144.5		1028.83
144.625		1028.83
144.75		1028.83
144.875		1028.83
145		1028.83
145.125		1039.83
145.25		1039.83
145.375		1039.83
145.5		1039.83
145.625		1039.83
145.75		1039.83
145.875		1039.83
146		1039.83
146.125		1044.03
146.25		1044.03
146.375		1044.03
146.5		1044.03
146.625		1044.03
146.75		1044.03
146.875		1044.03
147		1044.03
147.125		1089.1
147.25		1089.1
147.375		1089.1
147.5		1089.1
147.625		1089.1
147.75		1089.1
147.875		1089.1
148		1089.1
148.125		1090.15
148.25		1090.15
148.375		1090.15
148.5		1090.15
148.625		1090.15
148.75		1090.15
148.875		1090.15
149		1090.15
149.125		1104.82
149.25		1104.82
149.375		1104.82
149.5		1104.82
149.625		1104.82
149.75		1104.82
149.875		1104.82
150		1104.82
150.125		1119.5
150.25		1119.5
150.375		1119.5
150.5		1119.5
150.625		1119.5
150.75		1119.5
150.875		1119.5
151		1119.5
151.125		1139.41
151.25		1139.41
151.375		1139.41
151.5		1139.41
151.625		1139.41
151.75		1139.41
151.875		1139.41
152		1139.41
152.125		1154.09
152.25		1154.09
152.375		1154.09
152.5		1154.09
152.625		1154.09
152.75		1154.09
152.875		1154.09
153		1154.09
153.125		1156.71
153.25		1156.71
153.375		1156.71
153.5		1156.71
153.625		1156.71
153.75		1156.71
153.875		1156.71
154		1156.71
154.125		1196.54
154.25		1196.54
154.375		1196.54
154.5		1196.54
154.625		1196.54
154.75		1196.54
154.875		1196.54
155		1196.54
155.125		1219.08
155.25		1219.08
155.375		1219.08
155.5		1219.08
155.625		1219.08
155.75		1219.08
155.875		1219.08
156		1219.08
156.125		1219.6
156.25		1219.6
156.375		1219.6
156.5		1219.6
156.625		1219.6
156.75		1219.6
156.875		1219.6
157		1219.6
157.125		1221.7
157.25		1221.7
157.375		1221.7
157.5		1221.7
157.625		1221.7
157.75		1221.7
157.875		1221.7
158		1221.7
158.125		1244.23
158.25		1244.23
158.375		1244.23
158.5		1244.23
158.625		1244.23
158.75		1244.23
158.875		1244.23
159		1244.23
159.125		1255.24
159.25		1255.24
159.375		1255.24
159.5		1255.24
159.625		1255.24
159.75		1255.24
159.875		1255.24
160		1255.24
160.125		1281.97
160.25		1281.97
160.375		1281.97
160.5		1281.97
160.625		1281.97
160.75		1281.97
160.875		1281.97
161		1281.97
161.125		1285.64
161.25		1285.64
161.375		1285.64
161.5		1285.64
161.625		1285.64
161.75		1285.64
161.875		1285.64
162		1285.64
162.125		1312.37
162.25		1312.37
162.375		1312.37
162.5		1312.37
162.625		1312.37
162.75		1312.37
162.875		1312.37
163		1312.37
163.125		1329.66
163.25		1329.66
163.375		1329.66
163.5		1329.66
163.625		1329.66
163.75		1329.66
163.875		1329.66
164		1329.66
164.125		1339.1
164.25		1339.1
164.375		1339.1
164.5		1339.1
164.625		1339.1
164.75		1339.1
164.875		1339.1
165		1339.1
165.125		1348.53
165.25		1348.53
165.375		1348.53
165.5		1348.53
165.625		1348.53
165.75		1348.53
165.875		1348.53
166		1348.53
166.125		1397.27
166.25		1397.27
166.375		1397.27
166.5		1397.27
166.625		1397.27
166.75		1397.27
166.875		1397.27
167		1397.27
167.125		1399.37
167.25		1399.37
167.375		1399.37
167.5		1399.37
167.625		1399.37
167.75		1399.37
167.875		1399.37
168		1399.37
168.125		1400.42
168.25		1400.42
168.375		1400.42
168.5		1400.42
168.625		1400.42
168.75		1400.42
168.875		1400.42
169		1400.42
169.125		1432.39
169.25		1432.39
169.375		1432.39
169.5		1432.39
169.625		1432.39
169.75		1432.39
169.875		1432.39
170		1432.39
170.125		1438.68
170.25		1438.68
170.375		1438.68
170.5		1438.68
170.625		1438.68
170.75		1438.68
170.875		1438.68
171		1438.68
171.125		1458.07
171.25		1458.07
171.375		1458.07
171.5		1458.07
171.625		1458.07
171.75		1458.07
171.875		1458.07
172		1458.07
172.125		1470.65
172.25		1470.65
172.375		1470.65
172.5		1470.65
172.625		1470.65
172.75		1470.65
172.875		1470.65
173		1470.65
173.125		1482.18
173.25		1482.18
173.375		1482.18
173.5		1482.18
173.625		1482.18
173.75		1482.18
173.875		1482.18
174		1482.18
174.125		1506.29
174.25		1506.29
174.375		1506.29
174.5		1506.29
174.625		1506.29
174.75		1506.29
174.875		1506.29
175		1506.29
175.125		1538.26
175.25		1538.26
175.375		1538.26
175.5		1538.26
175.625		1538.26
175.75		1538.26
175.875		1538.26
176		1538.26
176.125		1543.5
176.25		1543.5
176.375		1543.5
176.5		1543.5
176.625		1543.5
176.75		1543.5
176.875		1543.5
177		1543.5
177.125		1557.13
177.25		1557.13
177.375		1557.13
177.5		1557.13
177.625		1557.13
177.75		1557.13
177.875		1557.13
178		1557.13
178.125		1568.66
178.25		1568.66
178.375		1568.66
178.5		1568.66
178.625		1568.66
178.75		1568.66
178.875		1568.66
179		1568.66
179.125		1593.82
179.25		1593.82
179.375		1593.82
179.5		1593.82
179.625		1593.82
179.75		1593.82
179.875		1593.82
180		1593.82
180.125		1601.68
180.25		1601.68
180.375		1601.68
180.5		1601.68
180.625		1601.68
180.75		1601.68
180.875		1601.68
181		1601.68
181.125		1629.98
181.25		1629.98
181.375		1629.98
181.5		1629.98
181.625		1629.98
181.75		1629.98
181.875		1629.98
182		1629.98
182.125		1647.27
182.25		1647.27
182.375		1647.27
182.5		1647.27
182.625		1647.27
182.75		1647.27
182.875		1647.27
183		1647.27
183.125		1665.62
183.25		1665.62
183.375		1665.62
183.5		1665.62
183.625		1665.62
183.75		1665.62
183.875		1665.62
184		1665.62
184.125		1674
184.25		1674
184.375		1674
184.5		1674
184.625		1674
184.75		1674
184.875		1674
185		1674
185.125		1687.63
185.25		1687.63
185.375		1687.63
185.5		1687.63
185.625		1687.63
185.75		1687.63
185.875		1687.63
186		1687.63
186.125		1690.25
186.25		1690.25
186.375		1690.25
186.5		1690.25
186.625		1690.25
186.75		1690.25
186.875		1690.25
187		1690.25
187.125		1707.55
187.25		1707.55
187.375		1707.55
187.5		1707.55
187.625		1707.55
187.75		1707.55
187.875		1707.55
188		1707.55
188.125		1756.81
188.25		1756.81
188.375		1756.81
188.5		1756.81
188.625		1756.81
188.75		1756.81
188.875		1756.81
189		1756.81
189.125		1759.43
189.25		1759.43
189.375		1759.43
189.5		1759.43
189.625		1759.43
189.75		1759.43
189.875		1759.43
190		1759.43
190.125		1762.58
190.25		1762.58
190.375		1762.58
190.5		1762.58
190.625		1762.58
190.75		1762.58
190.875		1762.58
191		1762.58
191.125		1765.72
191.25		1765.72
191.375		1765.72
191.5		1765.72
191.625		1765.72
191.75		1765.72
191.875		1765.72
192		1765.72
192.125		1809.22
192.25		1809.22
192.375		1809.22
192.5		1809.22
192.625		1809.22
192.75		1809.22
192.875		1809.22
193		1809.22
193.125		1816.04
193.25		1816.04
193.375		1816.04
193.5		1816.04
193.625		1816.04
193.75		1816.04
193.875		1816.04
194		1816.04
194.125		1820.75
194.25		1820.75
194.375		1820.75
194.5		1820.75
194.625		1820.75
194.75		1820.75
194.875		1820.75
195		1820.75
195.125		1834.38
195.25		1834.38
195.375		1834.38
195.5		1834.38
195.625		1834.38
195.75		1834.38
195.875		1834.38
196		1834.38
196.125		1845.39
196.25		1845.39
196.375		1845.39
196.5		1845.39
196.625		1845.39
196.75		1845.39
196.875		1845.39
197		1845.39
197.125		1869.5
197.25		1869.5
197.375		1869.5
197.5		1869.5
197.625		1869.5
197.75		1869.5
197.875		1869.5
198		1869.5
198.125		1872.64
198.25		1872.64
198.375		1872.64
198.5		1872.64
198.625		1872.64
198.75		1872.64
198.875		1872.64
199		1872.64
199.125		1889.94
199.25		1889.94
199.375		1889.94
199.5		1889.94
199.625		1889.94
199.75		1889.94
199.875		1889.94
200		1889.94
200.125		1901.99
200.25		1901.99
200.375		1901.99
200.5		1901.99
200.625		1901.99
200.75		1901.99
200.875		1901.99
201		1901.99
201.125		1910.9
201.25		1910.9
201.375		1910.9
201.5		1910.9
201.625		1910.9
201.75		1910.9
201.875		1910.9
202		1910.9
202.125		1929.25
202.25		1929.25
202.375		1929.25
202.5		1929.25
202.625		1929.25
202.75		1929.25
202.875		1929.25
203		1929.25
203.125		1940.78
203.25		1940.78
203.375		1940.78
203.5		1940.78
203.625		1940.78
203.75		1940.78
203.875		1940.78
204		1940.78
204.125		1951.78
204.25		1951.78
204.375		1951.78
204.5		1951.78
204.625		1951.78
204.75		1951.78
204.875		1951.78
205		1951.78
205.125		1978.51
205.25		1978.51
205.375		1978.51
205.5		1978.51
205.625		1978.51
205.75		1978.51
205.875		1978.51
206		1978.51
206.125		1981.13
206.25		1981.13
206.375		1981.13
206.5		1981.13
206.625		1981.13
206.75		1981.13
206.875		1981.13
207		1981.13
207.125		1995.28
207.25		1995.28
207.375		1995.28
207.5		1995.28
207.625		1995.28
207.75		1995.28
207.875		1995.28
208		1995.28
208.125		2001.57
208.25		2001.57
208.375		2001.57
208.5		2001.57
208.625		2001.57
208.75		2001.57
208.875		2001.57
209		2001.57
209.125		2017.3
209.25		2017.3
209.375		2017.3
209.5		2017.3
209.625		2017.3
209.75		2017.3
209.875		2017.3
210		2017.3
210.125		2049.27
210.25		2049.27
210.375		2049.27
210.5		2049.27
210.625		2049.27
210.75		2049.27
210.875		2049.27
211		2049.27
211.125		2055.56
211.25		2055.56
211.375		2055.56
211.5		2055.56
211.625		2055.56
211.75		2055.56
211.875		2055.56
212		2055.56
212.125		2060.8
212.25		2060.8
212.375		2060.8
212.5		2060.8
212.625		2060.8
212.75		2060.8
212.875		2060.8
213		2060.8
213.125		2066.04
213.25		2066.04
213.375		2066.04
213.5		2066.04
213.625		2066.04
213.75		2066.04
213.875		2066.04
214		2066.04
214.125		2085.95
214.25		2085.95
214.375		2085.95
214.5		2085.95
214.625		2085.95
214.75		2085.95
214.875		2085.95
215		2085.95
215.125		2091.19
215.25		2091.19
215.375		2091.19
215.5		2091.19
215.625		2091.19
215.75		2091.19
215.875		2091.19
216		2091.19
216.125		2093.29
216.25		2093.29
216.375		2093.29
216.5		2093.29
216.625		2093.29
216.75		2093.29
216.875		2093.29
217		2093.29
217.125		2107.97
217.25		2107.97
217.375		2107.97
217.5		2107.97
217.625		2107.97
217.75		2107.97
217.875		2107.97
218		2107.97
218.125		2115.83
218.25		2115.83
218.375		2115.83
218.5		2115.83
218.625		2115.83
218.75		2115.83
218.875		2115.83
219		2115.83
219.125		2127.36
219.25		2127.36
219.375		2127.36
219.5		2127.36
219.625		2127.36
219.75		2127.36
219.875		2127.36
220		2127.36
220.125		2137.84
220.25		2137.84
220.375		2137.84
220.5		2137.84
220.625		2137.84
220.75		2137.84
220.875		2137.84
221		2137.84
221.125		2138.36
221.25		2138.36
221.375		2138.36
221.5		2138.36
221.625		2138.36
221.75		2138.36
221.875		2138.36
222		2138.36
222.125		2148.85
222.25		2148.85
222.375		2148.85
222.5		2148.85
222.625		2148.85
222.75		2148.85
222.875		2148.85
223		2148.85
223.125		2169.81
223.25		2169.81
223.375		2169.81
223.5		2169.81
223.625		2169.81
223.75		2169.81
223.875		2169.81
224		2169.81
224.125		2170.34
224.25		2170.34
224.375		2170.34
224.5		2170.34
224.625		2170.34
224.75		2170.34
224.875		2170.34
225		2170.34
225.125		2174
225.25		2174
225.375		2174
225.5		2174
225.625		2174
225.75		2174
225.875		2174
226		2174
226.125		2184.49
226.25		2184.49
226.375		2184.49
226.5		2184.49
226.625		2184.49
226.75		2184.49
226.875		2184.49
227		2184.49
227.125		2201.78
227.25		2201.78
227.375		2201.78
227.5		2201.78
227.625		2201.78
227.75		2201.78
227.875		2201.78
228		2201.78
228.125		2202.83
228.25		2202.83
228.375		2202.83
228.5		2202.83
228.625		2202.83
228.75		2202.83
228.875		2202.83
229		2202.83
229.125		2216.46
229.25		2216.46
229.375		2216.46
229.5		2216.46
229.625		2216.46
229.75		2216.46
229.875		2216.46
230		2216.46
230.125		2218.03
230.25		2218.03
230.375		2218.03
230.5		2218.03
230.625		2218.03
230.75		2218.03
230.875		2218.03
231		2218.03
231.125		2235.32
231.25		2235.32
231.375		2235.32
231.5		2235.32
231.625		2235.32
231.75		2235.32
231.875		2235.32
232		2235.32
232.125		2241.61
232.25		2241.61
232.375		2241.61
232.5		2241.61
232.625		2241.61
232.75		2241.61
232.875		2241.61
233		2241.61
233.125		2241.61
233.25		2241.61
233.375		2241.61
233.5		2241.61
233.625		2241.61
233.75		2241.61
233.875		2241.61
234		2241.61
234.125		2245.28
234.25		2245.28
234.375		2245.28
234.5		2245.28
234.625		2245.28
234.75		2245.28
234.875		2245.28
235		2245.28
235.125		2251.05
235.25		2251.05
235.375		2251.05
235.5		2251.05
235.625		2251.05
235.75		2251.05
235.875		2251.05
236		2251.05
236.125		2267.3
236.25		2267.3
236.375		2267.3
236.5		2267.3
236.625		2267.3
236.75		2267.3
236.875		2267.3
237		2267.3
237.125		2269.39
237.25		2269.39
237.375		2269.39
237.5		2269.39
237.625		2269.39
237.75		2269.39
237.875		2269.39
238		2269.39
238.125		2275.16
238.25		2275.16
238.375		2275.16
238.5		2275.16
238.625		2275.16
238.75		2275.16
238.875		2275.16
239		2275.16
239.125		2286.69
239.25		2286.69
239.375		2286.69
239.5		2286.69
239.625		2286.69
239.75		2286.69
239.875		2286.69
240		2286.69
240.125		2303.46
240.25		2303.46
240.375		2303.46
240.5		2303.46
240.625		2303.46
240.75		2303.46
240.875		2303.46
241		2303.46
241.125		2305.03
241.25		2305.03
241.375		2305.03
241.5		2305.03
241.625		2305.03
241.75		2305.03
241.875		2305.03
242		2305.03
242.125		2310.27
242.25		2310.27
242.375		2310.27
242.5		2310.27
242.625		2310.27
242.75		2310.27
242.875		2310.27
243		2310.27
243.125		2315.51
243.25		2315.51
243.375		2315.51
243.5		2315.51
243.625		2315.51
243.75		2315.51
243.875		2315.51
244		2315.51
244.125		2330.71
244.25		2330.71
244.375		2330.71
244.5		2330.71
244.625		2330.71
244.75		2330.71
244.875		2330.71
245		2330.71
245.125		2331.76
245.25		2331.76
245.375		2331.76
245.5		2331.76
245.625		2331.76
245.75		2331.76
245.875		2331.76
246		2331.76
246.125		2342.24
246.25		2342.24
246.375		2342.24
246.5		2342.24
246.625		2342.24
246.75		2342.24
246.875		2342.24
247		2342.24
247.125		2343.82
247.25		2343.82
247.375		2343.82
247.5		2343.82
247.625		2343.82
247.75		2343.82
247.875		2343.82
248		2343.82
248.125		2348.01
248.25		2348.01
248.375		2348.01
248.5		2348.01
248.625		2348.01
248.75		2348.01
248.875		2348.01
249		2348.01
249.125		2360.59
249.25		2360.59
249.375		2360.59
249.5		2360.59
249.625		2360.59
249.75		2360.59
249.875		2360.59
250		2360.59
250.125		2361.64
250.25		2361.64
250.375		2361.64
250.5		2361.64
250.625		2361.64
250.75		2361.64
250.875		2361.64
251		2361.64
251.125		2365.3
251.25		2365.3
251.375		2365.3
251.5		2365.3
251.625		2365.3
251.75		2365.3
251.875		2365.3
252		2365.3
252.125		2371.59
252.25		2371.59
252.375		2371.59
252.5		2371.59
252.625		2371.59
252.75		2371.59
252.875		2371.59
253		2371.59
253.125		2383.65
253.25		2383.65
253.375		2383.65
253.5		2383.65
253.625		2383.65
253.75		2383.65
253.875		2383.65
254		2383.65
254.125		2396.23
254.25		2396.23
254.375		2396.23
254.5		2396.23
254.625		2396.23
254.75		2396.23
254.875		2396.23
255		2396.23
255.125		2397.8
255.25		2397.8
255.375		2397.8
255.5		2397.8
255.625		2397.8
255.75		2397.8
255.875		2397.8
256		2397.8
256.125		2403.04
256.25		2403.04
256.375		2403.04
256.5		2403.04
256.625		2403.04
256.75		2403.04
256.875		2403.04
257		2403.04
257.125		2404.61
257.25		2404.61
257.375		2404.61
257.5		2404.61
257.625		2404.61
257.75		2404.61
257.875		2404.61
258		2404.61
258.125		2419.29
258.25		2419.29
258.375		2419.29
258.5		2419.29
258.625		2419.29
258.75		2419.29
258.875		2419.29
259		2419.29
259.125		2424
259.25		2424
259.375		2424
259.5		2424
259.625		2424
259.75		2424
259.875		2424
260		2424
260.125		2427.67
260.25		2427.67
260.375		2427.67
260.5		2427.67
260.625		2427.67
260.75		2427.67
260.875		2427.67
261		2427.67
261.125		2429.25
261.25		2429.25
261.375		2429.25
261.5		2429.25
261.625		2429.25
261.75		2429.25
261.875		2429.25
262		2429.25
262.125		2446.54
262.25		2446.54
262.375		2446.54
262.5		2446.54
262.625		2446.54
262.75		2446.54
262.875		2446.54
263		2446.54
263.125		2446.54
263.25		2446.54
263.375		2446.54
263.5		2446.54
263.625		2446.54
263.75		2446.54
263.875		2446.54
264		2446.54
264.125		2450.21
264.25		2450.21
264.375		2450.21
264.5		2450.21
264.625		2450.21
264.75		2450.21
264.875		2450.21
265		2450.21
265.125		2459.12
265.25		2459.12
265.375		2459.12
265.5		2459.12
265.625		2459.12
265.75		2459.12
265.875		2459.12
266		2459.12
266.125		2473.27
266.25		2473.27
266.375		2473.27
266.5		2473.27
266.625		2473.27
266.75		2473.27
266.875		2473.27
267		2473.27
267.125		2476.94
267.25		2476.94
267.375		2476.94
267.5		2476.94
267.625		2476.94
267.75		2476.94
267.875		2476.94
268		2476.94
268.125		2479.56
268.25		2479.56
268.375		2479.56
268.5		2479.56
268.625		2479.56
268.75		2479.56
268.875		2479.56
269		2479.56
269.125		2481.13
269.25		2481.13
269.375		2481.13
269.5		2481.13
269.625		2481.13
269.75		2481.13
269.875		2481.13
270		2481.13
270.125		2504.72
270.25		2504.72
270.375		2504.72
270.5		2504.72
270.625		2504.72
270.75		2504.72
270.875		2504.72
271		2504.72
271.125		2514.68
271.25		2514.68
271.375		2514.68
271.5		2514.68
271.625		2514.68
271.75		2514.68
271.875		2514.68
272		2514.68
272.125		2519.39
272.25		2519.39
272.375		2519.39
272.5		2519.39
272.625		2519.39
272.75		2519.39
272.875		2519.39
273		2519.39
273.125		2525.16
273.25		2525.16
273.375		2525.16
273.5		2525.16
273.625		2525.16
273.75		2525.16
273.875		2525.16
274		2525.16
274.125		2526.21
274.25		2526.21
274.375		2526.21
274.5		2526.21
274.625		2526.21
274.75		2526.21
274.875		2526.21
275		2526.21
275.125		2536.16
275.25		2536.16
275.375		2536.16
275.5		2536.16
275.625		2536.16
275.75		2536.16
275.875		2536.16
276		2536.16
276.125		2539.31
276.25		2539.31
276.375		2539.31
276.5		2539.31
276.625		2539.31
276.75		2539.31
276.875		2539.31
277		2539.31
277.125		2553.98
277.25		2553.98
277.375		2553.98
277.5		2553.98
277.625		2553.98
277.75		2553.98
277.875		2553.98
278		2553.98
278.125		2553.98
278.25		2553.98
278.375		2553.98
278.5		2553.98
278.625		2553.98
278.75		2553.98
278.875		2553.98
279		2553.98
279.125		2555.56
279.25		2555.56
279.375		2555.56
279.5		2555.56
279.625		2555.56
279.75		2555.56
279.875		2555.56
280		2555.56
280.125		2578.62
280.25		2578.62
280.375		2578.62
280.5		2578.62
280.625		2578.62
280.75		2578.62
280.875		2578.62
281		2578.62
281.125		2584.38
281.25		2584.38
281.375		2584.38
281.5		2584.38
281.625		2584.38
281.75		2584.38
281.875		2584.38
282		2584.38
282.125		2588.57
282.25		2588.57
282.375		2588.57
282.5		2588.57
282.625		2588.57
282.75		2588.57
282.875		2588.57
283		2588.57
283.125		2609.01
283.25		2609.01
283.375		2609.01
283.5		2609.01
283.625		2609.01
283.75		2609.01
283.875		2609.01
284		2609.01
284.125		2612.68
284.25		2612.68
284.375		2612.68
284.5		2612.68
284.625		2612.68
284.75		2612.68
284.875		2612.68
285		2612.68
285.125		2617.4
285.25		2617.4
285.375		2617.4
285.5		2617.4
285.625		2617.4
285.75		2617.4
285.875		2617.4
286		2617.4
286.125		2623.17
286.25		2623.17
286.375		2623.17
286.5		2623.17
286.625		2623.17
286.75		2623.17
286.875		2623.17
287		2623.17
287.125		2631.03
287.25		2631.03
287.375		2631.03
287.5		2631.03
287.625		2631.03
287.75		2631.03
287.875		2631.03
288		2631.03
288.125		2636.27
288.25		2636.27
288.375		2636.27
288.5		2636.27
288.625		2636.27
288.75		2636.27
288.875		2636.27
289		2636.27
289.125		2649.37
289.25		2649.37
289.375		2649.37
289.5		2649.37
289.625		2649.37
289.75		2649.37
289.875		2649.37
290		2649.37
290.125		2649.37
290.25		2649.37
290.375		2649.37
290.5		2649.37
290.625		2649.37
290.75		2649.37
290.875		2649.37
291		2649.37
291.125		2651.99
291.25		2651.99
291.375		2651.99
291.5		2651.99
291.625		2651.99
291.75		2651.99
291.875		2651.99
292		2651.99
292.125		2664.57
292.25		2664.57
292.375		2664.57
292.5		2664.57
292.625		2664.57
292.75		2664.57
292.875		2664.57
293		2664.57
293.125		2668.24
293.25		2668.24
293.375		2668.24
293.5		2668.24
293.625		2668.24
293.75		2668.24
293.875		2668.24
294		2668.24
294.125		2681.34
294.25		2681.34
294.375		2681.34
294.5		2681.34
294.625		2681.34
294.75		2681.34
294.875		2681.34
295		2681.34
295.125		2704.4
295.25		2704.4
295.375		2704.4
295.5		2704.4
295.625		2704.4
295.75		2704.4
295.875		2704.4
296		2704.4
296.125		2711.22
296.25		2711.22
296.375		2711.22
296.5		2711.22
296.625		2711.22
296.75		2711.22
296.875		2711.22
297		2711.22
297.125		2736.9
297.25		2736.9
297.375		2736.9
297.5		2736.9
297.625		2736.9
297.75		2736.9
297.875		2736.9
298		2736.9
298.125		2740.57
298.25		2740.57
298.375		2740.57
298.5		2740.57
298.625		2740.57
298.75		2740.57
298.875		2740.57
299		2740.57
299.125		2747.38
299.25		2747.38
299.375		2747.38
299.5		2747.38
299.625		2747.38
299.75		2747.38
299.875		2747.38
300		2747.38
300.125		2770.96
300.25		2770.96
300.375		2770.96
300.5		2770.96
300.625		2770.96
300.75		2770.96
300.875		2770.96
301		2770.96
301.125		2780.92
301.25		2780.92
301.375		2780.92
301.5		2780.92
301.625		2780.92
301.75		2780.92
301.875		2780.92
302		2780.92
302.125		2786.16
302.25		2786.16
302.375		2786.16
302.5		2786.16
302.625		2786.16
302.75		2786.16
302.875		2786.16
303		2786.16
303.125		2787.74
303.25		2787.74
303.375		2787.74
303.5		2787.74
303.625		2787.74
303.75		2787.74
303.875		2787.74
304		2787.74
304.125		2802.41
304.25		2802.41
304.375		2802.41
304.5		2802.41
304.625		2802.41
304.75		2802.41
304.875		2802.41
305		2802.41
305.125		2808.18
305.25		2808.18
305.375		2808.18
305.5		2808.18
305.625		2808.18
305.75		2808.18
305.875		2808.18
306		2808.18
306.125		2809.22
306.25		2809.22
306.375		2809.22
306.5		2809.22
306.625		2809.22
306.75		2809.22
306.875		2809.22
307		2809.22
307.125		2832.29
307.25		2832.29
307.375		2832.29
307.5		2832.29
307.625		2832.29
307.75		2832.29
307.875		2832.29
308		2832.29
308.125		2835.95
308.25		2835.95
308.375		2835.95
308.5		2835.95
308.625		2835.95
308.75		2835.95
308.875		2835.95
309		2835.95
309.125		2849.06
309.25		2849.06
309.375		2849.06
309.5		2849.06
309.625		2849.06
309.75		2849.06
309.875		2849.06
310		2849.06
310.125		2852.2
310.25		2852.2
310.375		2852.2
310.5		2852.2
310.625		2852.2
310.75		2852.2
310.875		2852.2
311		2852.2
311.125		2858.49
311.25		2858.49
311.375		2858.49
311.5		2858.49
311.625		2858.49
311.75		2858.49
311.875		2858.49
312		2858.49
312.125		2867.92
312.25		2867.92
312.375		2867.92
312.5		2867.92
312.625		2867.92
312.75		2867.92
312.875		2867.92
313		2867.92
313.125		2890.99
313.25		2890.99
313.375		2890.99
313.5		2890.99
313.625		2890.99
313.75		2890.99
313.875		2890.99
314		2890.99
314.125		2901.47
314.25		2901.47
314.375		2901.47
314.5		2901.47
314.625		2901.47
314.75		2901.47
314.875		2901.47
315		2901.47
315.125		2905.14
315.25		2905.14
315.375		2905.14
315.5		2905.14
315.625		2905.14
315.75		2905.14
315.875		2905.14
316		2905.14
316.125		2921.38
316.25		2921.38
316.375		2921.38
316.5		2921.38
316.625		2921.38
316.75		2921.38
316.875		2921.38
317		2921.38
317.125		2926.1
317.25		2926.1
317.375		2926.1
317.5		2926.1
317.625		2926.1
317.75		2926.1
317.875		2926.1
318		2926.1
318.125		2949.69
318.25		2949.69
318.375		2949.69
318.5		2949.69
318.625		2949.69
318.75		2949.69
318.875		2949.69
319		2949.69
319.125		2962.79
319.25		2962.79
319.375		2962.79
319.5		2962.79
319.625		2962.79
319.75		2962.79
319.875		2962.79
320		2962.79
320.125		2963.31
320.25		2963.31
320.375		2963.31
320.5		2963.31
320.625		2963.31
320.75		2963.31
320.875		2963.31
321		2963.31
321.125		2974.32
321.25		2974.32
321.375		2974.32
321.5		2974.32
321.625		2974.32
321.75		2974.32
321.875		2974.32
322		2974.32
322.125		2986.37
322.25		2986.37
322.375		2986.37
322.5		2986.37
322.625		2986.37
322.75		2986.37
322.875		2986.37
323		2986.37
323.125		2986.9
323.25		2986.9
323.375		2986.9
323.5		2986.9
323.625		2986.9
323.75		2986.9
323.875		2986.9
324		2986.9
324.125		2998.43
324.25		2998.43
324.375		2998.43
324.5		2998.43
324.625		2998.43
324.75		2998.43
324.875		2998.43
325		2998.43
325.125		3013.63
325.25		3013.63
325.375		3013.63
325.5		3013.63
325.625		3013.63
325.75		3013.63
325.875		3013.63
326		3013.63
326.125		3030.92
326.25		3030.92
326.375		3030.92
326.5		3030.92
326.625		3030.92
326.75		3030.92
326.875		3030.92
327		3030.92
327.125		3044.03
327.25		3044.03
327.375		3044.03
327.5		3044.03
327.625		3044.03
327.75		3044.03
327.875		3044.03
328		3044.03
328.125		3047.69
328.25		3047.69
328.375		3047.69
328.5		3047.69
328.625		3047.69
328.75		3047.69
328.875		3047.69
329		3047.69
329.125		3048.22
329.25		3048.22
329.375		3048.22
329.5		3048.22
329.625		3048.22
329.75		3048.22
329.875		3048.22
330		3048.22
330.125		3071.8
330.25		3071.8
330.375		3071.8
330.5		3071.8
330.625		3071.8
330.75		3071.8
330.875		3071.8
331		3071.8
331.125		3072.33
331.25		3072.33
331.375		3072.33
331.5		3072.33
331.625		3072.33
331.75		3072.33
331.875		3072.33
332		3072.33
332.125		3080.71
332.25		3080.71
332.375		3080.71
332.5		3080.71
332.625		3080.71
332.75		3080.71
332.875		3080.71
333		3080.71
333.125		3094.86
333.25		3094.86
333.375		3094.86
333.5		3094.86
333.625		3094.86
333.75		3094.86
333.875		3094.86
334		3094.86
334.125		3105.35
334.25		3105.35
334.375		3105.35
334.5		3105.35
334.625		3105.35
334.75		3105.35
334.875		3105.35
335		3105.35
335.125		3108.49
335.25		3108.49
335.375		3108.49
335.5		3108.49
335.625		3108.49
335.75		3108.49
335.875		3108.49
336		3108.49
336.125		3115.83
336.25		3115.83
336.375		3115.83
336.5		3115.83
336.625		3115.83
336.75		3115.83
336.875		3115.83
337		3115.83
337.125		3125.79
337.25		3125.79
337.375		3125.79
337.5		3125.79
337.625		3125.79
337.75		3125.79
337.875		3125.79
338		3125.79
338.125		3147.27
338.25		3147.27
338.375		3147.27
338.5		3147.27
338.625		3147.27
338.75		3147.27
338.875		3147.27
339		3147.27
339.125		3154.09
339.25		3154.09
339.375		3154.09
339.5		3154.09
339.625		3154.09
339.75		3154.09
339.875		3154.09
340		3154.09
340.125		3165.62
340.25		3165.62
340.375		3165.62
340.5		3165.62
340.625		3165.62
340.75		3165.62
340.875		3165.62
341		3165.62
341.125		3172.43
341.25		3172.43
341.375		3172.43
341.5		3172.43
341.625		3172.43
341.75		3172.43
341.875		3172.43
342		3172.43
342.125		3196.02
342.25		3196.02
342.375		3196.02
342.5		3196.02
342.625		3196.02
342.75		3196.02
342.875		3196.02
343		3196.02
343.125		3212.79
343.25		3212.79
343.375		3212.79
343.5		3212.79
343.625		3212.79
343.75		3212.79
343.875		3212.79
344		3212.79
344.125		3216.98
344.25		3216.98
344.375		3216.98
344.5		3216.98
344.625		3216.98
344.75		3216.98
344.875		3216.98
345		3216.98
345.125		3243.19
345.25		3243.19
345.375		3243.19
345.5		3243.19
345.625		3243.19
345.75		3243.19
345.875		3243.19
346		3243.19
346.125		3246.33
346.25		3246.33
346.375		3246.33
346.5		3246.33
346.625		3246.33
346.75		3246.33
346.875		3246.33
347		3246.33
347.125		3254.19
347.25		3254.19
347.375		3254.19
347.5		3254.19
347.625		3254.19
347.75		3254.19
347.875		3254.19
348		3254.19
348.125		3262.58
348.25		3262.58
348.375		3262.58
348.5		3262.58
348.625		3262.58
348.75		3262.58
348.875		3262.58
349		3262.58
349.125		3286.69
349.25		3286.69
349.375		3286.69
349.5		3286.69
349.625		3286.69
349.75		3286.69
349.875		3286.69
350		3286.69
350.125		3290.88
350.25		3290.88
350.375		3290.88
350.5		3290.88
350.625		3290.88
350.75		3290.88
350.875		3290.88
351		3290.88
351.125		3290.88
351.25		3290.88
351.375		3290.88
351.5		3290.88
351.625		3290.88
351.75		3290.88
351.875		3290.88
352		3290.88
352.125		3292.98
352.25		3292.98
352.375		3292.98
352.5		3292.98
352.625		3292.98
352.75		3292.98
352.875		3292.98
353		3292.98
353.125		3301.89
353.25		3301.89
353.375		3301.89
353.5		3301.89
353.625		3301.89
353.75		3301.89
353.875		3301.89
354		3301.89
354.125		3321.8
354.25		3321.8
354.375		3321.8
354.5		3321.8
354.625		3321.8
354.75		3321.8
354.875		3321.8
355		3321.8
355.125		3329.14
355.25		3329.14
355.375		3329.14
355.5		3329.14
355.625		3329.14
355.75		3329.14
355.875		3329.14
356		3329.14
356.125		3336.48
356.25		3336.48
356.375		3336.48
356.5		3336.48
356.625		3336.48
356.75		3336.48
356.875		3336.48
357		3336.48
357.125		3355.35
357.25		3355.35
357.375		3355.35
357.5		3355.35
357.625		3355.35
357.75		3355.35
357.875		3355.35
358		3355.35
358.125		3370.02
358.25		3370.02
358.375		3370.02
358.5		3370.02
358.625		3370.02
358.75		3370.02
358.875		3370.02
359		3370.02
359.125		3395.18
359.25		3395.18
359.375		3395.18
359.5		3395.18
359.625		3395.18
359.75		3395.18
359.875		3395.18
360		3395.18
360.125		3395.7
360.25		3395.7
360.375		3395.7
360.5		3395.7
360.625		3395.7
360.75		3395.7
360.875		3395.7
361		3395.7
361.125		3406.18
361.25		3406.18
361.375		3406.18
361.5		3406.18
361.625		3406.18
361.75		3406.18
361.875		3406.18
362		3406.18
362.125		3421.91
362.25		3421.91
362.375		3421.91
362.5		3421.91
362.625		3421.91
362.75		3421.91
362.875		3421.91
363		3421.91
363.125		3430.82
363.25		3430.82
363.375		3430.82
363.5		3430.82
363.625		3430.82
363.75		3430.82
363.875		3430.82
364		3430.82
364.125		3436.06
364.25		3436.06
364.375		3436.06
364.5		3436.06
364.625		3436.06
364.75		3436.06
364.875		3436.06
365		3436.06
365.125		3442.87
365.25		3442.87
365.375		3442.87
365.5		3442.87
365.625		3442.87
365.75		3442.87
365.875		3442.87
366		3442.87
366.125		3454.93
366.25		3454.93
366.375		3454.93
366.5		3454.93
366.625		3454.93
366.75		3454.93
366.875		3454.93
367		3454.93
367.125		3459.64
367.25		3459.64
367.375		3459.64
367.5		3459.64
367.625		3459.64
367.75		3459.64
367.875		3459.64
368		3459.64
368.125		3467.51
368.25		3467.51
368.375		3467.51
368.5		3467.51
368.625		3467.51
368.75		3467.51
368.875		3467.51
369		3467.51
369.125		3474.84
369.25		3474.84
369.375		3474.84
369.5		3474.84
369.625		3474.84
369.75		3474.84
369.875		3474.84
370		3474.84
370.125		3497.38
370.25		3497.38
370.375		3497.38
370.5		3497.38
370.625		3497.38
370.75		3497.38
370.875		3497.38
371		3497.38
371.125		3512.05
371.25		3512.05
371.375		3512.05
371.5		3512.05
371.625		3512.05
371.75		3512.05
371.875		3512.05
372		3512.05
372.125		3513.1
372.25		3513.1
372.375		3513.1
372.5		3513.1
372.625		3513.1
372.75		3513.1
372.875		3513.1
373		3513.1
373.125		3513.63
373.25		3513.63
373.375		3513.63
373.5		3513.63
373.625		3513.63
373.75		3513.63
373.875		3513.63
374		3513.63
374.125		3529.35
374.25		3529.35
374.375		3529.35
374.5		3529.35
374.625		3529.35
374.75		3529.35
374.875		3529.35
375		3529.35
375.125		3547.69
375.25		3547.69
375.375		3547.69
375.5		3547.69
375.625		3547.69
375.75		3547.69
375.875		3547.69
376		3547.69
376.125		3548.22
376.25		3548.22
376.375		3548.22
376.5		3548.22
376.625		3548.22
376.75		3548.22
376.875		3548.22
377		3548.22
377.125		3552.41
377.25		3552.41
377.375		3552.41
377.5		3552.41
377.625		3552.41
377.75		3552.41
377.875		3552.41
378		3552.41
378.125		3558.7
378.25		3558.7
378.375		3558.7
378.5		3558.7
378.625		3558.7
378.75		3558.7
378.875		3558.7
379		3558.7
379.125		3565.51
379.25		3565.51
379.375		3565.51
379.5		3565.51
379.625		3565.51
379.75		3565.51
379.875		3565.51
380		3565.51
380.125		3587
380.25		3587
380.375		3587
380.5		3587
380.625		3587
380.75		3587
380.875		3587
381		3587
381.125		3588.57
381.25		3588.57
381.375		3588.57
381.5		3588.57
381.625		3588.57
381.75		3588.57
381.875		3588.57
382		3588.57
382.125		3595.39
382.25		3595.39
382.375		3595.39
382.5		3595.39
382.625		3595.39
382.75		3595.39
382.875		3595.39
383		3595.39
383.125		3618.45
383.25		3618.45
383.375		3618.45
383.5		3618.45
383.625		3618.45
383.75		3618.45
383.875		3618.45
384		3618.45
384.125		3632.6
384.25		3632.6
384.375		3632.6
384.5		3632.6
384.625		3632.6
384.75		3632.6
384.875		3632.6
385		3632.6
385.125		3653.56
385.25		3653.56
385.375		3653.56
385.5		3653.56
385.625		3653.56
385.75		3653.56
385.875		3653.56
386		3653.56
386.125		3654.61
386.25		3654.61
386.375		3654.61
386.5		3654.61
386.625		3654.61
386.75		3654.61
386.875		3654.61
387		3654.61
387.125		3663.52
387.25		3663.52
387.375		3663.52
387.5		3663.52
387.625		3663.52
387.75		3663.52
387.875		3663.52
388		3663.52
388.125		3675.05
388.25		3675.05
388.375		3675.05
388.5		3675.05
388.625		3675.05
388.75		3675.05
388.875		3675.05
389		3675.05
389.125		3690.78
389.25		3690.78
389.375		3690.78
389.5		3690.78
389.625		3690.78
389.75		3690.78
389.875		3690.78
390		3690.78
390.125		3693.4
390.25		3693.4
390.375		3693.4
390.5		3693.4
390.625		3693.4
390.75		3693.4
390.875		3693.4
391		3693.4
391.125		3724.84
391.25		3724.84
391.375		3724.84
391.5		3724.84
391.625		3724.84
391.75		3724.84
391.875		3724.84
392		3724.84
392.125		3735.85
392.25		3735.85
392.375		3735.85
392.5		3735.85
392.625		3735.85
392.75		3735.85
392.875		3735.85
393		3735.85
393.125		3754.72
393.25		3754.72
393.375		3754.72
393.5		3754.72
393.625		3754.72
393.75		3754.72
393.875		3754.72
394		3754.72
394.125		3757.86
394.25		3757.86
394.375		3757.86
394.5		3757.86
394.625		3757.86
394.75		3757.86
394.875		3757.86
395		3757.86
395.125		3762.58
395.25		3762.58
395.375		3762.58
395.5		3762.58
395.625		3762.58
395.75		3762.58
395.875		3762.58
396		3762.58
396.125		3798.74
396.25		3798.74
396.375		3798.74
396.5		3798.74
396.625		3798.74
396.75		3798.74
396.875		3798.74
397		3798.74
397.125		3810.27
397.25		3810.27
397.375		3810.27
397.5		3810.27
397.625		3810.27
397.75		3810.27
397.875		3810.27
398		3810.27
398.125		3830.19
398.25		3830.19
398.375		3830.19
398.5		3830.19
398.625		3830.19
398.75		3830.19
398.875		3830.19
399		3830.19
399.125		3839.1
399.25		3839.1
399.375		3839.1
399.5		3839.1
399.625		3839.1
399.75		3839.1
399.875		3839.1
400		3839.1
400.125		3845.39
400.25		3845.39
400.375		3845.39
400.5		3845.39
400.625		3845.39
400.75		3845.39
400.875		3845.39
401		3845.39
401.125		3876.31
401.25		3876.31
401.375		3876.31
401.5		3876.31
401.625		3876.31
401.75		3876.31
401.875		3876.31
402		3876.31
402.125		3892.56
402.25		3892.56
402.375		3892.56
402.5		3892.56
402.625		3892.56
402.75		3892.56
402.875		3892.56
403		3892.56
403.125		3895.18
403.25		3895.18
403.375		3895.18
403.5		3895.18
403.625		3895.18
403.75		3895.18
403.875		3895.18
404		3895.18
404.125		3924
404.25		3924
404.375		3924
404.5		3924
404.625		3924
404.75		3924
404.875		3924
405		3924
405.125		3935.53
405.25		3935.53
405.375		3935.53
405.5		3935.53
405.625		3935.53
405.75		3935.53
405.875		3935.53
406		3935.53
406.125		3953.35
406.25		3953.35
406.375		3953.35
406.5		3953.35
406.625		3953.35
406.75		3953.35
406.875		3953.35
407		3953.35
407.125		3956.5
407.25		3956.5
407.375		3956.5
407.5		3956.5
407.625		3956.5
407.75		3956.5
407.875		3956.5
408		3956.5
408.125		3972.75
408.25		3972.75
408.375		3972.75
408.5		3972.75
408.625		3972.75
408.75		3972.75
408.875		3972.75
409		3972.75
409.125		4002.62
409.25		4002.62
409.375		4002.62
409.5		4002.62
409.625		4002.62
409.75		4002.62
409.875		4002.62
410		4002.62
410.125		4008.39
410.25		4008.39
410.375		4008.39
410.5		4008.39
410.625		4008.39
410.75		4008.39
410.875		4008.39
411		4008.39
411.125		4026.21
411.25		4026.21
411.375		4026.21
411.5		4026.21
411.625		4026.21
411.75		4026.21
411.875		4026.21
412		4026.21
412.125		4036.16
412.25		4036.16
412.375		4036.16
412.5		4036.16
412.625		4036.16
412.75		4036.16
412.875		4036.16
413		4036.16
413.125		4038.78
413.25		4038.78
413.375		4038.78
413.5		4038.78
413.625		4038.78
413.75		4038.78
413.875		4038.78
414		4038.78
414.125		4076.52
414.25		4076.52
414.375		4076.52
414.5		4076.52
414.625		4076.52
414.75		4076.52
414.875		4076.52
415		4076.52
415.125		4100.63
415.25		4100.63
415.375		4100.63
415.5		4100.63
415.625		4100.63
415.75		4100.63
415.875		4100.63
416		4100.63
416.125		4111.64
416.25		4111.64
416.375		4111.64
416.5		4111.64
416.625		4111.64
416.75		4111.64
416.875		4111.64
417		4111.64
417.125		4121.07
417.25		4121.07
417.375		4121.07
417.5		4121.07
417.625		4121.07
417.75		4121.07
417.875		4121.07
418		4121.07
418.125		4161.43
418.25		4161.43
418.375		4161.43
418.5		4161.43
418.625		4161.43
418.75		4161.43
418.875		4161.43
419		4161.43
419.125		4163.52
419.25		4163.52
419.375		4163.52
419.5		4163.52
419.625		4163.52
419.75		4163.52
419.875		4163.52
420		4163.52
420.125		4166.67
420.25		4166.67
420.375		4166.67
420.5		4166.67
420.625		4166.67
420.75		4166.67
420.875		4166.67
421		4166.67
421.125		4183.96
421.25		4183.96
421.375		4183.96
421.5		4183.96
421.625		4183.96
421.75		4183.96
421.875		4183.96
422		4183.96
422.125		4236.9
422.25		4236.9
422.375		4236.9
422.5		4236.9
422.625		4236.9
422.75		4236.9
422.875		4236.9
423		4236.9
423.125		4240.04
423.25		4240.04
423.375		4240.04
423.5		4240.04
423.625		4240.04
423.75		4240.04
423.875		4240.04
424		4240.04
424.125		4259.96
424.25		4259.96
424.375		4259.96
424.5		4259.96
424.625		4259.96
424.75		4259.96
424.875		4259.96
425		4259.96
425.125		4263.63
425.25		4263.63
425.375		4263.63
425.5		4263.63
425.625		4263.63
425.75		4263.63
425.875		4263.63
426		4263.63
426.125		4276.73
426.25		4276.73
426.375		4276.73
426.5		4276.73
426.625		4276.73
426.75		4276.73
426.875		4276.73
427		4276.73
427.125		4316.56
427.25		4316.56
427.375		4316.56
427.5		4316.56
427.625		4316.56
427.75		4316.56
427.875		4316.56
428		4316.56
428.125		4326
428.25		4326
428.375		4326
428.5		4326
428.625		4326
428.75		4326
428.875		4326
429		4326
429.125		4328.09
429.25		4328.09
429.375		4328.09
429.5		4328.09
429.625		4328.09
429.75		4328.09
429.875		4328.09
430		4328.09
430.125		4337
430.25		4337
430.375		4337
430.5		4337
430.625		4337
430.75		4337
430.875		4337
431		4337
431.125		4385.74
431.25		4385.74
431.375		4385.74
431.5		4385.74
431.625		4385.74
431.75		4385.74
431.875		4385.74
432		4385.74
432.125		4403.04
432.25		4403.04
432.375		4403.04
432.5		4403.04
432.625		4403.04
432.75		4403.04
432.875		4403.04
433		4403.04
433.125		4404.61
433.25		4404.61
433.375		4404.61
433.5		4404.61
433.625		4404.61
433.75		4404.61
433.875		4404.61
434		4404.61
434.125		4420.34
434.25		4420.34
434.375		4420.34
434.5		4420.34
434.625		4420.34
434.75		4420.34
434.875		4420.34
435		4420.34
435.125		4423.48
435.25		4423.48
435.375		4423.48
435.5		4423.48
435.625		4423.48
435.75		4423.48
435.875		4423.48
436		4423.48
436.125		4475.37
436.25		4475.37
436.375		4475.37
436.5		4475.37
436.625		4475.37
436.75		4475.37
436.875		4475.37
437		4475.37
437.125		4491.09
437.25		4491.09
437.375		4491.09
437.5		4491.09
437.625		4491.09
437.75		4491.09
437.875		4491.09
438		4491.09
438.125		4493.19
438.25		4493.19
438.375		4493.19
438.5		4493.19
438.625		4493.19
438.75		4493.19
438.875		4493.19
439		4493.19
439.125		4500
439.25		4500
439.375		4500
439.5		4500
439.625		4500
439.75		4500
439.875		4500
440		4500
440.125		4540.88
440.25		4540.88
440.375		4540.88
440.5		4540.88
440.625		4540.88
440.75		4540.88
440.875		4540.88
441		4540.88
441.125		4557.65
441.25		4557.65
441.375		4557.65
441.5		4557.65
441.625		4557.65
441.75		4557.65
441.875		4557.65
442		4557.65
442.125		4578.62
442.25		4578.62
442.375		4578.62
442.5		4578.62
442.625		4578.62
442.75		4578.62
442.875		4578.62
443		4578.62
443.125		4581.76
443.25		4581.76
443.375		4581.76
443.5		4581.76
443.625		4581.76
443.75		4581.76
443.875		4581.76
444		4581.76
444.125		4613.73
444.25		4613.73
444.375		4613.73
444.5		4613.73
444.625		4613.73
444.75		4613.73
444.875		4613.73
445		4613.73
445.125		4615.83
445.25		4615.83
445.375		4615.83
445.5		4615.83
445.625		4615.83
445.75		4615.83
445.875		4615.83
446		4615.83
446.125		4617.4
446.25		4617.4
446.375		4617.4
446.5		4617.4
446.625		4617.4
446.75		4617.4
446.875		4617.4
447		4617.4
447.125		4644.65
447.25		4644.65
447.375		4644.65
447.5		4644.65
447.625		4644.65
447.75		4644.65
447.875		4644.65
448		4644.65
448.125		4655.66
448.25		4655.66
448.375		4655.66
448.5		4655.66
448.625		4655.66
448.75		4655.66
448.875		4655.66
449		4655.66
449.125		4689.73
449.25		4689.73
449.375		4689.73
449.5		4689.73
449.625		4689.73
449.75		4689.73
449.875		4689.73
450		4689.73
450.125		4707.55
450.25		4707.55
450.375		4707.55
450.5		4707.55
450.625		4707.55
450.75		4707.55
450.875		4707.55
451		4707.55
451.125		4718.55
451.25		4718.55
451.375		4718.55
451.5		4718.55
451.625		4718.55
451.75		4718.55
451.875		4718.55
452		4718.55
452.125		4724.84
452.25		4724.84
452.375		4724.84
452.5		4724.84
452.625		4724.84
452.75		4724.84
452.875		4724.84
453		4724.84
453.125		4741.09
453.25		4741.09
453.375		4741.09
453.5		4741.09
453.625		4741.09
453.75		4741.09
453.875		4741.09
454		4741.09
454.125		4750
454.25		4750
454.375		4750
454.5		4750
454.625		4750
454.75		4750
454.875		4750
455		4750
455.125		4763.1
455.25		4763.1
455.375		4763.1
455.5		4763.1
455.625		4763.1
455.75		4763.1
455.875		4763.1
456		4763.1
456.125		4779.87
456.25		4779.87
456.375		4779.87
456.5		4779.87
456.625		4779.87
456.75		4779.87
456.875		4779.87
457		4779.87
457.125		4784.07
457.25		4784.07
457.375		4784.07
457.5		4784.07
457.625		4784.07
457.75		4784.07
457.875		4784.07
458		4784.07
458.125		4796.65
458.25		4796.65
458.375		4796.65
458.5		4796.65
458.625		4796.65
458.75		4796.65
458.875		4796.65
459		4796.65
459.125		4810.27
459.25		4810.27
459.375		4810.27
459.5		4810.27
459.625		4810.27
459.75		4810.27
459.875		4810.27
460		4810.27
460.125		4812.37
460.25		4812.37
460.375		4812.37
460.5		4812.37
460.625		4812.37
460.75		4812.37
460.875		4812.37
461		4812.37
461.125		4821.28
461.25		4821.28
461.375		4821.28
461.5		4821.28
461.625		4821.28
461.75		4821.28
461.875		4821.28
462		4821.28
462.125		4865.3
462.25		4865.3
462.375		4865.3
462.5		4865.3
462.625		4865.3
462.75		4865.3
462.875		4865.3
463		4865.3
463.125		4867.92
463.25		4867.92
463.375		4867.92
463.5		4867.92
463.625		4867.92
463.75		4867.92
463.875		4867.92
464		4867.92
464.125		4868.97
464.25		4868.97
464.375		4868.97
464.5		4868.97
464.625		4868.97
464.75		4868.97
464.875		4868.97
465		4868.97
465.125		4903.04
465.25		4903.04
465.375		4903.04
465.5		4903.04
465.625		4903.04
465.75		4903.04
465.875		4903.04
466		4903.04
466.125		4909.85
466.25		4909.85
466.375		4909.85
466.5		4909.85
466.625		4909.85
466.75		4909.85
466.875		4909.85
467		4909.85
467.125		4913.52
467.25		4913.52
467.375		4913.52
467.5		4913.52
467.625		4913.52
467.75		4913.52
467.875		4913.52
468		4913.52
468.125		4920.86
468.25		4920.86
468.375		4920.86
468.5		4920.86
468.625		4920.86
468.75		4920.86
468.875		4920.86
469		4920.86
469.125		4937.63
469.25		4937.63
469.375		4937.63
469.5		4937.63
469.625		4937.63
469.75		4937.63
469.875		4937.63
470		4937.63
470.125		4953.88
470.25		4953.88
470.375		4953.88
470.5		4953.88
470.625		4953.88
470.75		4953.88
470.875		4953.88
471		4953.88
471.125		4955.97
471.25		4955.97
471.375		4955.97
471.5		4955.97
471.625		4955.97
471.75		4955.97
471.875		4955.97
472		4955.97
472.125		4959.64
472.25		4959.64
472.375		4959.64
472.5		4959.64
472.625		4959.64
472.75		4959.64
472.875		4959.64
473		4959.64
473.125		4961.22
473.25		4961.22
473.375		4961.22
473.5		4961.22
473.625		4961.22
473.75		4961.22
473.875		4961.22
474		4961.22
474.125		4984.8
474.25		4984.8
474.375		4984.8
474.5		4984.8
474.625		4984.8
474.75		4984.8
474.875		4984.8
475		4984.8
475.125		4994.23
475.25		4994.23
475.375		4994.23
475.5		4994.23
475.625		4994.23
475.75		4994.23
475.875		4994.23
476		4994.23
476.125		4998.43
476.25		4998.43
476.375		4998.43
476.5		4998.43
476.625		4998.43
476.75		4998.43
476.875		4998.43
477		4998.43
477.125		0
477.25		0
477.375		0
477.5		0
477.625		0
477.75		0
477.875		0
478		0
478.125		0
478.25		0
478.375		0
478.5		0
478.625		0
478.75		0
478.875		0
479		0
479.125		0
479.25		0
479.375		0
479.5		0
479.625		0
479.75		0
479.875		0
480		0
480.125		0
480.25		0
480.375		0
480.5		0
480.625		0
480.75		0
480.875		0
481		0
481.125		0
481.25		0
481.375		0
481.5		0
481.625		0
481.75		0
481.875		0
482		0
482.125		0
482.25		0
482.375		0
482.5		0
482.625		0
482.75		0
482.875		0
483		0
483.125		0
483.25		0
483.375		0
483.5		0
483.625		0
483.75		0
483.875		0
484		0
484.125		0
484.25		0
484.375		0
484.5		0
484.625		0
484.75		0
484.875		0
485		0
485.125		0
485.25		0
485.375		0
485.5		0
485.625		0
485.75		0
485.875		0
486		0
486.125		0
486.25		0
486.375		0
486.5		0
486.625		0
486.75		0
486.875		0
487		0
487.125		0
487.25		0
487.375		0
487.5		0
487.625		0
487.75		0
487.875		0
488		0
488.125		0
488.25		0
488.375		0
488.5		0
488.625		0
488.75		0
488.875		0
489		0
489.125		0
489.25		0
489.375		0
489.5		0
489.625		0
489.75		0
489.875		0
490		0
490.125		0
490.25		0
490.375		0
490.5		0
490.625		0
490.75		0
490.875		0
491		0
491.125		0
491.25		0
491.375		0
491.5		0
491.625		0
491.75		0
491.875		0
492		0
492.125		0
492.25		0
492.375		0
492.5		0
492.625		0
492.75		0
492.875		0
493		0
493.125		0
493.25		0
493.375		0
493.5		0
493.625		0
493.75		0
493.875		0
494		0
494.125		0
494.25		0
494.375		0
494.5		0
494.625		0
494.75		0
494.875		0
495		0
495.125		0
495.25		0
495.375		0
495.5		0
495.625		0
495.75		0
495.875		0
496		0
496.125		0
496.25		0
496.375		0
496.5		0
496.625		0
496.75		0
496.875		0
497		0
497.125		0
497.25		0
497.375		0
497.5		0
497.625		0
497.75		0
497.875		0
498		0
498.125		0
498.25		0
498.375		0
498.5		0
498.625		0
498.75		0
498.875		0
499		0
499.125		0
499.25		0
499.375		0
499.5		0
499.625		0
499.75		0
499.875		0
500		0
