# Calibration file of tamex_id 0 @ channel 25
# fine_T bin		 Calibration value
0.125		0
0.25		0
0.375		0
0.5		0
0.625		0
0.75		0
0.875		0
1		0
1.125		0
1.25		0
1.375		0
1.5		0
1.625		0
1.75		0
1.875		0
2		0
2.125		0
2.25		0
2.375		0
2.5		0
2.625		0
2.75		0
2.875		0
3		0
3.125		0
3.25		0
3.375		0
3.5		0
3.625		0
3.75		0
3.875		0
4		0
4.125		0
4.25		0
4.375		0
4.5		0
4.625		0
4.75		0
4.875		0
5		0
5.125		0
5.25		0
5.375		0
5.5		0
5.625		0
5.75		0
5.875		0
6		0
6.125		0
6.25		0
6.375		0
6.5		0
6.625		0
6.75		0
6.875		0
7		0
7.125		0
7.25		0
7.375		0
7.5		0
7.625		0
7.75		0
7.875		0
8		0
8.125		0
8.25		0
8.375		0
8.5		0
8.625		0
8.75		0
8.875		0
9		0
9.125		0
9.25		0
9.375		0
9.5		0
9.625		0
9.75		0
9.875		0
10		0
10.125		0
10.25		0
10.375		0
10.5		0
10.625		0
10.75		0
10.875		0
11		0
11.125		0
11.25		0
11.375		0
11.5		0
11.625		0
11.75		0
11.875		0
12		0
12.125		0
12.25		0
12.375		0
12.5		0
12.625		0
12.75		0
12.875		0
13		0
13.125		0
13.25		0
13.375		0
13.5		0
13.625		0
13.75		0
13.875		0
14		0
14.125		0
14.25		0
14.375		0
14.5		0
14.625		0
14.75		0
14.875		0
15		0
15.125		0
15.25		0
15.375		0
15.5		0
15.625		0
15.75		0
15.875		0
16		0
16.125		0
16.25		0
16.375		0
16.5		0
16.625		0
16.75		0
16.875		0
17		0
17.125		0
17.25		0
17.375		0
17.5		0
17.625		0
17.75		0
17.875		0
18		0
18.125		0
18.25		0
18.375		0
18.5		0
18.625		0
18.75		0
18.875		0
19		0
19.125		333.333
19.25		333.333
19.375		333.333
19.5		333.333
19.625		333.333
19.75		333.333
19.875		333.333
20		333.333
20.125		333.333
20.25		333.333
20.375		333.333
20.5		333.333
20.625		333.333
20.75		333.333
20.875		333.333
21		333.333
21.125		333.333
21.25		333.333
21.375		333.333
21.5		333.333
21.625		333.333
21.75		333.333
21.875		333.333
22		333.333
22.125		333.333
22.25		333.333
22.375		333.333
22.5		333.333
22.625		333.333
22.75		333.333
22.875		333.333
23		333.333
23.125		333.333
23.25		333.333
23.375		333.333
23.5		333.333
23.625		333.333
23.75		333.333
23.875		333.333
24		333.333
24.125		333.333
24.25		333.333
24.375		333.333
24.5		333.333
24.625		333.333
24.75		333.333
24.875		333.333
25		333.333
25.125		333.333
25.25		333.333
25.375		333.333
25.5		333.333
25.625		333.333
25.75		333.333
25.875		333.333
26		333.333
26.125		333.333
26.25		333.333
26.375		333.333
26.5		333.333
26.625		333.333
26.75		333.333
26.875		333.333
27		333.333
27.125		333.333
27.25		333.333
27.375		333.333
27.5		333.333
27.625		333.333
27.75		333.333
27.875		333.333
28		333.333
28.125		333.333
28.25		333.333
28.375		333.333
28.5		333.333
28.625		333.333
28.75		333.333
28.875		333.333
29		333.333
29.125		333.333
29.25		333.333
29.375		333.333
29.5		333.333
29.625		333.333
29.75		333.333
29.875		333.333
30		333.333
30.125		333.333
30.25		333.333
30.375		333.333
30.5		333.333
30.625		333.333
30.75		333.333
30.875		333.333
31		333.333
31.125		333.333
31.25		333.333
31.375		333.333
31.5		333.333
31.625		333.333
31.75		333.333
31.875		333.333
32		333.333
32.125		333.333
32.25		333.333
32.375		333.333
32.5		333.333
32.625		333.333
32.75		333.333
32.875		333.333
33		333.333
33.125		333.333
33.25		333.333
33.375		333.333
33.5		333.333
33.625		333.333
33.75		333.333
33.875		333.333
34		333.333
34.125		333.333
34.25		333.333
34.375		333.333
34.5		333.333
34.625		333.333
34.75		333.333
34.875		333.333
35		333.333
35.125		333.333
35.25		333.333
35.375		333.333
35.5		333.333
35.625		333.333
35.75		333.333
35.875		333.333
36		333.333
36.125		333.333
36.25		333.333
36.375		333.333
36.5		333.333
36.625		333.333
36.75		333.333
36.875		333.333
37		333.333
37.125		333.333
37.25		333.333
37.375		333.333
37.5		333.333
37.625		333.333
37.75		333.333
37.875		333.333
38		333.333
38.125		333.333
38.25		333.333
38.375		333.333
38.5		333.333
38.625		333.333
38.75		333.333
38.875		333.333
39		333.333
39.125		333.333
39.25		333.333
39.375		333.333
39.5		333.333
39.625		333.333
39.75		333.333
39.875		333.333
40		333.333
40.125		333.333
40.25		333.333
40.375		333.333
40.5		333.333
40.625		333.333
40.75		333.333
40.875		333.333
41		333.333
41.125		333.333
41.25		333.333
41.375		333.333
41.5		333.333
41.625		333.333
41.75		333.333
41.875		333.333
42		333.333
42.125		333.333
42.25		333.333
42.375		333.333
42.5		333.333
42.625		333.333
42.75		333.333
42.875		333.333
43		333.333
43.125		333.333
43.25		333.333
43.375		333.333
43.5		333.333
43.625		333.333
43.75		333.333
43.875		333.333
44		333.333
44.125		333.333
44.25		333.333
44.375		333.333
44.5		333.333
44.625		333.333
44.75		333.333
44.875		333.333
45		333.333
45.125		333.333
45.25		333.333
45.375		333.333
45.5		333.333
45.625		333.333
45.75		333.333
45.875		333.333
46		333.333
46.125		333.333
46.25		333.333
46.375		333.333
46.5		333.333
46.625		333.333
46.75		333.333
46.875		333.333
47		333.333
47.125		333.333
47.25		333.333
47.375		333.333
47.5		333.333
47.625		333.333
47.75		333.333
47.875		333.333
48		333.333
48.125		333.333
48.25		333.333
48.375		333.333
48.5		333.333
48.625		333.333
48.75		333.333
48.875		333.333
49		333.333
49.125		333.333
49.25		333.333
49.375		333.333
49.5		333.333
49.625		333.333
49.75		333.333
49.875		333.333
50		333.333
50.125		333.333
50.25		333.333
50.375		333.333
50.5		333.333
50.625		333.333
50.75		333.333
50.875		333.333
51		333.333
51.125		333.333
51.25		333.333
51.375		333.333
51.5		333.333
51.625		333.333
51.75		333.333
51.875		333.333
52		333.333
52.125		333.333
52.25		333.333
52.375		333.333
52.5		333.333
52.625		333.333
52.75		333.333
52.875		333.333
53		333.333
53.125		333.333
53.25		333.333
53.375		333.333
53.5		333.333
53.625		333.333
53.75		333.333
53.875		333.333
54		333.333
54.125		333.333
54.25		333.333
54.375		333.333
54.5		333.333
54.625		333.333
54.75		333.333
54.875		333.333
55		333.333
55.125		333.333
55.25		333.333
55.375		333.333
55.5		333.333
55.625		333.333
55.75		333.333
55.875		333.333
56		333.333
56.125		333.333
56.25		333.333
56.375		333.333
56.5		333.333
56.625		333.333
56.75		333.333
56.875		333.333
57		333.333
57.125		333.333
57.25		333.333
57.375		333.333
57.5		333.333
57.625		333.333
57.75		333.333
57.875		333.333
58		333.333
58.125		333.333
58.25		333.333
58.375		333.333
58.5		333.333
58.625		333.333
58.75		333.333
58.875		333.333
59		333.333
59.125		333.333
59.25		333.333
59.375		333.333
59.5		333.333
59.625		333.333
59.75		333.333
59.875		333.333
60		333.333
60.125		333.333
60.25		333.333
60.375		333.333
60.5		333.333
60.625		333.333
60.75		333.333
60.875		333.333
61		333.333
61.125		666.667
61.25		666.667
61.375		666.667
61.5		666.667
61.625		666.667
61.75		666.667
61.875		666.667
62		666.667
62.125		666.667
62.25		666.667
62.375		666.667
62.5		666.667
62.625		666.667
62.75		666.667
62.875		666.667
63		666.667
63.125		666.667
63.25		666.667
63.375		666.667
63.5		666.667
63.625		666.667
63.75		666.667
63.875		666.667
64		666.667
64.125		666.667
64.25		666.667
64.375		666.667
64.5		666.667
64.625		666.667
64.75		666.667
64.875		666.667
65		666.667
65.125		666.667
65.25		666.667
65.375		666.667
65.5		666.667
65.625		666.667
65.75		666.667
65.875		666.667
66		666.667
66.125		666.667
66.25		666.667
66.375		666.667
66.5		666.667
66.625		666.667
66.75		666.667
66.875		666.667
67		666.667
67.125		666.667
67.25		666.667
67.375		666.667
67.5		666.667
67.625		666.667
67.75		666.667
67.875		666.667
68		666.667
68.125		666.667
68.25		666.667
68.375		666.667
68.5		666.667
68.625		666.667
68.75		666.667
68.875		666.667
69		666.667
69.125		666.667
69.25		666.667
69.375		666.667
69.5		666.667
69.625		666.667
69.75		666.667
69.875		666.667
70		666.667
70.125		666.667
70.25		666.667
70.375		666.667
70.5		666.667
70.625		666.667
70.75		666.667
70.875		666.667
71		666.667
71.125		666.667
71.25		666.667
71.375		666.667
71.5		666.667
71.625		666.667
71.75		666.667
71.875		666.667
72		666.667
72.125		666.667
72.25		666.667
72.375		666.667
72.5		666.667
72.625		666.667
72.75		666.667
72.875		666.667
73		666.667
73.125		666.667
73.25		666.667
73.375		666.667
73.5		666.667
73.625		666.667
73.75		666.667
73.875		666.667
74		666.667
74.125		666.667
74.25		666.667
74.375		666.667
74.5		666.667
74.625		666.667
74.75		666.667
74.875		666.667
75		666.667
75.125		666.667
75.25		666.667
75.375		666.667
75.5		666.667
75.625		666.667
75.75		666.667
75.875		666.667
76		666.667
76.125		666.667
76.25		666.667
76.375		666.667
76.5		666.667
76.625		666.667
76.75		666.667
76.875		666.667
77		666.667
77.125		666.667
77.25		666.667
77.375		666.667
77.5		666.667
77.625		666.667
77.75		666.667
77.875		666.667
78		666.667
78.125		666.667
78.25		666.667
78.375		666.667
78.5		666.667
78.625		666.667
78.75		666.667
78.875		666.667
79		666.667
79.125		666.667
79.25		666.667
79.375		666.667
79.5		666.667
79.625		666.667
79.75		666.667
79.875		666.667
80		666.667
80.125		666.667
80.25		666.667
80.375		666.667
80.5		666.667
80.625		666.667
80.75		666.667
80.875		666.667
81		666.667
81.125		666.667
81.25		666.667
81.375		666.667
81.5		666.667
81.625		666.667
81.75		666.667
81.875		666.667
82		666.667
82.125		666.667
82.25		666.667
82.375		666.667
82.5		666.667
82.625		666.667
82.75		666.667
82.875		666.667
83		666.667
83.125		666.667
83.25		666.667
83.375		666.667
83.5		666.667
83.625		666.667
83.75		666.667
83.875		666.667
84		666.667
84.125		666.667
84.25		666.667
84.375		666.667
84.5		666.667
84.625		666.667
84.75		666.667
84.875		666.667
85		666.667
85.125		666.667
85.25		666.667
85.375		666.667
85.5		666.667
85.625		666.667
85.75		666.667
85.875		666.667
86		666.667
86.125		666.667
86.25		666.667
86.375		666.667
86.5		666.667
86.625		666.667
86.75		666.667
86.875		666.667
87		666.667
87.125		666.667
87.25		666.667
87.375		666.667
87.5		666.667
87.625		666.667
87.75		666.667
87.875		666.667
88		666.667
88.125		666.667
88.25		666.667
88.375		666.667
88.5		666.667
88.625		666.667
88.75		666.667
88.875		666.667
89		666.667
89.125		666.667
89.25		666.667
89.375		666.667
89.5		666.667
89.625		666.667
89.75		666.667
89.875		666.667
90		666.667
90.125		666.667
90.25		666.667
90.375		666.667
90.5		666.667
90.625		666.667
90.75		666.667
90.875		666.667
91		666.667
91.125		666.667
91.25		666.667
91.375		666.667
91.5		666.667
91.625		666.667
91.75		666.667
91.875		666.667
92		666.667
92.125		666.667
92.25		666.667
92.375		666.667
92.5		666.667
92.625		666.667
92.75		666.667
92.875		666.667
93		666.667
93.125		666.667
93.25		666.667
93.375		666.667
93.5		666.667
93.625		666.667
93.75		666.667
93.875		666.667
94		666.667
94.125		666.667
94.25		666.667
94.375		666.667
94.5		666.667
94.625		666.667
94.75		666.667
94.875		666.667
95		666.667
95.125		1000
95.25		1000
95.375		1000
95.5		1000
95.625		1000
95.75		1000
95.875		1000
96		1000
96.125		1000
96.25		1000
96.375		1000
96.5		1000
96.625		1000
96.75		1000
96.875		1000
97		1000
97.125		1000
97.25		1000
97.375		1000
97.5		1000
97.625		1000
97.75		1000
97.875		1000
98		1000
98.125		1000
98.25		1000
98.375		1000
98.5		1000
98.625		1000
98.75		1000
98.875		1000
99		1000
99.125		1000
99.25		1000
99.375		1000
99.5		1000
99.625		1000
99.75		1000
99.875		1000
100		1000
100.125		1000
100.25		1000
100.375		1000
100.5		1000
100.625		1000
100.75		1000
100.875		1000
101		1000
101.125		1333.33
101.25		1333.33
101.375		1333.33
101.5		1333.33
101.625		1333.33
101.75		1333.33
101.875		1333.33
102		1333.33
102.125		1333.33
102.25		1333.33
102.375		1333.33
102.5		1333.33
102.625		1333.33
102.75		1333.33
102.875		1333.33
103		1333.33
103.125		1333.33
103.25		1333.33
103.375		1333.33
103.5		1333.33
103.625		1333.33
103.75		1333.33
103.875		1333.33
104		1333.33
104.125		1333.33
104.25		1333.33
104.375		1333.33
104.5		1333.33
104.625		1333.33
104.75		1333.33
104.875		1333.33
105		1333.33
105.125		1333.33
105.25		1333.33
105.375		1333.33
105.5		1333.33
105.625		1333.33
105.75		1333.33
105.875		1333.33
106		1333.33
106.125		1333.33
106.25		1333.33
106.375		1333.33
106.5		1333.33
106.625		1333.33
106.75		1333.33
106.875		1333.33
107		1333.33
107.125		1333.33
107.25		1333.33
107.375		1333.33
107.5		1333.33
107.625		1333.33
107.75		1333.33
107.875		1333.33
108		1333.33
108.125		1333.33
108.25		1333.33
108.375		1333.33
108.5		1333.33
108.625		1333.33
108.75		1333.33
108.875		1333.33
109		1333.33
109.125		1333.33
109.25		1333.33
109.375		1333.33
109.5		1333.33
109.625		1333.33
109.75		1333.33
109.875		1333.33
110		1333.33
110.125		1333.33
110.25		1333.33
110.375		1333.33
110.5		1333.33
110.625		1333.33
110.75		1333.33
110.875		1333.33
111		1333.33
111.125		1333.33
111.25		1333.33
111.375		1333.33
111.5		1333.33
111.625		1333.33
111.75		1333.33
111.875		1333.33
112		1333.33
112.125		1333.33
112.25		1333.33
112.375		1333.33
112.5		1333.33
112.625		1333.33
112.75		1333.33
112.875		1333.33
113		1333.33
113.125		1333.33
113.25		1333.33
113.375		1333.33
113.5		1333.33
113.625		1333.33
113.75		1333.33
113.875		1333.33
114		1333.33
114.125		1333.33
114.25		1333.33
114.375		1333.33
114.5		1333.33
114.625		1333.33
114.75		1333.33
114.875		1333.33
115		1333.33
115.125		1333.33
115.25		1333.33
115.375		1333.33
115.5		1333.33
115.625		1333.33
115.75		1333.33
115.875		1333.33
116		1333.33
116.125		1333.33
116.25		1333.33
116.375		1333.33
116.5		1333.33
116.625		1333.33
116.75		1333.33
116.875		1333.33
117		1333.33
117.125		1333.33
117.25		1333.33
117.375		1333.33
117.5		1333.33
117.625		1333.33
117.75		1333.33
117.875		1333.33
118		1333.33
118.125		1333.33
118.25		1333.33
118.375		1333.33
118.5		1333.33
118.625		1333.33
118.75		1333.33
118.875		1333.33
119		1333.33
119.125		1333.33
119.25		1333.33
119.375		1333.33
119.5		1333.33
119.625		1333.33
119.75		1333.33
119.875		1333.33
120		1333.33
120.125		1333.33
120.25		1333.33
120.375		1333.33
120.5		1333.33
120.625		1333.33
120.75		1333.33
120.875		1333.33
121		1333.33
121.125		1333.33
121.25		1333.33
121.375		1333.33
121.5		1333.33
121.625		1333.33
121.75		1333.33
121.875		1333.33
122		1333.33
122.125		1333.33
122.25		1333.33
122.375		1333.33
122.5		1333.33
122.625		1333.33
122.75		1333.33
122.875		1333.33
123		1333.33
123.125		1333.33
123.25		1333.33
123.375		1333.33
123.5		1333.33
123.625		1333.33
123.75		1333.33
123.875		1333.33
124		1333.33
124.125		1333.33
124.25		1333.33
124.375		1333.33
124.5		1333.33
124.625		1333.33
124.75		1333.33
124.875		1333.33
125		1333.33
125.125		1333.33
125.25		1333.33
125.375		1333.33
125.5		1333.33
125.625		1333.33
125.75		1333.33
125.875		1333.33
126		1333.33
126.125		1333.33
126.25		1333.33
126.375		1333.33
126.5		1333.33
126.625		1333.33
126.75		1333.33
126.875		1333.33
127		1333.33
127.125		1333.33
127.25		1333.33
127.375		1333.33
127.5		1333.33
127.625		1333.33
127.75		1333.33
127.875		1333.33
128		1333.33
128.125		1333.33
128.25		1333.33
128.375		1333.33
128.5		1333.33
128.625		1333.33
128.75		1333.33
128.875		1333.33
129		1333.33
129.125		1333.33
129.25		1333.33
129.375		1333.33
129.5		1333.33
129.625		1333.33
129.75		1333.33
129.875		1333.33
130		1333.33
130.125		1333.33
130.25		1333.33
130.375		1333.33
130.5		1333.33
130.625		1333.33
130.75		1333.33
130.875		1333.33
131		1333.33
131.125		1333.33
131.25		1333.33
131.375		1333.33
131.5		1333.33
131.625		1333.33
131.75		1333.33
131.875		1333.33
132		1333.33
132.125		1333.33
132.25		1333.33
132.375		1333.33
132.5		1333.33
132.625		1333.33
132.75		1333.33
132.875		1333.33
133		1333.33
133.125		1333.33
133.25		1333.33
133.375		1333.33
133.5		1333.33
133.625		1333.33
133.75		1333.33
133.875		1333.33
134		1333.33
134.125		1333.33
134.25		1333.33
134.375		1333.33
134.5		1333.33
134.625		1333.33
134.75		1333.33
134.875		1333.33
135		1333.33
135.125		1333.33
135.25		1333.33
135.375		1333.33
135.5		1333.33
135.625		1333.33
135.75		1333.33
135.875		1333.33
136		1333.33
136.125		1333.33
136.25		1333.33
136.375		1333.33
136.5		1333.33
136.625		1333.33
136.75		1333.33
136.875		1333.33
137		1333.33
137.125		1333.33
137.25		1333.33
137.375		1333.33
137.5		1333.33
137.625		1333.33
137.75		1333.33
137.875		1333.33
138		1333.33
138.125		1333.33
138.25		1333.33
138.375		1333.33
138.5		1333.33
138.625		1333.33
138.75		1333.33
138.875		1333.33
139		1333.33
139.125		1333.33
139.25		1333.33
139.375		1333.33
139.5		1333.33
139.625		1333.33
139.75		1333.33
139.875		1333.33
140		1333.33
140.125		1333.33
140.25		1333.33
140.375		1333.33
140.5		1333.33
140.625		1333.33
140.75		1333.33
140.875		1333.33
141		1333.33
141.125		1333.33
141.25		1333.33
141.375		1333.33
141.5		1333.33
141.625		1333.33
141.75		1333.33
141.875		1333.33
142		1333.33
142.125		1333.33
142.25		1333.33
142.375		1333.33
142.5		1333.33
142.625		1333.33
142.75		1333.33
142.875		1333.33
143		1333.33
143.125		1333.33
143.25		1333.33
143.375		1333.33
143.5		1333.33
143.625		1333.33
143.75		1333.33
143.875		1333.33
144		1333.33
144.125		1333.33
144.25		1333.33
144.375		1333.33
144.5		1333.33
144.625		1333.33
144.75		1333.33
144.875		1333.33
145		1333.33
145.125		1333.33
145.25		1333.33
145.375		1333.33
145.5		1333.33
145.625		1333.33
145.75		1333.33
145.875		1333.33
146		1333.33
146.125		1333.33
146.25		1333.33
146.375		1333.33
146.5		1333.33
146.625		1333.33
146.75		1333.33
146.875		1333.33
147		1333.33
147.125		1333.33
147.25		1333.33
147.375		1333.33
147.5		1333.33
147.625		1333.33
147.75		1333.33
147.875		1333.33
148		1333.33
148.125		1333.33
148.25		1333.33
148.375		1333.33
148.5		1333.33
148.625		1333.33
148.75		1333.33
148.875		1333.33
149		1333.33
149.125		1333.33
149.25		1333.33
149.375		1333.33
149.5		1333.33
149.625		1333.33
149.75		1333.33
149.875		1333.33
150		1333.33
150.125		1333.33
150.25		1333.33
150.375		1333.33
150.5		1333.33
150.625		1333.33
150.75		1333.33
150.875		1333.33
151		1333.33
151.125		1333.33
151.25		1333.33
151.375		1333.33
151.5		1333.33
151.625		1333.33
151.75		1333.33
151.875		1333.33
152		1333.33
152.125		1333.33
152.25		1333.33
152.375		1333.33
152.5		1333.33
152.625		1333.33
152.75		1333.33
152.875		1333.33
153		1333.33
153.125		1333.33
153.25		1333.33
153.375		1333.33
153.5		1333.33
153.625		1333.33
153.75		1333.33
153.875		1333.33
154		1333.33
154.125		1333.33
154.25		1333.33
154.375		1333.33
154.5		1333.33
154.625		1333.33
154.75		1333.33
154.875		1333.33
155		1333.33
155.125		1333.33
155.25		1333.33
155.375		1333.33
155.5		1333.33
155.625		1333.33
155.75		1333.33
155.875		1333.33
156		1333.33
156.125		1333.33
156.25		1333.33
156.375		1333.33
156.5		1333.33
156.625		1333.33
156.75		1333.33
156.875		1333.33
157		1333.33
157.125		1333.33
157.25		1333.33
157.375		1333.33
157.5		1333.33
157.625		1333.33
157.75		1333.33
157.875		1333.33
158		1333.33
158.125		1333.33
158.25		1333.33
158.375		1333.33
158.5		1333.33
158.625		1333.33
158.75		1333.33
158.875		1333.33
159		1333.33
159.125		1333.33
159.25		1333.33
159.375		1333.33
159.5		1333.33
159.625		1333.33
159.75		1333.33
159.875		1333.33
160		1333.33
160.125		1333.33
160.25		1333.33
160.375		1333.33
160.5		1333.33
160.625		1333.33
160.75		1333.33
160.875		1333.33
161		1333.33
161.125		1333.33
161.25		1333.33
161.375		1333.33
161.5		1333.33
161.625		1333.33
161.75		1333.33
161.875		1333.33
162		1333.33
162.125		1333.33
162.25		1333.33
162.375		1333.33
162.5		1333.33
162.625		1333.33
162.75		1333.33
162.875		1333.33
163		1333.33
163.125		1333.33
163.25		1333.33
163.375		1333.33
163.5		1333.33
163.625		1333.33
163.75		1333.33
163.875		1333.33
164		1333.33
164.125		1666.67
164.25		1666.67
164.375		1666.67
164.5		1666.67
164.625		1666.67
164.75		1666.67
164.875		1666.67
165		1666.67
165.125		1666.67
165.25		1666.67
165.375		1666.67
165.5		1666.67
165.625		1666.67
165.75		1666.67
165.875		1666.67
166		1666.67
166.125		1666.67
166.25		1666.67
166.375		1666.67
166.5		1666.67
166.625		1666.67
166.75		1666.67
166.875		1666.67
167		1666.67
167.125		1666.67
167.25		1666.67
167.375		1666.67
167.5		1666.67
167.625		1666.67
167.75		1666.67
167.875		1666.67
168		1666.67
168.125		1666.67
168.25		1666.67
168.375		1666.67
168.5		1666.67
168.625		1666.67
168.75		1666.67
168.875		1666.67
169		1666.67
169.125		1666.67
169.25		1666.67
169.375		1666.67
169.5		1666.67
169.625		1666.67
169.75		1666.67
169.875		1666.67
170		1666.67
170.125		1666.67
170.25		1666.67
170.375		1666.67
170.5		1666.67
170.625		1666.67
170.75		1666.67
170.875		1666.67
171		1666.67
171.125		1666.67
171.25		1666.67
171.375		1666.67
171.5		1666.67
171.625		1666.67
171.75		1666.67
171.875		1666.67
172		1666.67
172.125		1666.67
172.25		1666.67
172.375		1666.67
172.5		1666.67
172.625		1666.67
172.75		1666.67
172.875		1666.67
173		1666.67
173.125		1666.67
173.25		1666.67
173.375		1666.67
173.5		1666.67
173.625		1666.67
173.75		1666.67
173.875		1666.67
174		1666.67
174.125		1666.67
174.25		1666.67
174.375		1666.67
174.5		1666.67
174.625		1666.67
174.75		1666.67
174.875		1666.67
175		1666.67
175.125		1666.67
175.25		1666.67
175.375		1666.67
175.5		1666.67
175.625		1666.67
175.75		1666.67
175.875		1666.67
176		1666.67
176.125		1666.67
176.25		1666.67
176.375		1666.67
176.5		1666.67
176.625		1666.67
176.75		1666.67
176.875		1666.67
177		1666.67
177.125		1666.67
177.25		1666.67
177.375		1666.67
177.5		1666.67
177.625		1666.67
177.75		1666.67
177.875		1666.67
178		1666.67
178.125		1666.67
178.25		1666.67
178.375		1666.67
178.5		1666.67
178.625		1666.67
178.75		1666.67
178.875		1666.67
179		1666.67
179.125		1666.67
179.25		1666.67
179.375		1666.67
179.5		1666.67
179.625		1666.67
179.75		1666.67
179.875		1666.67
180		1666.67
180.125		1666.67
180.25		1666.67
180.375		1666.67
180.5		1666.67
180.625		1666.67
180.75		1666.67
180.875		1666.67
181		1666.67
181.125		1666.67
181.25		1666.67
181.375		1666.67
181.5		1666.67
181.625		1666.67
181.75		1666.67
181.875		1666.67
182		1666.67
182.125		1666.67
182.25		1666.67
182.375		1666.67
182.5		1666.67
182.625		1666.67
182.75		1666.67
182.875		1666.67
183		1666.67
183.125		1666.67
183.25		1666.67
183.375		1666.67
183.5		1666.67
183.625		1666.67
183.75		1666.67
183.875		1666.67
184		1666.67
184.125		1666.67
184.25		1666.67
184.375		1666.67
184.5		1666.67
184.625		1666.67
184.75		1666.67
184.875		1666.67
185		1666.67
185.125		1666.67
185.25		1666.67
185.375		1666.67
185.5		1666.67
185.625		1666.67
185.75		1666.67
185.875		1666.67
186		1666.67
186.125		1666.67
186.25		1666.67
186.375		1666.67
186.5		1666.67
186.625		1666.67
186.75		1666.67
186.875		1666.67
187		1666.67
187.125		1666.67
187.25		1666.67
187.375		1666.67
187.5		1666.67
187.625		1666.67
187.75		1666.67
187.875		1666.67
188		1666.67
188.125		1666.67
188.25		1666.67
188.375		1666.67
188.5		1666.67
188.625		1666.67
188.75		1666.67
188.875		1666.67
189		1666.67
189.125		1666.67
189.25		1666.67
189.375		1666.67
189.5		1666.67
189.625		1666.67
189.75		1666.67
189.875		1666.67
190		1666.67
190.125		1666.67
190.25		1666.67
190.375		1666.67
190.5		1666.67
190.625		1666.67
190.75		1666.67
190.875		1666.67
191		1666.67
191.125		1666.67
191.25		1666.67
191.375		1666.67
191.5		1666.67
191.625		1666.67
191.75		1666.67
191.875		1666.67
192		1666.67
192.125		1666.67
192.25		1666.67
192.375		1666.67
192.5		1666.67
192.625		1666.67
192.75		1666.67
192.875		1666.67
193		1666.67
193.125		1666.67
193.25		1666.67
193.375		1666.67
193.5		1666.67
193.625		1666.67
193.75		1666.67
193.875		1666.67
194		1666.67
194.125		1666.67
194.25		1666.67
194.375		1666.67
194.5		1666.67
194.625		1666.67
194.75		1666.67
194.875		1666.67
195		1666.67
195.125		1666.67
195.25		1666.67
195.375		1666.67
195.5		1666.67
195.625		1666.67
195.75		1666.67
195.875		1666.67
196		1666.67
196.125		1666.67
196.25		1666.67
196.375		1666.67
196.5		1666.67
196.625		1666.67
196.75		1666.67
196.875		1666.67
197		1666.67
197.125		1666.67
197.25		1666.67
197.375		1666.67
197.5		1666.67
197.625		1666.67
197.75		1666.67
197.875		1666.67
198		1666.67
198.125		1666.67
198.25		1666.67
198.375		1666.67
198.5		1666.67
198.625		1666.67
198.75		1666.67
198.875		1666.67
199		1666.67
199.125		1666.67
199.25		1666.67
199.375		1666.67
199.5		1666.67
199.625		1666.67
199.75		1666.67
199.875		1666.67
200		1666.67
200.125		1666.67
200.25		1666.67
200.375		1666.67
200.5		1666.67
200.625		1666.67
200.75		1666.67
200.875		1666.67
201		1666.67
201.125		2000
201.25		2000
201.375		2000
201.5		2000
201.625		2000
201.75		2000
201.875		2000
202		2000
202.125		2000
202.25		2000
202.375		2000
202.5		2000
202.625		2000
202.75		2000
202.875		2000
203		2000
203.125		2000
203.25		2000
203.375		2000
203.5		2000
203.625		2000
203.75		2000
203.875		2000
204		2000
204.125		2000
204.25		2000
204.375		2000
204.5		2000
204.625		2000
204.75		2000
204.875		2000
205		2000
205.125		2000
205.25		2000
205.375		2000
205.5		2000
205.625		2000
205.75		2000
205.875		2000
206		2000
206.125		2000
206.25		2000
206.375		2000
206.5		2000
206.625		2000
206.75		2000
206.875		2000
207		2000
207.125		2000
207.25		2000
207.375		2000
207.5		2000
207.625		2000
207.75		2000
207.875		2000
208		2000
208.125		2000
208.25		2000
208.375		2000
208.5		2000
208.625		2000
208.75		2000
208.875		2000
209		2000
209.125		2000
209.25		2000
209.375		2000
209.5		2000
209.625		2000
209.75		2000
209.875		2000
210		2000
210.125		2000
210.25		2000
210.375		2000
210.5		2000
210.625		2000
210.75		2000
210.875		2000
211		2000
211.125		2000
211.25		2000
211.375		2000
211.5		2000
211.625		2000
211.75		2000
211.875		2000
212		2000
212.125		2000
212.25		2000
212.375		2000
212.5		2000
212.625		2000
212.75		2000
212.875		2000
213		2000
213.125		2000
213.25		2000
213.375		2000
213.5		2000
213.625		2000
213.75		2000
213.875		2000
214		2000
214.125		2000
214.25		2000
214.375		2000
214.5		2000
214.625		2000
214.75		2000
214.875		2000
215		2000
215.125		2000
215.25		2000
215.375		2000
215.5		2000
215.625		2000
215.75		2000
215.875		2000
216		2000
216.125		2000
216.25		2000
216.375		2000
216.5		2000
216.625		2000
216.75		2000
216.875		2000
217		2000
217.125		2000
217.25		2000
217.375		2000
217.5		2000
217.625		2000
217.75		2000
217.875		2000
218		2000
218.125		2000
218.25		2000
218.375		2000
218.5		2000
218.625		2000
218.75		2000
218.875		2000
219		2000
219.125		2000
219.25		2000
219.375		2000
219.5		2000
219.625		2000
219.75		2000
219.875		2000
220		2000
220.125		2000
220.25		2000
220.375		2000
220.5		2000
220.625		2000
220.75		2000
220.875		2000
221		2000
221.125		2000
221.25		2000
221.375		2000
221.5		2000
221.625		2000
221.75		2000
221.875		2000
222		2000
222.125		2000
222.25		2000
222.375		2000
222.5		2000
222.625		2000
222.75		2000
222.875		2000
223		2000
223.125		2000
223.25		2000
223.375		2000
223.5		2000
223.625		2000
223.75		2000
223.875		2000
224		2000
224.125		2000
224.25		2000
224.375		2000
224.5		2000
224.625		2000
224.75		2000
224.875		2000
225		2000
225.125		2000
225.25		2000
225.375		2000
225.5		2000
225.625		2000
225.75		2000
225.875		2000
226		2000
226.125		2000
226.25		2000
226.375		2000
226.5		2000
226.625		2000
226.75		2000
226.875		2000
227		2000
227.125		2000
227.25		2000
227.375		2000
227.5		2000
227.625		2000
227.75		2000
227.875		2000
228		2000
228.125		2000
228.25		2000
228.375		2000
228.5		2000
228.625		2000
228.75		2000
228.875		2000
229		2000
229.125		2333.33
229.25		2333.33
229.375		2333.33
229.5		2333.33
229.625		2333.33
229.75		2333.33
229.875		2333.33
230		2333.33
230.125		2333.33
230.25		2333.33
230.375		2333.33
230.5		2333.33
230.625		2333.33
230.75		2333.33
230.875		2333.33
231		2333.33
231.125		2333.33
231.25		2333.33
231.375		2333.33
231.5		2333.33
231.625		2333.33
231.75		2333.33
231.875		2333.33
232		2333.33
232.125		2333.33
232.25		2333.33
232.375		2333.33
232.5		2333.33
232.625		2333.33
232.75		2333.33
232.875		2333.33
233		2333.33
233.125		2333.33
233.25		2333.33
233.375		2333.33
233.5		2333.33
233.625		2333.33
233.75		2333.33
233.875		2333.33
234		2333.33
234.125		2333.33
234.25		2333.33
234.375		2333.33
234.5		2333.33
234.625		2333.33
234.75		2333.33
234.875		2333.33
235		2333.33
235.125		2333.33
235.25		2333.33
235.375		2333.33
235.5		2333.33
235.625		2333.33
235.75		2333.33
235.875		2333.33
236		2333.33
236.125		2333.33
236.25		2333.33
236.375		2333.33
236.5		2333.33
236.625		2333.33
236.75		2333.33
236.875		2333.33
237		2333.33
237.125		2333.33
237.25		2333.33
237.375		2333.33
237.5		2333.33
237.625		2333.33
237.75		2333.33
237.875		2333.33
238		2333.33
238.125		2333.33
238.25		2333.33
238.375		2333.33
238.5		2333.33
238.625		2333.33
238.75		2333.33
238.875		2333.33
239		2333.33
239.125		2333.33
239.25		2333.33
239.375		2333.33
239.5		2333.33
239.625		2333.33
239.75		2333.33
239.875		2333.33
240		2333.33
240.125		2333.33
240.25		2333.33
240.375		2333.33
240.5		2333.33
240.625		2333.33
240.75		2333.33
240.875		2333.33
241		2333.33
241.125		2333.33
241.25		2333.33
241.375		2333.33
241.5		2333.33
241.625		2333.33
241.75		2333.33
241.875		2333.33
242		2333.33
242.125		2333.33
242.25		2333.33
242.375		2333.33
242.5		2333.33
242.625		2333.33
242.75		2333.33
242.875		2333.33
243		2333.33
243.125		2333.33
243.25		2333.33
243.375		2333.33
243.5		2333.33
243.625		2333.33
243.75		2333.33
243.875		2333.33
244		2333.33
244.125		2333.33
244.25		2333.33
244.375		2333.33
244.5		2333.33
244.625		2333.33
244.75		2333.33
244.875		2333.33
245		2333.33
245.125		2333.33
245.25		2333.33
245.375		2333.33
245.5		2333.33
245.625		2333.33
245.75		2333.33
245.875		2333.33
246		2333.33
246.125		2333.33
246.25		2333.33
246.375		2333.33
246.5		2333.33
246.625		2333.33
246.75		2333.33
246.875		2333.33
247		2333.33
247.125		2333.33
247.25		2333.33
247.375		2333.33
247.5		2333.33
247.625		2333.33
247.75		2333.33
247.875		2333.33
248		2333.33
248.125		2333.33
248.25		2333.33
248.375		2333.33
248.5		2333.33
248.625		2333.33
248.75		2333.33
248.875		2333.33
249		2333.33
249.125		2333.33
249.25		2333.33
249.375		2333.33
249.5		2333.33
249.625		2333.33
249.75		2333.33
249.875		2333.33
250		2333.33
250.125		2333.33
250.25		2333.33
250.375		2333.33
250.5		2333.33
250.625		2333.33
250.75		2333.33
250.875		2333.33
251		2333.33
251.125		2333.33
251.25		2333.33
251.375		2333.33
251.5		2333.33
251.625		2333.33
251.75		2333.33
251.875		2333.33
252		2333.33
252.125		2333.33
252.25		2333.33
252.375		2333.33
252.5		2333.33
252.625		2333.33
252.75		2333.33
252.875		2333.33
253		2333.33
253.125		2333.33
253.25		2333.33
253.375		2333.33
253.5		2333.33
253.625		2333.33
253.75		2333.33
253.875		2333.33
254		2333.33
254.125		2333.33
254.25		2333.33
254.375		2333.33
254.5		2333.33
254.625		2333.33
254.75		2333.33
254.875		2333.33
255		2333.33
255.125		2333.33
255.25		2333.33
255.375		2333.33
255.5		2333.33
255.625		2333.33
255.75		2333.33
255.875		2333.33
256		2333.33
256.125		2333.33
256.25		2333.33
256.375		2333.33
256.5		2333.33
256.625		2333.33
256.75		2333.33
256.875		2333.33
257		2333.33
257.125		2333.33
257.25		2333.33
257.375		2333.33
257.5		2333.33
257.625		2333.33
257.75		2333.33
257.875		2333.33
258		2333.33
258.125		2333.33
258.25		2333.33
258.375		2333.33
258.5		2333.33
258.625		2333.33
258.75		2333.33
258.875		2333.33
259		2333.33
259.125		2333.33
259.25		2333.33
259.375		2333.33
259.5		2333.33
259.625		2333.33
259.75		2333.33
259.875		2333.33
260		2333.33
260.125		2333.33
260.25		2333.33
260.375		2333.33
260.5		2333.33
260.625		2333.33
260.75		2333.33
260.875		2333.33
261		2333.33
261.125		2333.33
261.25		2333.33
261.375		2333.33
261.5		2333.33
261.625		2333.33
261.75		2333.33
261.875		2333.33
262		2333.33
262.125		2333.33
262.25		2333.33
262.375		2333.33
262.5		2333.33
262.625		2333.33
262.75		2333.33
262.875		2333.33
263		2333.33
263.125		2333.33
263.25		2333.33
263.375		2333.33
263.5		2333.33
263.625		2333.33
263.75		2333.33
263.875		2333.33
264		2333.33
264.125		2333.33
264.25		2333.33
264.375		2333.33
264.5		2333.33
264.625		2333.33
264.75		2333.33
264.875		2333.33
265		2333.33
265.125		2333.33
265.25		2333.33
265.375		2333.33
265.5		2333.33
265.625		2333.33
265.75		2333.33
265.875		2333.33
266		2333.33
266.125		2333.33
266.25		2333.33
266.375		2333.33
266.5		2333.33
266.625		2333.33
266.75		2333.33
266.875		2333.33
267		2333.33
267.125		2333.33
267.25		2333.33
267.375		2333.33
267.5		2333.33
267.625		2333.33
267.75		2333.33
267.875		2333.33
268		2333.33
268.125		2333.33
268.25		2333.33
268.375		2333.33
268.5		2333.33
268.625		2333.33
268.75		2333.33
268.875		2333.33
269		2333.33
269.125		2333.33
269.25		2333.33
269.375		2333.33
269.5		2333.33
269.625		2333.33
269.75		2333.33
269.875		2333.33
270		2333.33
270.125		2333.33
270.25		2333.33
270.375		2333.33
270.5		2333.33
270.625		2333.33
270.75		2333.33
270.875		2333.33
271		2333.33
271.125		2333.33
271.25		2333.33
271.375		2333.33
271.5		2333.33
271.625		2333.33
271.75		2333.33
271.875		2333.33
272		2333.33
272.125		2333.33
272.25		2333.33
272.375		2333.33
272.5		2333.33
272.625		2333.33
272.75		2333.33
272.875		2333.33
273		2333.33
273.125		2333.33
273.25		2333.33
273.375		2333.33
273.5		2333.33
273.625		2333.33
273.75		2333.33
273.875		2333.33
274		2333.33
274.125		2333.33
274.25		2333.33
274.375		2333.33
274.5		2333.33
274.625		2333.33
274.75		2333.33
274.875		2333.33
275		2333.33
275.125		2333.33
275.25		2333.33
275.375		2333.33
275.5		2333.33
275.625		2333.33
275.75		2333.33
275.875		2333.33
276		2333.33
276.125		2333.33
276.25		2333.33
276.375		2333.33
276.5		2333.33
276.625		2333.33
276.75		2333.33
276.875		2333.33
277		2333.33
277.125		2333.33
277.25		2333.33
277.375		2333.33
277.5		2333.33
277.625		2333.33
277.75		2333.33
277.875		2333.33
278		2333.33
278.125		2333.33
278.25		2333.33
278.375		2333.33
278.5		2333.33
278.625		2333.33
278.75		2333.33
278.875		2333.33
279		2333.33
279.125		2333.33
279.25		2333.33
279.375		2333.33
279.5		2333.33
279.625		2333.33
279.75		2333.33
279.875		2333.33
280		2333.33
280.125		2333.33
280.25		2333.33
280.375		2333.33
280.5		2333.33
280.625		2333.33
280.75		2333.33
280.875		2333.33
281		2333.33
281.125		2333.33
281.25		2333.33
281.375		2333.33
281.5		2333.33
281.625		2333.33
281.75		2333.33
281.875		2333.33
282		2333.33
282.125		2333.33
282.25		2333.33
282.375		2333.33
282.5		2333.33
282.625		2333.33
282.75		2333.33
282.875		2333.33
283		2333.33
283.125		2333.33
283.25		2333.33
283.375		2333.33
283.5		2333.33
283.625		2333.33
283.75		2333.33
283.875		2333.33
284		2333.33
284.125		2333.33
284.25		2333.33
284.375		2333.33
284.5		2333.33
284.625		2333.33
284.75		2333.33
284.875		2333.33
285		2333.33
285.125		2333.33
285.25		2333.33
285.375		2333.33
285.5		2333.33
285.625		2333.33
285.75		2333.33
285.875		2333.33
286		2333.33
286.125		2333.33
286.25		2333.33
286.375		2333.33
286.5		2333.33
286.625		2333.33
286.75		2333.33
286.875		2333.33
287		2333.33
287.125		2333.33
287.25		2333.33
287.375		2333.33
287.5		2333.33
287.625		2333.33
287.75		2333.33
287.875		2333.33
288		2333.33
288.125		2333.33
288.25		2333.33
288.375		2333.33
288.5		2333.33
288.625		2333.33
288.75		2333.33
288.875		2333.33
289		2333.33
289.125		2333.33
289.25		2333.33
289.375		2333.33
289.5		2333.33
289.625		2333.33
289.75		2333.33
289.875		2333.33
290		2333.33
290.125		2333.33
290.25		2333.33
290.375		2333.33
290.5		2333.33
290.625		2333.33
290.75		2333.33
290.875		2333.33
291		2333.33
291.125		2333.33
291.25		2333.33
291.375		2333.33
291.5		2333.33
291.625		2333.33
291.75		2333.33
291.875		2333.33
292		2333.33
292.125		2333.33
292.25		2333.33
292.375		2333.33
292.5		2333.33
292.625		2333.33
292.75		2333.33
292.875		2333.33
293		2333.33
293.125		2333.33
293.25		2333.33
293.375		2333.33
293.5		2333.33
293.625		2333.33
293.75		2333.33
293.875		2333.33
294		2333.33
294.125		2333.33
294.25		2333.33
294.375		2333.33
294.5		2333.33
294.625		2333.33
294.75		2333.33
294.875		2333.33
295		2333.33
295.125		2333.33
295.25		2333.33
295.375		2333.33
295.5		2333.33
295.625		2333.33
295.75		2333.33
295.875		2333.33
296		2333.33
296.125		2333.33
296.25		2333.33
296.375		2333.33
296.5		2333.33
296.625		2333.33
296.75		2333.33
296.875		2333.33
297		2333.33
297.125		2333.33
297.25		2333.33
297.375		2333.33
297.5		2333.33
297.625		2333.33
297.75		2333.33
297.875		2333.33
298		2333.33
298.125		2333.33
298.25		2333.33
298.375		2333.33
298.5		2333.33
298.625		2333.33
298.75		2333.33
298.875		2333.33
299		2333.33
299.125		2333.33
299.25		2333.33
299.375		2333.33
299.5		2333.33
299.625		2333.33
299.75		2333.33
299.875		2333.33
300		2333.33
300.125		2333.33
300.25		2333.33
300.375		2333.33
300.5		2333.33
300.625		2333.33
300.75		2333.33
300.875		2333.33
301		2333.33
301.125		2333.33
301.25		2333.33
301.375		2333.33
301.5		2333.33
301.625		2333.33
301.75		2333.33
301.875		2333.33
302		2333.33
302.125		2333.33
302.25		2333.33
302.375		2333.33
302.5		2333.33
302.625		2333.33
302.75		2333.33
302.875		2333.33
303		2333.33
303.125		2333.33
303.25		2333.33
303.375		2333.33
303.5		2333.33
303.625		2333.33
303.75		2333.33
303.875		2333.33
304		2333.33
304.125		2333.33
304.25		2333.33
304.375		2333.33
304.5		2333.33
304.625		2333.33
304.75		2333.33
304.875		2333.33
305		2333.33
305.125		2333.33
305.25		2333.33
305.375		2333.33
305.5		2333.33
305.625		2333.33
305.75		2333.33
305.875		2333.33
306		2333.33
306.125		2333.33
306.25		2333.33
306.375		2333.33
306.5		2333.33
306.625		2333.33
306.75		2333.33
306.875		2333.33
307		2333.33
307.125		2333.33
307.25		2333.33
307.375		2333.33
307.5		2333.33
307.625		2333.33
307.75		2333.33
307.875		2333.33
308		2333.33
308.125		2333.33
308.25		2333.33
308.375		2333.33
308.5		2333.33
308.625		2333.33
308.75		2333.33
308.875		2333.33
309		2333.33
309.125		2333.33
309.25		2333.33
309.375		2333.33
309.5		2333.33
309.625		2333.33
309.75		2333.33
309.875		2333.33
310		2333.33
310.125		2333.33
310.25		2333.33
310.375		2333.33
310.5		2333.33
310.625		2333.33
310.75		2333.33
310.875		2333.33
311		2333.33
311.125		2333.33
311.25		2333.33
311.375		2333.33
311.5		2333.33
311.625		2333.33
311.75		2333.33
311.875		2333.33
312		2333.33
312.125		2333.33
312.25		2333.33
312.375		2333.33
312.5		2333.33
312.625		2333.33
312.75		2333.33
312.875		2333.33
313		2333.33
313.125		2333.33
313.25		2333.33
313.375		2333.33
313.5		2333.33
313.625		2333.33
313.75		2333.33
313.875		2333.33
314		2333.33
314.125		2333.33
314.25		2333.33
314.375		2333.33
314.5		2333.33
314.625		2333.33
314.75		2333.33
314.875		2333.33
315		2333.33
315.125		2333.33
315.25		2333.33
315.375		2333.33
315.5		2333.33
315.625		2333.33
315.75		2333.33
315.875		2333.33
316		2333.33
316.125		2333.33
316.25		2333.33
316.375		2333.33
316.5		2333.33
316.625		2333.33
316.75		2333.33
316.875		2333.33
317		2333.33
317.125		2333.33
317.25		2333.33
317.375		2333.33
317.5		2333.33
317.625		2333.33
317.75		2333.33
317.875		2333.33
318		2333.33
318.125		2333.33
318.25		2333.33
318.375		2333.33
318.5		2333.33
318.625		2333.33
318.75		2333.33
318.875		2333.33
319		2333.33
319.125		2333.33
319.25		2333.33
319.375		2333.33
319.5		2333.33
319.625		2333.33
319.75		2333.33
319.875		2333.33
320		2333.33
320.125		2333.33
320.25		2333.33
320.375		2333.33
320.5		2333.33
320.625		2333.33
320.75		2333.33
320.875		2333.33
321		2333.33
321.125		2333.33
321.25		2333.33
321.375		2333.33
321.5		2333.33
321.625		2333.33
321.75		2333.33
321.875		2333.33
322		2333.33
322.125		2333.33
322.25		2333.33
322.375		2333.33
322.5		2333.33
322.625		2333.33
322.75		2333.33
322.875		2333.33
323		2333.33
323.125		2333.33
323.25		2333.33
323.375		2333.33
323.5		2333.33
323.625		2333.33
323.75		2333.33
323.875		2333.33
324		2333.33
324.125		2333.33
324.25		2333.33
324.375		2333.33
324.5		2333.33
324.625		2333.33
324.75		2333.33
324.875		2333.33
325		2333.33
325.125		2333.33
325.25		2333.33
325.375		2333.33
325.5		2333.33
325.625		2333.33
325.75		2333.33
325.875		2333.33
326		2333.33
326.125		2666.67
326.25		2666.67
326.375		2666.67
326.5		2666.67
326.625		2666.67
326.75		2666.67
326.875		2666.67
327		2666.67
327.125		2666.67
327.25		2666.67
327.375		2666.67
327.5		2666.67
327.625		2666.67
327.75		2666.67
327.875		2666.67
328		2666.67
328.125		2666.67
328.25		2666.67
328.375		2666.67
328.5		2666.67
328.625		2666.67
328.75		2666.67
328.875		2666.67
329		2666.67
329.125		2666.67
329.25		2666.67
329.375		2666.67
329.5		2666.67
329.625		2666.67
329.75		2666.67
329.875		2666.67
330		2666.67
330.125		2666.67
330.25		2666.67
330.375		2666.67
330.5		2666.67
330.625		2666.67
330.75		2666.67
330.875		2666.67
331		2666.67
331.125		2666.67
331.25		2666.67
331.375		2666.67
331.5		2666.67
331.625		2666.67
331.75		2666.67
331.875		2666.67
332		2666.67
332.125		2666.67
332.25		2666.67
332.375		2666.67
332.5		2666.67
332.625		2666.67
332.75		2666.67
332.875		2666.67
333		2666.67
333.125		2666.67
333.25		2666.67
333.375		2666.67
333.5		2666.67
333.625		2666.67
333.75		2666.67
333.875		2666.67
334		2666.67
334.125		2666.67
334.25		2666.67
334.375		2666.67
334.5		2666.67
334.625		2666.67
334.75		2666.67
334.875		2666.67
335		2666.67
335.125		2666.67
335.25		2666.67
335.375		2666.67
335.5		2666.67
335.625		2666.67
335.75		2666.67
335.875		2666.67
336		2666.67
336.125		2666.67
336.25		2666.67
336.375		2666.67
336.5		2666.67
336.625		2666.67
336.75		2666.67
336.875		2666.67
337		2666.67
337.125		2666.67
337.25		2666.67
337.375		2666.67
337.5		2666.67
337.625		2666.67
337.75		2666.67
337.875		2666.67
338		2666.67
338.125		2666.67
338.25		2666.67
338.375		2666.67
338.5		2666.67
338.625		2666.67
338.75		2666.67
338.875		2666.67
339		2666.67
339.125		2666.67
339.25		2666.67
339.375		2666.67
339.5		2666.67
339.625		2666.67
339.75		2666.67
339.875		2666.67
340		2666.67
340.125		2666.67
340.25		2666.67
340.375		2666.67
340.5		2666.67
340.625		2666.67
340.75		2666.67
340.875		2666.67
341		2666.67
341.125		2666.67
341.25		2666.67
341.375		2666.67
341.5		2666.67
341.625		2666.67
341.75		2666.67
341.875		2666.67
342		2666.67
342.125		2666.67
342.25		2666.67
342.375		2666.67
342.5		2666.67
342.625		2666.67
342.75		2666.67
342.875		2666.67
343		2666.67
343.125		2666.67
343.25		2666.67
343.375		2666.67
343.5		2666.67
343.625		2666.67
343.75		2666.67
343.875		2666.67
344		2666.67
344.125		2666.67
344.25		2666.67
344.375		2666.67
344.5		2666.67
344.625		2666.67
344.75		2666.67
344.875		2666.67
345		2666.67
345.125		2666.67
345.25		2666.67
345.375		2666.67
345.5		2666.67
345.625		2666.67
345.75		2666.67
345.875		2666.67
346		2666.67
346.125		2666.67
346.25		2666.67
346.375		2666.67
346.5		2666.67
346.625		2666.67
346.75		2666.67
346.875		2666.67
347		2666.67
347.125		2666.67
347.25		2666.67
347.375		2666.67
347.5		2666.67
347.625		2666.67
347.75		2666.67
347.875		2666.67
348		2666.67
348.125		2666.67
348.25		2666.67
348.375		2666.67
348.5		2666.67
348.625		2666.67
348.75		2666.67
348.875		2666.67
349		2666.67
349.125		2666.67
349.25		2666.67
349.375		2666.67
349.5		2666.67
349.625		2666.67
349.75		2666.67
349.875		2666.67
350		2666.67
350.125		2666.67
350.25		2666.67
350.375		2666.67
350.5		2666.67
350.625		2666.67
350.75		2666.67
350.875		2666.67
351		2666.67
351.125		2666.67
351.25		2666.67
351.375		2666.67
351.5		2666.67
351.625		2666.67
351.75		2666.67
351.875		2666.67
352		2666.67
352.125		2666.67
352.25		2666.67
352.375		2666.67
352.5		2666.67
352.625		2666.67
352.75		2666.67
352.875		2666.67
353		2666.67
353.125		2666.67
353.25		2666.67
353.375		2666.67
353.5		2666.67
353.625		2666.67
353.75		2666.67
353.875		2666.67
354		2666.67
354.125		2666.67
354.25		2666.67
354.375		2666.67
354.5		2666.67
354.625		2666.67
354.75		2666.67
354.875		2666.67
355		2666.67
355.125		2666.67
355.25		2666.67
355.375		2666.67
355.5		2666.67
355.625		2666.67
355.75		2666.67
355.875		2666.67
356		2666.67
356.125		2666.67
356.25		2666.67
356.375		2666.67
356.5		2666.67
356.625		2666.67
356.75		2666.67
356.875		2666.67
357		2666.67
357.125		2666.67
357.25		2666.67
357.375		2666.67
357.5		2666.67
357.625		2666.67
357.75		2666.67
357.875		2666.67
358		2666.67
358.125		3000
358.25		3000
358.375		3000
358.5		3000
358.625		3000
358.75		3000
358.875		3000
359		3000
359.125		3000
359.25		3000
359.375		3000
359.5		3000
359.625		3000
359.75		3000
359.875		3000
360		3000
360.125		3000
360.25		3000
360.375		3000
360.5		3000
360.625		3000
360.75		3000
360.875		3000
361		3000
361.125		3000
361.25		3000
361.375		3000
361.5		3000
361.625		3000
361.75		3000
361.875		3000
362		3000
362.125		3000
362.25		3000
362.375		3000
362.5		3000
362.625		3000
362.75		3000
362.875		3000
363		3000
363.125		3000
363.25		3000
363.375		3000
363.5		3000
363.625		3000
363.75		3000
363.875		3000
364		3000
364.125		3000
364.25		3000
364.375		3000
364.5		3000
364.625		3000
364.75		3000
364.875		3000
365		3000
365.125		3000
365.25		3000
365.375		3000
365.5		3000
365.625		3000
365.75		3000
365.875		3000
366		3000
366.125		3000
366.25		3000
366.375		3000
366.5		3000
366.625		3000
366.75		3000
366.875		3000
367		3000
367.125		3000
367.25		3000
367.375		3000
367.5		3000
367.625		3000
367.75		3000
367.875		3000
368		3000
368.125		3000
368.25		3000
368.375		3000
368.5		3000
368.625		3000
368.75		3000
368.875		3000
369		3000
369.125		3000
369.25		3000
369.375		3000
369.5		3000
369.625		3000
369.75		3000
369.875		3000
370		3000
370.125		3000
370.25		3000
370.375		3000
370.5		3000
370.625		3000
370.75		3000
370.875		3000
371		3000
371.125		3000
371.25		3000
371.375		3000
371.5		3000
371.625		3000
371.75		3000
371.875		3000
372		3000
372.125		3000
372.25		3000
372.375		3000
372.5		3000
372.625		3000
372.75		3000
372.875		3000
373		3000
373.125		3000
373.25		3000
373.375		3000
373.5		3000
373.625		3000
373.75		3000
373.875		3000
374		3000
374.125		3000
374.25		3000
374.375		3000
374.5		3000
374.625		3000
374.75		3000
374.875		3000
375		3000
375.125		3000
375.25		3000
375.375		3000
375.5		3000
375.625		3000
375.75		3000
375.875		3000
376		3000
376.125		3000
376.25		3000
376.375		3000
376.5		3000
376.625		3000
376.75		3000
376.875		3000
377		3000
377.125		3000
377.25		3000
377.375		3000
377.5		3000
377.625		3000
377.75		3000
377.875		3000
378		3000
378.125		3333.33
378.25		3333.33
378.375		3333.33
378.5		3333.33
378.625		3333.33
378.75		3333.33
378.875		3333.33
379		3333.33
379.125		3333.33
379.25		3333.33
379.375		3333.33
379.5		3333.33
379.625		3333.33
379.75		3333.33
379.875		3333.33
380		3333.33
380.125		3333.33
380.25		3333.33
380.375		3333.33
380.5		3333.33
380.625		3333.33
380.75		3333.33
380.875		3333.33
381		3333.33
381.125		3333.33
381.25		3333.33
381.375		3333.33
381.5		3333.33
381.625		3333.33
381.75		3333.33
381.875		3333.33
382		3333.33
382.125		3333.33
382.25		3333.33
382.375		3333.33
382.5		3333.33
382.625		3333.33
382.75		3333.33
382.875		3333.33
383		3333.33
383.125		3333.33
383.25		3333.33
383.375		3333.33
383.5		3333.33
383.625		3333.33
383.75		3333.33
383.875		3333.33
384		3333.33
384.125		3333.33
384.25		3333.33
384.375		3333.33
384.5		3333.33
384.625		3333.33
384.75		3333.33
384.875		3333.33
385		3333.33
385.125		3333.33
385.25		3333.33
385.375		3333.33
385.5		3333.33
385.625		3333.33
385.75		3333.33
385.875		3333.33
386		3333.33
386.125		3333.33
386.25		3333.33
386.375		3333.33
386.5		3333.33
386.625		3333.33
386.75		3333.33
386.875		3333.33
387		3333.33
387.125		3333.33
387.25		3333.33
387.375		3333.33
387.5		3333.33
387.625		3333.33
387.75		3333.33
387.875		3333.33
388		3333.33
388.125		3333.33
388.25		3333.33
388.375		3333.33
388.5		3333.33
388.625		3333.33
388.75		3333.33
388.875		3333.33
389		3333.33
389.125		3333.33
389.25		3333.33
389.375		3333.33
389.5		3333.33
389.625		3333.33
389.75		3333.33
389.875		3333.33
390		3333.33
390.125		3333.33
390.25		3333.33
390.375		3333.33
390.5		3333.33
390.625		3333.33
390.75		3333.33
390.875		3333.33
391		3333.33
391.125		3333.33
391.25		3333.33
391.375		3333.33
391.5		3333.33
391.625		3333.33
391.75		3333.33
391.875		3333.33
392		3333.33
392.125		3333.33
392.25		3333.33
392.375		3333.33
392.5		3333.33
392.625		3333.33
392.75		3333.33
392.875		3333.33
393		3333.33
393.125		3333.33
393.25		3333.33
393.375		3333.33
393.5		3333.33
393.625		3333.33
393.75		3333.33
393.875		3333.33
394		3333.33
394.125		3333.33
394.25		3333.33
394.375		3333.33
394.5		3333.33
394.625		3333.33
394.75		3333.33
394.875		3333.33
395		3333.33
395.125		3333.33
395.25		3333.33
395.375		3333.33
395.5		3333.33
395.625		3333.33
395.75		3333.33
395.875		3333.33
396		3333.33
396.125		3333.33
396.25		3333.33
396.375		3333.33
396.5		3333.33
396.625		3333.33
396.75		3333.33
396.875		3333.33
397		3333.33
397.125		3333.33
397.25		3333.33
397.375		3333.33
397.5		3333.33
397.625		3333.33
397.75		3333.33
397.875		3333.33
398		3333.33
398.125		3333.33
398.25		3333.33
398.375		3333.33
398.5		3333.33
398.625		3333.33
398.75		3333.33
398.875		3333.33
399		3333.33
399.125		3333.33
399.25		3333.33
399.375		3333.33
399.5		3333.33
399.625		3333.33
399.75		3333.33
399.875		3333.33
400		3333.33
400.125		3333.33
400.25		3333.33
400.375		3333.33
400.5		3333.33
400.625		3333.33
400.75		3333.33
400.875		3333.33
401		3333.33
401.125		3333.33
401.25		3333.33
401.375		3333.33
401.5		3333.33
401.625		3333.33
401.75		3333.33
401.875		3333.33
402		3333.33
402.125		3333.33
402.25		3333.33
402.375		3333.33
402.5		3333.33
402.625		3333.33
402.75		3333.33
402.875		3333.33
403		3333.33
403.125		3333.33
403.25		3333.33
403.375		3333.33
403.5		3333.33
403.625		3333.33
403.75		3333.33
403.875		3333.33
404		3333.33
404.125		3666.67
404.25		3666.67
404.375		3666.67
404.5		3666.67
404.625		3666.67
404.75		3666.67
404.875		3666.67
405		3666.67
405.125		3666.67
405.25		3666.67
405.375		3666.67
405.5		3666.67
405.625		3666.67
405.75		3666.67
405.875		3666.67
406		3666.67
406.125		3666.67
406.25		3666.67
406.375		3666.67
406.5		3666.67
406.625		3666.67
406.75		3666.67
406.875		3666.67
407		3666.67
407.125		3666.67
407.25		3666.67
407.375		3666.67
407.5		3666.67
407.625		3666.67
407.75		3666.67
407.875		3666.67
408		3666.67
408.125		3666.67
408.25		3666.67
408.375		3666.67
408.5		3666.67
408.625		3666.67
408.75		3666.67
408.875		3666.67
409		3666.67
409.125		3666.67
409.25		3666.67
409.375		3666.67
409.5		3666.67
409.625		3666.67
409.75		3666.67
409.875		3666.67
410		3666.67
410.125		4333.33
410.25		4333.33
410.375		4333.33
410.5		4333.33
410.625		4333.33
410.75		4333.33
410.875		4333.33
411		4333.33
411.125		4333.33
411.25		4333.33
411.375		4333.33
411.5		4333.33
411.625		4333.33
411.75		4333.33
411.875		4333.33
412		4333.33
412.125		4333.33
412.25		4333.33
412.375		4333.33
412.5		4333.33
412.625		4333.33
412.75		4333.33
412.875		4333.33
413		4333.33
413.125		4333.33
413.25		4333.33
413.375		4333.33
413.5		4333.33
413.625		4333.33
413.75		4333.33
413.875		4333.33
414		4333.33
414.125		4333.33
414.25		4333.33
414.375		4333.33
414.5		4333.33
414.625		4333.33
414.75		4333.33
414.875		4333.33
415		4333.33
415.125		4333.33
415.25		4333.33
415.375		4333.33
415.5		4333.33
415.625		4333.33
415.75		4333.33
415.875		4333.33
416		4333.33
416.125		4333.33
416.25		4333.33
416.375		4333.33
416.5		4333.33
416.625		4333.33
416.75		4333.33
416.875		4333.33
417		4333.33
417.125		4666.67
417.25		4666.67
417.375		4666.67
417.5		4666.67
417.625		4666.67
417.75		4666.67
417.875		4666.67
418		4666.67
418.125		4666.67
418.25		4666.67
418.375		4666.67
418.5		4666.67
418.625		4666.67
418.75		4666.67
418.875		4666.67
419		4666.67
419.125		4666.67
419.25		4666.67
419.375		4666.67
419.5		4666.67
419.625		4666.67
419.75		4666.67
419.875		4666.67
420		4666.67
420.125		4666.67
420.25		4666.67
420.375		4666.67
420.5		4666.67
420.625		4666.67
420.75		4666.67
420.875		4666.67
421		4666.67
421.125		4666.67
421.25		4666.67
421.375		4666.67
421.5		4666.67
421.625		4666.67
421.75		4666.67
421.875		4666.67
422		4666.67
422.125		4666.67
422.25		4666.67
422.375		4666.67
422.5		4666.67
422.625		4666.67
422.75		4666.67
422.875		4666.67
423		4666.67
423.125		4666.67
423.25		4666.67
423.375		4666.67
423.5		4666.67
423.625		4666.67
423.75		4666.67
423.875		4666.67
424		4666.67
424.125		4666.67
424.25		4666.67
424.375		4666.67
424.5		4666.67
424.625		4666.67
424.75		4666.67
424.875		4666.67
425		4666.67
425.125		4666.67
425.25		4666.67
425.375		4666.67
425.5		4666.67
425.625		4666.67
425.75		4666.67
425.875		4666.67
426		4666.67
426.125		4666.67
426.25		4666.67
426.375		4666.67
426.5		4666.67
426.625		4666.67
426.75		4666.67
426.875		4666.67
427		4666.67
427.125		4666.67
427.25		4666.67
427.375		4666.67
427.5		4666.67
427.625		4666.67
427.75		4666.67
427.875		4666.67
428		4666.67
428.125		4666.67
428.25		4666.67
428.375		4666.67
428.5		4666.67
428.625		4666.67
428.75		4666.67
428.875		4666.67
429		4666.67
429.125		4666.67
429.25		4666.67
429.375		4666.67
429.5		4666.67
429.625		4666.67
429.75		4666.67
429.875		4666.67
430		4666.67
430.125		4666.67
430.25		4666.67
430.375		4666.67
430.5		4666.67
430.625		4666.67
430.75		4666.67
430.875		4666.67
431		4666.67
431.125		4666.67
431.25		4666.67
431.375		4666.67
431.5		4666.67
431.625		4666.67
431.75		4666.67
431.875		4666.67
432		4666.67
432.125		4666.67
432.25		4666.67
432.375		4666.67
432.5		4666.67
432.625		4666.67
432.75		4666.67
432.875		4666.67
433		4666.67
433.125		4666.67
433.25		4666.67
433.375		4666.67
433.5		4666.67
433.625		4666.67
433.75		4666.67
433.875		4666.67
434		4666.67
434.125		4666.67
434.25		4666.67
434.375		4666.67
434.5		4666.67
434.625		4666.67
434.75		4666.67
434.875		4666.67
435		4666.67
435.125		4666.67
435.25		4666.67
435.375		4666.67
435.5		4666.67
435.625		4666.67
435.75		4666.67
435.875		4666.67
436		4666.67
436.125		4666.67
436.25		4666.67
436.375		4666.67
436.5		4666.67
436.625		4666.67
436.75		4666.67
436.875		4666.67
437		4666.67
437.125		4666.67
437.25		4666.67
437.375		4666.67
437.5		4666.67
437.625		4666.67
437.75		4666.67
437.875		4666.67
438		4666.67
438.125		4666.67
438.25		4666.67
438.375		4666.67
438.5		4666.67
438.625		4666.67
438.75		4666.67
438.875		4666.67
439		4666.67
439.125		4666.67
439.25		4666.67
439.375		4666.67
439.5		4666.67
439.625		4666.67
439.75		4666.67
439.875		4666.67
440		4666.67
440.125		4666.67
440.25		4666.67
440.375		4666.67
440.5		4666.67
440.625		4666.67
440.75		4666.67
440.875		4666.67
441		4666.67
441.125		4666.67
441.25		4666.67
441.375		4666.67
441.5		4666.67
441.625		4666.67
441.75		4666.67
441.875		4666.67
442		4666.67
442.125		4666.67
442.25		4666.67
442.375		4666.67
442.5		4666.67
442.625		4666.67
442.75		4666.67
442.875		4666.67
443		4666.67
443.125		4666.67
443.25		4666.67
443.375		4666.67
443.5		4666.67
443.625		4666.67
443.75		4666.67
443.875		4666.67
444		4666.67
444.125		4666.67
444.25		4666.67
444.375		4666.67
444.5		4666.67
444.625		4666.67
444.75		4666.67
444.875		4666.67
445		4666.67
445.125		4666.67
445.25		4666.67
445.375		4666.67
445.5		4666.67
445.625		4666.67
445.75		4666.67
445.875		4666.67
446		4666.67
446.125		4666.67
446.25		4666.67
446.375		4666.67
446.5		4666.67
446.625		4666.67
446.75		4666.67
446.875		4666.67
447		4666.67
447.125		4666.67
447.25		4666.67
447.375		4666.67
447.5		4666.67
447.625		4666.67
447.75		4666.67
447.875		4666.67
448		4666.67
448.125		4666.67
448.25		4666.67
448.375		4666.67
448.5		4666.67
448.625		4666.67
448.75		4666.67
448.875		4666.67
449		4666.67
449.125		4666.67
449.25		4666.67
449.375		4666.67
449.5		4666.67
449.625		4666.67
449.75		4666.67
449.875		4666.67
450		4666.67
450.125		4666.67
450.25		4666.67
450.375		4666.67
450.5		4666.67
450.625		4666.67
450.75		4666.67
450.875		4666.67
451		4666.67
451.125		4666.67
451.25		4666.67
451.375		4666.67
451.5		4666.67
451.625		4666.67
451.75		4666.67
451.875		4666.67
452		4666.67
452.125		4666.67
452.25		4666.67
452.375		4666.67
452.5		4666.67
452.625		4666.67
452.75		4666.67
452.875		4666.67
453		4666.67
453.125		4666.67
453.25		4666.67
453.375		4666.67
453.5		4666.67
453.625		4666.67
453.75		4666.67
453.875		4666.67
454		4666.67
454.125		4666.67
454.25		4666.67
454.375		4666.67
454.5		4666.67
454.625		4666.67
454.75		4666.67
454.875		4666.67
455		4666.67
455.125		4666.67
455.25		4666.67
455.375		4666.67
455.5		4666.67
455.625		4666.67
455.75		4666.67
455.875		4666.67
456		4666.67
456.125		4666.67
456.25		4666.67
456.375		4666.67
456.5		4666.67
456.625		4666.67
456.75		4666.67
456.875		4666.67
457		4666.67
457.125		4666.67
457.25		4666.67
457.375		4666.67
457.5		4666.67
457.625		4666.67
457.75		4666.67
457.875		4666.67
458		4666.67
458.125		4666.67
458.25		4666.67
458.375		4666.67
458.5		4666.67
458.625		4666.67
458.75		4666.67
458.875		4666.67
459		4666.67
459.125		4666.67
459.25		4666.67
459.375		4666.67
459.5		4666.67
459.625		4666.67
459.75		4666.67
459.875		4666.67
460		4666.67
460.125		4666.67
460.25		4666.67
460.375		4666.67
460.5		4666.67
460.625		4666.67
460.75		4666.67
460.875		4666.67
461		4666.67
461.125		0
461.25		0
461.375		0
461.5		0
461.625		0
461.75		0
461.875		0
462		0
462.125		0
462.25		0
462.375		0
462.5		0
462.625		0
462.75		0
462.875		0
463		0
463.125		0
463.25		0
463.375		0
463.5		0
463.625		0
463.75		0
463.875		0
464		0
464.125		0
464.25		0
464.375		0
464.5		0
464.625		0
464.75		0
464.875		0
465		0
465.125		0
465.25		0
465.375		0
465.5		0
465.625		0
465.75		0
465.875		0
466		0
466.125		0
466.25		0
466.375		0
466.5		0
466.625		0
466.75		0
466.875		0
467		0
467.125		0
467.25		0
467.375		0
467.5		0
467.625		0
467.75		0
467.875		0
468		0
468.125		0
468.25		0
468.375		0
468.5		0
468.625		0
468.75		0
468.875		0
469		0
469.125		0
469.25		0
469.375		0
469.5		0
469.625		0
469.75		0
469.875		0
470		0
470.125		0
470.25		0
470.375		0
470.5		0
470.625		0
470.75		0
470.875		0
471		0
471.125		0
471.25		0
471.375		0
471.5		0
471.625		0
471.75		0
471.875		0
472		0
472.125		0
472.25		0
472.375		0
472.5		0
472.625		0
472.75		0
472.875		0
473		0
473.125		0
473.25		0
473.375		0
473.5		0
473.625		0
473.75		0
473.875		0
474		0
474.125		0
474.25		0
474.375		0
474.5		0
474.625		0
474.75		0
474.875		0
475		0
475.125		0
475.25		0
475.375		0
475.5		0
475.625		0
475.75		0
475.875		0
476		0
476.125		0
476.25		0
476.375		0
476.5		0
476.625		0
476.75		0
476.875		0
477		0
477.125		0
477.25		0
477.375		0
477.5		0
477.625		0
477.75		0
477.875		0
478		0
478.125		0
478.25		0
478.375		0
478.5		0
478.625		0
478.75		0
478.875		0
479		0
479.125		0
479.25		0
479.375		0
479.5		0
479.625		0
479.75		0
479.875		0
480		0
480.125		0
480.25		0
480.375		0
480.5		0
480.625		0
480.75		0
480.875		0
481		0
481.125		0
481.25		0
481.375		0
481.5		0
481.625		0
481.75		0
481.875		0
482		0
482.125		0
482.25		0
482.375		0
482.5		0
482.625		0
482.75		0
482.875		0
483		0
483.125		0
483.25		0
483.375		0
483.5		0
483.625		0
483.75		0
483.875		0
484		0
484.125		0
484.25		0
484.375		0
484.5		0
484.625		0
484.75		0
484.875		0
485		0
485.125		0
485.25		0
485.375		0
485.5		0
485.625		0
485.75		0
485.875		0
486		0
486.125		0
486.25		0
486.375		0
486.5		0
486.625		0
486.75		0
486.875		0
487		0
487.125		0
487.25		0
487.375		0
487.5		0
487.625		0
487.75		0
487.875		0
488		0
488.125		0
488.25		0
488.375		0
488.5		0
488.625		0
488.75		0
488.875		0
489		0
489.125		0
489.25		0
489.375		0
489.5		0
489.625		0
489.75		0
489.875		0
490		0
490.125		0
490.25		0
490.375		0
490.5		0
490.625		0
490.75		0
490.875		0
491		0
491.125		0
491.25		0
491.375		0
491.5		0
491.625		0
491.75		0
491.875		0
492		0
492.125		0
492.25		0
492.375		0
492.5		0
492.625		0
492.75		0
492.875		0
493		0
493.125		0
493.25		0
493.375		0
493.5		0
493.625		0
493.75		0
493.875		0
494		0
494.125		0
494.25		0
494.375		0
494.5		0
494.625		0
494.75		0
494.875		0
495		0
495.125		0
495.25		0
495.375		0
495.5		0
495.625		0
495.75		0
495.875		0
496		0
496.125		0
496.25		0
496.375		0
496.5		0
496.625		0
496.75		0
496.875		0
497		0
497.125		0
497.25		0
497.375		0
497.5		0
497.625		0
497.75		0
497.875		0
498		0
498.125		0
498.25		0
498.375		0
498.5		0
498.625		0
498.75		0
498.875		0
499		0
499.125		0
499.25		0
499.375		0
499.5		0
499.625		0
499.75		0
499.875		0
500		0
