# Calibration file of tamex_id 0 @ channel 26
# fine_T bin		 Calibration value
0.125		0
0.25		0
0.375		0
0.5		0
0.625		0
0.75		0
0.875		0
1		0
1.125		0
1.25		0
1.375		0
1.5		0
1.625		0
1.75		0
1.875		0
2		0
2.125		0
2.25		0
2.375		0
2.5		0
2.625		0
2.75		0
2.875		0
3		0
3.125		0
3.25		0
3.375		0
3.5		0
3.625		0
3.75		0
3.875		0
4		0
4.125		0
4.25		0
4.375		0
4.5		0
4.625		0
4.75		0
4.875		0
5		0
5.125		0
5.25		0
5.375		0
5.5		0
5.625		0
5.75		0
5.875		0
6		0
6.125		0
6.25		0
6.375		0
6.5		0
6.625		0
6.75		0
6.875		0
7		0
7.125		0
7.25		0
7.375		0
7.5		0
7.625		0
7.75		0
7.875		0
8		0
8.125		0
8.25		0
8.375		0
8.5		0
8.625		0
8.75		0
8.875		0
9		0
9.125		0
9.25		0
9.375		0
9.5		0
9.625		0
9.75		0
9.875		0
10		0
10.125		0
10.25		0
10.375		0
10.5		0
10.625		0
10.75		0
10.875		0
11		0
11.125		0
11.25		0
11.375		0
11.5		0
11.625		0
11.75		0
11.875		0
12		0
12.125		0
12.25		0
12.375		0
12.5		0
12.625		0
12.75		0
12.875		0
13		0
13.125		0
13.25		0
13.375		0
13.5		0
13.625		0
13.75		0
13.875		0
14		0
14.125		0
14.25		0
14.375		0
14.5		0
14.625		0
14.75		0
14.875		0
15		0
15.125		0
15.25		0
15.375		0
15.5		0
15.625		0
15.75		0
15.875		0
16		0
16.125		0
16.25		0
16.375		0
16.5		0
16.625		0
16.75		0
16.875		0
17		0
17.125		0
17.25		0
17.375		0
17.5		0
17.625		0
17.75		0
17.875		0
18		0
18.125		0
18.25		0
18.375		0
18.5		0
18.625		0
18.75		0
18.875		0
19		0
19.125		0
19.25		0
19.375		0
19.5		0
19.625		0
19.75		0
19.875		0
20		0
20.125		333.333
20.25		333.333
20.375		333.333
20.5		333.333
20.625		333.333
20.75		333.333
20.875		333.333
21		333.333
21.125		333.333
21.25		333.333
21.375		333.333
21.5		333.333
21.625		333.333
21.75		333.333
21.875		333.333
22		333.333
22.125		333.333
22.25		333.333
22.375		333.333
22.5		333.333
22.625		333.333
22.75		333.333
22.875		333.333
23		333.333
23.125		333.333
23.25		333.333
23.375		333.333
23.5		333.333
23.625		333.333
23.75		333.333
23.875		333.333
24		333.333
24.125		333.333
24.25		333.333
24.375		333.333
24.5		333.333
24.625		333.333
24.75		333.333
24.875		333.333
25		333.333
25.125		333.333
25.25		333.333
25.375		333.333
25.5		333.333
25.625		333.333
25.75		333.333
25.875		333.333
26		333.333
26.125		333.333
26.25		333.333
26.375		333.333
26.5		333.333
26.625		333.333
26.75		333.333
26.875		333.333
27		333.333
27.125		333.333
27.25		333.333
27.375		333.333
27.5		333.333
27.625		333.333
27.75		333.333
27.875		333.333
28		333.333
28.125		333.333
28.25		333.333
28.375		333.333
28.5		333.333
28.625		333.333
28.75		333.333
28.875		333.333
29		333.333
29.125		333.333
29.25		333.333
29.375		333.333
29.5		333.333
29.625		333.333
29.75		333.333
29.875		333.333
30		333.333
30.125		333.333
30.25		333.333
30.375		333.333
30.5		333.333
30.625		333.333
30.75		333.333
30.875		333.333
31		333.333
31.125		333.333
31.25		333.333
31.375		333.333
31.5		333.333
31.625		333.333
31.75		333.333
31.875		333.333
32		333.333
32.125		333.333
32.25		333.333
32.375		333.333
32.5		333.333
32.625		333.333
32.75		333.333
32.875		333.333
33		333.333
33.125		333.333
33.25		333.333
33.375		333.333
33.5		333.333
33.625		333.333
33.75		333.333
33.875		333.333
34		333.333
34.125		333.333
34.25		333.333
34.375		333.333
34.5		333.333
34.625		333.333
34.75		333.333
34.875		333.333
35		333.333
35.125		333.333
35.25		333.333
35.375		333.333
35.5		333.333
35.625		333.333
35.75		333.333
35.875		333.333
36		333.333
36.125		333.333
36.25		333.333
36.375		333.333
36.5		333.333
36.625		333.333
36.75		333.333
36.875		333.333
37		333.333
37.125		333.333
37.25		333.333
37.375		333.333
37.5		333.333
37.625		333.333
37.75		333.333
37.875		333.333
38		333.333
38.125		333.333
38.25		333.333
38.375		333.333
38.5		333.333
38.625		333.333
38.75		333.333
38.875		333.333
39		333.333
39.125		333.333
39.25		333.333
39.375		333.333
39.5		333.333
39.625		333.333
39.75		333.333
39.875		333.333
40		333.333
40.125		333.333
40.25		333.333
40.375		333.333
40.5		333.333
40.625		333.333
40.75		333.333
40.875		333.333
41		333.333
41.125		333.333
41.25		333.333
41.375		333.333
41.5		333.333
41.625		333.333
41.75		333.333
41.875		333.333
42		333.333
42.125		333.333
42.25		333.333
42.375		333.333
42.5		333.333
42.625		333.333
42.75		333.333
42.875		333.333
43		333.333
43.125		333.333
43.25		333.333
43.375		333.333
43.5		333.333
43.625		333.333
43.75		333.333
43.875		333.333
44		333.333
44.125		333.333
44.25		333.333
44.375		333.333
44.5		333.333
44.625		333.333
44.75		333.333
44.875		333.333
45		333.333
45.125		333.333
45.25		333.333
45.375		333.333
45.5		333.333
45.625		333.333
45.75		333.333
45.875		333.333
46		333.333
46.125		333.333
46.25		333.333
46.375		333.333
46.5		333.333
46.625		333.333
46.75		333.333
46.875		333.333
47		333.333
47.125		333.333
47.25		333.333
47.375		333.333
47.5		333.333
47.625		333.333
47.75		333.333
47.875		333.333
48		333.333
48.125		333.333
48.25		333.333
48.375		333.333
48.5		333.333
48.625		333.333
48.75		333.333
48.875		333.333
49		333.333
49.125		333.333
49.25		333.333
49.375		333.333
49.5		333.333
49.625		333.333
49.75		333.333
49.875		333.333
50		333.333
50.125		333.333
50.25		333.333
50.375		333.333
50.5		333.333
50.625		333.333
50.75		333.333
50.875		333.333
51		333.333
51.125		333.333
51.25		333.333
51.375		333.333
51.5		333.333
51.625		333.333
51.75		333.333
51.875		333.333
52		333.333
52.125		333.333
52.25		333.333
52.375		333.333
52.5		333.333
52.625		333.333
52.75		333.333
52.875		333.333
53		333.333
53.125		333.333
53.25		333.333
53.375		333.333
53.5		333.333
53.625		333.333
53.75		333.333
53.875		333.333
54		333.333
54.125		666.667
54.25		666.667
54.375		666.667
54.5		666.667
54.625		666.667
54.75		666.667
54.875		666.667
55		666.667
55.125		666.667
55.25		666.667
55.375		666.667
55.5		666.667
55.625		666.667
55.75		666.667
55.875		666.667
56		666.667
56.125		666.667
56.25		666.667
56.375		666.667
56.5		666.667
56.625		666.667
56.75		666.667
56.875		666.667
57		666.667
57.125		666.667
57.25		666.667
57.375		666.667
57.5		666.667
57.625		666.667
57.75		666.667
57.875		666.667
58		666.667
58.125		666.667
58.25		666.667
58.375		666.667
58.5		666.667
58.625		666.667
58.75		666.667
58.875		666.667
59		666.667
59.125		666.667
59.25		666.667
59.375		666.667
59.5		666.667
59.625		666.667
59.75		666.667
59.875		666.667
60		666.667
60.125		666.667
60.25		666.667
60.375		666.667
60.5		666.667
60.625		666.667
60.75		666.667
60.875		666.667
61		666.667
61.125		666.667
61.25		666.667
61.375		666.667
61.5		666.667
61.625		666.667
61.75		666.667
61.875		666.667
62		666.667
62.125		666.667
62.25		666.667
62.375		666.667
62.5		666.667
62.625		666.667
62.75		666.667
62.875		666.667
63		666.667
63.125		666.667
63.25		666.667
63.375		666.667
63.5		666.667
63.625		666.667
63.75		666.667
63.875		666.667
64		666.667
64.125		666.667
64.25		666.667
64.375		666.667
64.5		666.667
64.625		666.667
64.75		666.667
64.875		666.667
65		666.667
65.125		666.667
65.25		666.667
65.375		666.667
65.5		666.667
65.625		666.667
65.75		666.667
65.875		666.667
66		666.667
66.125		666.667
66.25		666.667
66.375		666.667
66.5		666.667
66.625		666.667
66.75		666.667
66.875		666.667
67		666.667
67.125		666.667
67.25		666.667
67.375		666.667
67.5		666.667
67.625		666.667
67.75		666.667
67.875		666.667
68		666.667
68.125		666.667
68.25		666.667
68.375		666.667
68.5		666.667
68.625		666.667
68.75		666.667
68.875		666.667
69		666.667
69.125		666.667
69.25		666.667
69.375		666.667
69.5		666.667
69.625		666.667
69.75		666.667
69.875		666.667
70		666.667
70.125		666.667
70.25		666.667
70.375		666.667
70.5		666.667
70.625		666.667
70.75		666.667
70.875		666.667
71		666.667
71.125		666.667
71.25		666.667
71.375		666.667
71.5		666.667
71.625		666.667
71.75		666.667
71.875		666.667
72		666.667
72.125		666.667
72.25		666.667
72.375		666.667
72.5		666.667
72.625		666.667
72.75		666.667
72.875		666.667
73		666.667
73.125		666.667
73.25		666.667
73.375		666.667
73.5		666.667
73.625		666.667
73.75		666.667
73.875		666.667
74		666.667
74.125		666.667
74.25		666.667
74.375		666.667
74.5		666.667
74.625		666.667
74.75		666.667
74.875		666.667
75		666.667
75.125		666.667
75.25		666.667
75.375		666.667
75.5		666.667
75.625		666.667
75.75		666.667
75.875		666.667
76		666.667
76.125		666.667
76.25		666.667
76.375		666.667
76.5		666.667
76.625		666.667
76.75		666.667
76.875		666.667
77		666.667
77.125		666.667
77.25		666.667
77.375		666.667
77.5		666.667
77.625		666.667
77.75		666.667
77.875		666.667
78		666.667
78.125		666.667
78.25		666.667
78.375		666.667
78.5		666.667
78.625		666.667
78.75		666.667
78.875		666.667
79		666.667
79.125		666.667
79.25		666.667
79.375		666.667
79.5		666.667
79.625		666.667
79.75		666.667
79.875		666.667
80		666.667
80.125		666.667
80.25		666.667
80.375		666.667
80.5		666.667
80.625		666.667
80.75		666.667
80.875		666.667
81		666.667
81.125		666.667
81.25		666.667
81.375		666.667
81.5		666.667
81.625		666.667
81.75		666.667
81.875		666.667
82		666.667
82.125		666.667
82.25		666.667
82.375		666.667
82.5		666.667
82.625		666.667
82.75		666.667
82.875		666.667
83		666.667
83.125		666.667
83.25		666.667
83.375		666.667
83.5		666.667
83.625		666.667
83.75		666.667
83.875		666.667
84		666.667
84.125		666.667
84.25		666.667
84.375		666.667
84.5		666.667
84.625		666.667
84.75		666.667
84.875		666.667
85		666.667
85.125		666.667
85.25		666.667
85.375		666.667
85.5		666.667
85.625		666.667
85.75		666.667
85.875		666.667
86		666.667
86.125		1000
86.25		1000
86.375		1000
86.5		1000
86.625		1000
86.75		1000
86.875		1000
87		1000
87.125		1000
87.25		1000
87.375		1000
87.5		1000
87.625		1000
87.75		1000
87.875		1000
88		1000
88.125		1000
88.25		1000
88.375		1000
88.5		1000
88.625		1000
88.75		1000
88.875		1000
89		1000
89.125		1000
89.25		1000
89.375		1000
89.5		1000
89.625		1000
89.75		1000
89.875		1000
90		1000
90.125		1000
90.25		1000
90.375		1000
90.5		1000
90.625		1000
90.75		1000
90.875		1000
91		1000
91.125		1000
91.25		1000
91.375		1000
91.5		1000
91.625		1000
91.75		1000
91.875		1000
92		1000
92.125		1000
92.25		1000
92.375		1000
92.5		1000
92.625		1000
92.75		1000
92.875		1000
93		1000
93.125		1000
93.25		1000
93.375		1000
93.5		1000
93.625		1000
93.75		1000
93.875		1000
94		1000
94.125		1000
94.25		1000
94.375		1000
94.5		1000
94.625		1000
94.75		1000
94.875		1000
95		1000
95.125		1000
95.25		1000
95.375		1000
95.5		1000
95.625		1000
95.75		1000
95.875		1000
96		1000
96.125		1000
96.25		1000
96.375		1000
96.5		1000
96.625		1000
96.75		1000
96.875		1000
97		1000
97.125		1333.33
97.25		1333.33
97.375		1333.33
97.5		1333.33
97.625		1333.33
97.75		1333.33
97.875		1333.33
98		1333.33
98.125		1333.33
98.25		1333.33
98.375		1333.33
98.5		1333.33
98.625		1333.33
98.75		1333.33
98.875		1333.33
99		1333.33
99.125		1333.33
99.25		1333.33
99.375		1333.33
99.5		1333.33
99.625		1333.33
99.75		1333.33
99.875		1333.33
100		1333.33
100.125		1333.33
100.25		1333.33
100.375		1333.33
100.5		1333.33
100.625		1333.33
100.75		1333.33
100.875		1333.33
101		1333.33
101.125		1333.33
101.25		1333.33
101.375		1333.33
101.5		1333.33
101.625		1333.33
101.75		1333.33
101.875		1333.33
102		1333.33
102.125		1333.33
102.25		1333.33
102.375		1333.33
102.5		1333.33
102.625		1333.33
102.75		1333.33
102.875		1333.33
103		1333.33
103.125		1333.33
103.25		1333.33
103.375		1333.33
103.5		1333.33
103.625		1333.33
103.75		1333.33
103.875		1333.33
104		1333.33
104.125		1333.33
104.25		1333.33
104.375		1333.33
104.5		1333.33
104.625		1333.33
104.75		1333.33
104.875		1333.33
105		1333.33
105.125		1333.33
105.25		1333.33
105.375		1333.33
105.5		1333.33
105.625		1333.33
105.75		1333.33
105.875		1333.33
106		1333.33
106.125		1333.33
106.25		1333.33
106.375		1333.33
106.5		1333.33
106.625		1333.33
106.75		1333.33
106.875		1333.33
107		1333.33
107.125		1333.33
107.25		1333.33
107.375		1333.33
107.5		1333.33
107.625		1333.33
107.75		1333.33
107.875		1333.33
108		1333.33
108.125		1333.33
108.25		1333.33
108.375		1333.33
108.5		1333.33
108.625		1333.33
108.75		1333.33
108.875		1333.33
109		1333.33
109.125		1333.33
109.25		1333.33
109.375		1333.33
109.5		1333.33
109.625		1333.33
109.75		1333.33
109.875		1333.33
110		1333.33
110.125		1333.33
110.25		1333.33
110.375		1333.33
110.5		1333.33
110.625		1333.33
110.75		1333.33
110.875		1333.33
111		1333.33
111.125		1333.33
111.25		1333.33
111.375		1333.33
111.5		1333.33
111.625		1333.33
111.75		1333.33
111.875		1333.33
112		1333.33
112.125		1333.33
112.25		1333.33
112.375		1333.33
112.5		1333.33
112.625		1333.33
112.75		1333.33
112.875		1333.33
113		1333.33
113.125		1333.33
113.25		1333.33
113.375		1333.33
113.5		1333.33
113.625		1333.33
113.75		1333.33
113.875		1333.33
114		1333.33
114.125		1333.33
114.25		1333.33
114.375		1333.33
114.5		1333.33
114.625		1333.33
114.75		1333.33
114.875		1333.33
115		1333.33
115.125		1333.33
115.25		1333.33
115.375		1333.33
115.5		1333.33
115.625		1333.33
115.75		1333.33
115.875		1333.33
116		1333.33
116.125		1333.33
116.25		1333.33
116.375		1333.33
116.5		1333.33
116.625		1333.33
116.75		1333.33
116.875		1333.33
117		1333.33
117.125		1333.33
117.25		1333.33
117.375		1333.33
117.5		1333.33
117.625		1333.33
117.75		1333.33
117.875		1333.33
118		1333.33
118.125		1333.33
118.25		1333.33
118.375		1333.33
118.5		1333.33
118.625		1333.33
118.75		1333.33
118.875		1333.33
119		1333.33
119.125		1333.33
119.25		1333.33
119.375		1333.33
119.5		1333.33
119.625		1333.33
119.75		1333.33
119.875		1333.33
120		1333.33
120.125		1333.33
120.25		1333.33
120.375		1333.33
120.5		1333.33
120.625		1333.33
120.75		1333.33
120.875		1333.33
121		1333.33
121.125		1333.33
121.25		1333.33
121.375		1333.33
121.5		1333.33
121.625		1333.33
121.75		1333.33
121.875		1333.33
122		1333.33
122.125		1333.33
122.25		1333.33
122.375		1333.33
122.5		1333.33
122.625		1333.33
122.75		1333.33
122.875		1333.33
123		1333.33
123.125		1333.33
123.25		1333.33
123.375		1333.33
123.5		1333.33
123.625		1333.33
123.75		1333.33
123.875		1333.33
124		1333.33
124.125		1333.33
124.25		1333.33
124.375		1333.33
124.5		1333.33
124.625		1333.33
124.75		1333.33
124.875		1333.33
125		1333.33
125.125		1333.33
125.25		1333.33
125.375		1333.33
125.5		1333.33
125.625		1333.33
125.75		1333.33
125.875		1333.33
126		1333.33
126.125		1333.33
126.25		1333.33
126.375		1333.33
126.5		1333.33
126.625		1333.33
126.75		1333.33
126.875		1333.33
127		1333.33
127.125		1333.33
127.25		1333.33
127.375		1333.33
127.5		1333.33
127.625		1333.33
127.75		1333.33
127.875		1333.33
128		1333.33
128.125		1333.33
128.25		1333.33
128.375		1333.33
128.5		1333.33
128.625		1333.33
128.75		1333.33
128.875		1333.33
129		1333.33
129.125		1333.33
129.25		1333.33
129.375		1333.33
129.5		1333.33
129.625		1333.33
129.75		1333.33
129.875		1333.33
130		1333.33
130.125		1333.33
130.25		1333.33
130.375		1333.33
130.5		1333.33
130.625		1333.33
130.75		1333.33
130.875		1333.33
131		1333.33
131.125		1333.33
131.25		1333.33
131.375		1333.33
131.5		1333.33
131.625		1333.33
131.75		1333.33
131.875		1333.33
132		1333.33
132.125		1333.33
132.25		1333.33
132.375		1333.33
132.5		1333.33
132.625		1333.33
132.75		1333.33
132.875		1333.33
133		1333.33
133.125		1333.33
133.25		1333.33
133.375		1333.33
133.5		1333.33
133.625		1333.33
133.75		1333.33
133.875		1333.33
134		1333.33
134.125		1333.33
134.25		1333.33
134.375		1333.33
134.5		1333.33
134.625		1333.33
134.75		1333.33
134.875		1333.33
135		1333.33
135.125		1333.33
135.25		1333.33
135.375		1333.33
135.5		1333.33
135.625		1333.33
135.75		1333.33
135.875		1333.33
136		1333.33
136.125		1333.33
136.25		1333.33
136.375		1333.33
136.5		1333.33
136.625		1333.33
136.75		1333.33
136.875		1333.33
137		1333.33
137.125		1333.33
137.25		1333.33
137.375		1333.33
137.5		1333.33
137.625		1333.33
137.75		1333.33
137.875		1333.33
138		1333.33
138.125		1333.33
138.25		1333.33
138.375		1333.33
138.5		1333.33
138.625		1333.33
138.75		1333.33
138.875		1333.33
139		1333.33
139.125		1333.33
139.25		1333.33
139.375		1333.33
139.5		1333.33
139.625		1333.33
139.75		1333.33
139.875		1333.33
140		1333.33
140.125		1333.33
140.25		1333.33
140.375		1333.33
140.5		1333.33
140.625		1333.33
140.75		1333.33
140.875		1333.33
141		1333.33
141.125		1333.33
141.25		1333.33
141.375		1333.33
141.5		1333.33
141.625		1333.33
141.75		1333.33
141.875		1333.33
142		1333.33
142.125		1333.33
142.25		1333.33
142.375		1333.33
142.5		1333.33
142.625		1333.33
142.75		1333.33
142.875		1333.33
143		1333.33
143.125		1333.33
143.25		1333.33
143.375		1333.33
143.5		1333.33
143.625		1333.33
143.75		1333.33
143.875		1333.33
144		1333.33
144.125		1333.33
144.25		1333.33
144.375		1333.33
144.5		1333.33
144.625		1333.33
144.75		1333.33
144.875		1333.33
145		1333.33
145.125		1333.33
145.25		1333.33
145.375		1333.33
145.5		1333.33
145.625		1333.33
145.75		1333.33
145.875		1333.33
146		1333.33
146.125		1333.33
146.25		1333.33
146.375		1333.33
146.5		1333.33
146.625		1333.33
146.75		1333.33
146.875		1333.33
147		1333.33
147.125		1333.33
147.25		1333.33
147.375		1333.33
147.5		1333.33
147.625		1333.33
147.75		1333.33
147.875		1333.33
148		1333.33
148.125		1333.33
148.25		1333.33
148.375		1333.33
148.5		1333.33
148.625		1333.33
148.75		1333.33
148.875		1333.33
149		1333.33
149.125		1333.33
149.25		1333.33
149.375		1333.33
149.5		1333.33
149.625		1333.33
149.75		1333.33
149.875		1333.33
150		1333.33
150.125		1333.33
150.25		1333.33
150.375		1333.33
150.5		1333.33
150.625		1333.33
150.75		1333.33
150.875		1333.33
151		1333.33
151.125		1333.33
151.25		1333.33
151.375		1333.33
151.5		1333.33
151.625		1333.33
151.75		1333.33
151.875		1333.33
152		1333.33
152.125		1333.33
152.25		1333.33
152.375		1333.33
152.5		1333.33
152.625		1333.33
152.75		1333.33
152.875		1333.33
153		1333.33
153.125		1333.33
153.25		1333.33
153.375		1333.33
153.5		1333.33
153.625		1333.33
153.75		1333.33
153.875		1333.33
154		1333.33
154.125		1333.33
154.25		1333.33
154.375		1333.33
154.5		1333.33
154.625		1333.33
154.75		1333.33
154.875		1333.33
155		1333.33
155.125		1333.33
155.25		1333.33
155.375		1333.33
155.5		1333.33
155.625		1333.33
155.75		1333.33
155.875		1333.33
156		1333.33
156.125		1333.33
156.25		1333.33
156.375		1333.33
156.5		1333.33
156.625		1333.33
156.75		1333.33
156.875		1333.33
157		1333.33
157.125		1333.33
157.25		1333.33
157.375		1333.33
157.5		1333.33
157.625		1333.33
157.75		1333.33
157.875		1333.33
158		1333.33
158.125		1333.33
158.25		1333.33
158.375		1333.33
158.5		1333.33
158.625		1333.33
158.75		1333.33
158.875		1333.33
159		1333.33
159.125		1333.33
159.25		1333.33
159.375		1333.33
159.5		1333.33
159.625		1333.33
159.75		1333.33
159.875		1333.33
160		1333.33
160.125		1333.33
160.25		1333.33
160.375		1333.33
160.5		1333.33
160.625		1333.33
160.75		1333.33
160.875		1333.33
161		1333.33
161.125		1333.33
161.25		1333.33
161.375		1333.33
161.5		1333.33
161.625		1333.33
161.75		1333.33
161.875		1333.33
162		1333.33
162.125		1333.33
162.25		1333.33
162.375		1333.33
162.5		1333.33
162.625		1333.33
162.75		1333.33
162.875		1333.33
163		1333.33
163.125		1666.67
163.25		1666.67
163.375		1666.67
163.5		1666.67
163.625		1666.67
163.75		1666.67
163.875		1666.67
164		1666.67
164.125		1666.67
164.25		1666.67
164.375		1666.67
164.5		1666.67
164.625		1666.67
164.75		1666.67
164.875		1666.67
165		1666.67
165.125		1666.67
165.25		1666.67
165.375		1666.67
165.5		1666.67
165.625		1666.67
165.75		1666.67
165.875		1666.67
166		1666.67
166.125		1666.67
166.25		1666.67
166.375		1666.67
166.5		1666.67
166.625		1666.67
166.75		1666.67
166.875		1666.67
167		1666.67
167.125		1666.67
167.25		1666.67
167.375		1666.67
167.5		1666.67
167.625		1666.67
167.75		1666.67
167.875		1666.67
168		1666.67
168.125		1666.67
168.25		1666.67
168.375		1666.67
168.5		1666.67
168.625		1666.67
168.75		1666.67
168.875		1666.67
169		1666.67
169.125		1666.67
169.25		1666.67
169.375		1666.67
169.5		1666.67
169.625		1666.67
169.75		1666.67
169.875		1666.67
170		1666.67
170.125		1666.67
170.25		1666.67
170.375		1666.67
170.5		1666.67
170.625		1666.67
170.75		1666.67
170.875		1666.67
171		1666.67
171.125		1666.67
171.25		1666.67
171.375		1666.67
171.5		1666.67
171.625		1666.67
171.75		1666.67
171.875		1666.67
172		1666.67
172.125		1666.67
172.25		1666.67
172.375		1666.67
172.5		1666.67
172.625		1666.67
172.75		1666.67
172.875		1666.67
173		1666.67
173.125		1666.67
173.25		1666.67
173.375		1666.67
173.5		1666.67
173.625		1666.67
173.75		1666.67
173.875		1666.67
174		1666.67
174.125		1666.67
174.25		1666.67
174.375		1666.67
174.5		1666.67
174.625		1666.67
174.75		1666.67
174.875		1666.67
175		1666.67
175.125		1666.67
175.25		1666.67
175.375		1666.67
175.5		1666.67
175.625		1666.67
175.75		1666.67
175.875		1666.67
176		1666.67
176.125		1666.67
176.25		1666.67
176.375		1666.67
176.5		1666.67
176.625		1666.67
176.75		1666.67
176.875		1666.67
177		1666.67
177.125		1666.67
177.25		1666.67
177.375		1666.67
177.5		1666.67
177.625		1666.67
177.75		1666.67
177.875		1666.67
178		1666.67
178.125		1666.67
178.25		1666.67
178.375		1666.67
178.5		1666.67
178.625		1666.67
178.75		1666.67
178.875		1666.67
179		1666.67
179.125		1666.67
179.25		1666.67
179.375		1666.67
179.5		1666.67
179.625		1666.67
179.75		1666.67
179.875		1666.67
180		1666.67
180.125		1666.67
180.25		1666.67
180.375		1666.67
180.5		1666.67
180.625		1666.67
180.75		1666.67
180.875		1666.67
181		1666.67
181.125		1666.67
181.25		1666.67
181.375		1666.67
181.5		1666.67
181.625		1666.67
181.75		1666.67
181.875		1666.67
182		1666.67
182.125		1666.67
182.25		1666.67
182.375		1666.67
182.5		1666.67
182.625		1666.67
182.75		1666.67
182.875		1666.67
183		1666.67
183.125		1666.67
183.25		1666.67
183.375		1666.67
183.5		1666.67
183.625		1666.67
183.75		1666.67
183.875		1666.67
184		1666.67
184.125		1666.67
184.25		1666.67
184.375		1666.67
184.5		1666.67
184.625		1666.67
184.75		1666.67
184.875		1666.67
185		1666.67
185.125		1666.67
185.25		1666.67
185.375		1666.67
185.5		1666.67
185.625		1666.67
185.75		1666.67
185.875		1666.67
186		1666.67
186.125		1666.67
186.25		1666.67
186.375		1666.67
186.5		1666.67
186.625		1666.67
186.75		1666.67
186.875		1666.67
187		1666.67
187.125		1666.67
187.25		1666.67
187.375		1666.67
187.5		1666.67
187.625		1666.67
187.75		1666.67
187.875		1666.67
188		1666.67
188.125		1666.67
188.25		1666.67
188.375		1666.67
188.5		1666.67
188.625		1666.67
188.75		1666.67
188.875		1666.67
189		1666.67
189.125		1666.67
189.25		1666.67
189.375		1666.67
189.5		1666.67
189.625		1666.67
189.75		1666.67
189.875		1666.67
190		1666.67
190.125		1666.67
190.25		1666.67
190.375		1666.67
190.5		1666.67
190.625		1666.67
190.75		1666.67
190.875		1666.67
191		1666.67
191.125		1666.67
191.25		1666.67
191.375		1666.67
191.5		1666.67
191.625		1666.67
191.75		1666.67
191.875		1666.67
192		1666.67
192.125		1666.67
192.25		1666.67
192.375		1666.67
192.5		1666.67
192.625		1666.67
192.75		1666.67
192.875		1666.67
193		1666.67
193.125		1666.67
193.25		1666.67
193.375		1666.67
193.5		1666.67
193.625		1666.67
193.75		1666.67
193.875		1666.67
194		1666.67
194.125		1666.67
194.25		1666.67
194.375		1666.67
194.5		1666.67
194.625		1666.67
194.75		1666.67
194.875		1666.67
195		1666.67
195.125		1666.67
195.25		1666.67
195.375		1666.67
195.5		1666.67
195.625		1666.67
195.75		1666.67
195.875		1666.67
196		1666.67
196.125		1666.67
196.25		1666.67
196.375		1666.67
196.5		1666.67
196.625		1666.67
196.75		1666.67
196.875		1666.67
197		1666.67
197.125		1666.67
197.25		1666.67
197.375		1666.67
197.5		1666.67
197.625		1666.67
197.75		1666.67
197.875		1666.67
198		1666.67
198.125		1666.67
198.25		1666.67
198.375		1666.67
198.5		1666.67
198.625		1666.67
198.75		1666.67
198.875		1666.67
199		1666.67
199.125		1666.67
199.25		1666.67
199.375		1666.67
199.5		1666.67
199.625		1666.67
199.75		1666.67
199.875		1666.67
200		1666.67
200.125		1666.67
200.25		1666.67
200.375		1666.67
200.5		1666.67
200.625		1666.67
200.75		1666.67
200.875		1666.67
201		1666.67
201.125		1666.67
201.25		1666.67
201.375		1666.67
201.5		1666.67
201.625		1666.67
201.75		1666.67
201.875		1666.67
202		1666.67
202.125		1666.67
202.25		1666.67
202.375		1666.67
202.5		1666.67
202.625		1666.67
202.75		1666.67
202.875		1666.67
203		1666.67
203.125		1666.67
203.25		1666.67
203.375		1666.67
203.5		1666.67
203.625		1666.67
203.75		1666.67
203.875		1666.67
204		1666.67
204.125		1666.67
204.25		1666.67
204.375		1666.67
204.5		1666.67
204.625		1666.67
204.75		1666.67
204.875		1666.67
205		1666.67
205.125		1666.67
205.25		1666.67
205.375		1666.67
205.5		1666.67
205.625		1666.67
205.75		1666.67
205.875		1666.67
206		1666.67
206.125		1666.67
206.25		1666.67
206.375		1666.67
206.5		1666.67
206.625		1666.67
206.75		1666.67
206.875		1666.67
207		1666.67
207.125		1666.67
207.25		1666.67
207.375		1666.67
207.5		1666.67
207.625		1666.67
207.75		1666.67
207.875		1666.67
208		1666.67
208.125		1666.67
208.25		1666.67
208.375		1666.67
208.5		1666.67
208.625		1666.67
208.75		1666.67
208.875		1666.67
209		1666.67
209.125		1666.67
209.25		1666.67
209.375		1666.67
209.5		1666.67
209.625		1666.67
209.75		1666.67
209.875		1666.67
210		1666.67
210.125		1666.67
210.25		1666.67
210.375		1666.67
210.5		1666.67
210.625		1666.67
210.75		1666.67
210.875		1666.67
211		1666.67
211.125		1666.67
211.25		1666.67
211.375		1666.67
211.5		1666.67
211.625		1666.67
211.75		1666.67
211.875		1666.67
212		1666.67
212.125		1666.67
212.25		1666.67
212.375		1666.67
212.5		1666.67
212.625		1666.67
212.75		1666.67
212.875		1666.67
213		1666.67
213.125		1666.67
213.25		1666.67
213.375		1666.67
213.5		1666.67
213.625		1666.67
213.75		1666.67
213.875		1666.67
214		1666.67
214.125		1666.67
214.25		1666.67
214.375		1666.67
214.5		1666.67
214.625		1666.67
214.75		1666.67
214.875		1666.67
215		1666.67
215.125		1666.67
215.25		1666.67
215.375		1666.67
215.5		1666.67
215.625		1666.67
215.75		1666.67
215.875		1666.67
216		1666.67
216.125		1666.67
216.25		1666.67
216.375		1666.67
216.5		1666.67
216.625		1666.67
216.75		1666.67
216.875		1666.67
217		1666.67
217.125		1666.67
217.25		1666.67
217.375		1666.67
217.5		1666.67
217.625		1666.67
217.75		1666.67
217.875		1666.67
218		1666.67
218.125		1666.67
218.25		1666.67
218.375		1666.67
218.5		1666.67
218.625		1666.67
218.75		1666.67
218.875		1666.67
219		1666.67
219.125		1666.67
219.25		1666.67
219.375		1666.67
219.5		1666.67
219.625		1666.67
219.75		1666.67
219.875		1666.67
220		1666.67
220.125		1666.67
220.25		1666.67
220.375		1666.67
220.5		1666.67
220.625		1666.67
220.75		1666.67
220.875		1666.67
221		1666.67
221.125		1666.67
221.25		1666.67
221.375		1666.67
221.5		1666.67
221.625		1666.67
221.75		1666.67
221.875		1666.67
222		1666.67
222.125		1666.67
222.25		1666.67
222.375		1666.67
222.5		1666.67
222.625		1666.67
222.75		1666.67
222.875		1666.67
223		1666.67
223.125		1666.67
223.25		1666.67
223.375		1666.67
223.5		1666.67
223.625		1666.67
223.75		1666.67
223.875		1666.67
224		1666.67
224.125		1666.67
224.25		1666.67
224.375		1666.67
224.5		1666.67
224.625		1666.67
224.75		1666.67
224.875		1666.67
225		1666.67
225.125		1666.67
225.25		1666.67
225.375		1666.67
225.5		1666.67
225.625		1666.67
225.75		1666.67
225.875		1666.67
226		1666.67
226.125		1666.67
226.25		1666.67
226.375		1666.67
226.5		1666.67
226.625		1666.67
226.75		1666.67
226.875		1666.67
227		1666.67
227.125		1666.67
227.25		1666.67
227.375		1666.67
227.5		1666.67
227.625		1666.67
227.75		1666.67
227.875		1666.67
228		1666.67
228.125		1666.67
228.25		1666.67
228.375		1666.67
228.5		1666.67
228.625		1666.67
228.75		1666.67
228.875		1666.67
229		1666.67
229.125		1666.67
229.25		1666.67
229.375		1666.67
229.5		1666.67
229.625		1666.67
229.75		1666.67
229.875		1666.67
230		1666.67
230.125		1666.67
230.25		1666.67
230.375		1666.67
230.5		1666.67
230.625		1666.67
230.75		1666.67
230.875		1666.67
231		1666.67
231.125		1666.67
231.25		1666.67
231.375		1666.67
231.5		1666.67
231.625		1666.67
231.75		1666.67
231.875		1666.67
232		1666.67
232.125		1666.67
232.25		1666.67
232.375		1666.67
232.5		1666.67
232.625		1666.67
232.75		1666.67
232.875		1666.67
233		1666.67
233.125		1666.67
233.25		1666.67
233.375		1666.67
233.5		1666.67
233.625		1666.67
233.75		1666.67
233.875		1666.67
234		1666.67
234.125		1666.67
234.25		1666.67
234.375		1666.67
234.5		1666.67
234.625		1666.67
234.75		1666.67
234.875		1666.67
235		1666.67
235.125		1666.67
235.25		1666.67
235.375		1666.67
235.5		1666.67
235.625		1666.67
235.75		1666.67
235.875		1666.67
236		1666.67
236.125		1666.67
236.25		1666.67
236.375		1666.67
236.5		1666.67
236.625		1666.67
236.75		1666.67
236.875		1666.67
237		1666.67
237.125		1666.67
237.25		1666.67
237.375		1666.67
237.5		1666.67
237.625		1666.67
237.75		1666.67
237.875		1666.67
238		1666.67
238.125		1666.67
238.25		1666.67
238.375		1666.67
238.5		1666.67
238.625		1666.67
238.75		1666.67
238.875		1666.67
239		1666.67
239.125		1666.67
239.25		1666.67
239.375		1666.67
239.5		1666.67
239.625		1666.67
239.75		1666.67
239.875		1666.67
240		1666.67
240.125		1666.67
240.25		1666.67
240.375		1666.67
240.5		1666.67
240.625		1666.67
240.75		1666.67
240.875		1666.67
241		1666.67
241.125		1666.67
241.25		1666.67
241.375		1666.67
241.5		1666.67
241.625		1666.67
241.75		1666.67
241.875		1666.67
242		1666.67
242.125		2000
242.25		2000
242.375		2000
242.5		2000
242.625		2000
242.75		2000
242.875		2000
243		2000
243.125		2000
243.25		2000
243.375		2000
243.5		2000
243.625		2000
243.75		2000
243.875		2000
244		2000
244.125		2000
244.25		2000
244.375		2000
244.5		2000
244.625		2000
244.75		2000
244.875		2000
245		2000
245.125		2000
245.25		2000
245.375		2000
245.5		2000
245.625		2000
245.75		2000
245.875		2000
246		2000
246.125		2000
246.25		2000
246.375		2000
246.5		2000
246.625		2000
246.75		2000
246.875		2000
247		2000
247.125		2000
247.25		2000
247.375		2000
247.5		2000
247.625		2000
247.75		2000
247.875		2000
248		2000
248.125		2000
248.25		2000
248.375		2000
248.5		2000
248.625		2000
248.75		2000
248.875		2000
249		2000
249.125		2000
249.25		2000
249.375		2000
249.5		2000
249.625		2000
249.75		2000
249.875		2000
250		2000
250.125		2000
250.25		2000
250.375		2000
250.5		2000
250.625		2000
250.75		2000
250.875		2000
251		2000
251.125		2000
251.25		2000
251.375		2000
251.5		2000
251.625		2000
251.75		2000
251.875		2000
252		2000
252.125		2000
252.25		2000
252.375		2000
252.5		2000
252.625		2000
252.75		2000
252.875		2000
253		2000
253.125		2000
253.25		2000
253.375		2000
253.5		2000
253.625		2000
253.75		2000
253.875		2000
254		2000
254.125		2000
254.25		2000
254.375		2000
254.5		2000
254.625		2000
254.75		2000
254.875		2000
255		2000
255.125		2000
255.25		2000
255.375		2000
255.5		2000
255.625		2000
255.75		2000
255.875		2000
256		2000
256.125		2000
256.25		2000
256.375		2000
256.5		2000
256.625		2000
256.75		2000
256.875		2000
257		2000
257.125		2000
257.25		2000
257.375		2000
257.5		2000
257.625		2000
257.75		2000
257.875		2000
258		2000
258.125		2000
258.25		2000
258.375		2000
258.5		2000
258.625		2000
258.75		2000
258.875		2000
259		2000
259.125		2000
259.25		2000
259.375		2000
259.5		2000
259.625		2000
259.75		2000
259.875		2000
260		2000
260.125		2000
260.25		2000
260.375		2000
260.5		2000
260.625		2000
260.75		2000
260.875		2000
261		2000
261.125		2000
261.25		2000
261.375		2000
261.5		2000
261.625		2000
261.75		2000
261.875		2000
262		2000
262.125		2000
262.25		2000
262.375		2000
262.5		2000
262.625		2000
262.75		2000
262.875		2000
263		2000
263.125		2000
263.25		2000
263.375		2000
263.5		2000
263.625		2000
263.75		2000
263.875		2000
264		2000
264.125		2000
264.25		2000
264.375		2000
264.5		2000
264.625		2000
264.75		2000
264.875		2000
265		2000
265.125		2000
265.25		2000
265.375		2000
265.5		2000
265.625		2000
265.75		2000
265.875		2000
266		2000
266.125		2000
266.25		2000
266.375		2000
266.5		2000
266.625		2000
266.75		2000
266.875		2000
267		2000
267.125		2000
267.25		2000
267.375		2000
267.5		2000
267.625		2000
267.75		2000
267.875		2000
268		2000
268.125		2333.33
268.25		2333.33
268.375		2333.33
268.5		2333.33
268.625		2333.33
268.75		2333.33
268.875		2333.33
269		2333.33
269.125		2333.33
269.25		2333.33
269.375		2333.33
269.5		2333.33
269.625		2333.33
269.75		2333.33
269.875		2333.33
270		2333.33
270.125		2333.33
270.25		2333.33
270.375		2333.33
270.5		2333.33
270.625		2333.33
270.75		2333.33
270.875		2333.33
271		2333.33
271.125		2333.33
271.25		2333.33
271.375		2333.33
271.5		2333.33
271.625		2333.33
271.75		2333.33
271.875		2333.33
272		2333.33
272.125		2333.33
272.25		2333.33
272.375		2333.33
272.5		2333.33
272.625		2333.33
272.75		2333.33
272.875		2333.33
273		2333.33
273.125		2333.33
273.25		2333.33
273.375		2333.33
273.5		2333.33
273.625		2333.33
273.75		2333.33
273.875		2333.33
274		2333.33
274.125		2333.33
274.25		2333.33
274.375		2333.33
274.5		2333.33
274.625		2333.33
274.75		2333.33
274.875		2333.33
275		2333.33
275.125		2333.33
275.25		2333.33
275.375		2333.33
275.5		2333.33
275.625		2333.33
275.75		2333.33
275.875		2333.33
276		2333.33
276.125		2333.33
276.25		2333.33
276.375		2333.33
276.5		2333.33
276.625		2333.33
276.75		2333.33
276.875		2333.33
277		2333.33
277.125		2333.33
277.25		2333.33
277.375		2333.33
277.5		2333.33
277.625		2333.33
277.75		2333.33
277.875		2333.33
278		2333.33
278.125		2333.33
278.25		2333.33
278.375		2333.33
278.5		2333.33
278.625		2333.33
278.75		2333.33
278.875		2333.33
279		2333.33
279.125		2333.33
279.25		2333.33
279.375		2333.33
279.5		2333.33
279.625		2333.33
279.75		2333.33
279.875		2333.33
280		2333.33
280.125		2333.33
280.25		2333.33
280.375		2333.33
280.5		2333.33
280.625		2333.33
280.75		2333.33
280.875		2333.33
281		2333.33
281.125		2666.67
281.25		2666.67
281.375		2666.67
281.5		2666.67
281.625		2666.67
281.75		2666.67
281.875		2666.67
282		2666.67
282.125		2666.67
282.25		2666.67
282.375		2666.67
282.5		2666.67
282.625		2666.67
282.75		2666.67
282.875		2666.67
283		2666.67
283.125		2666.67
283.25		2666.67
283.375		2666.67
283.5		2666.67
283.625		2666.67
283.75		2666.67
283.875		2666.67
284		2666.67
284.125		2666.67
284.25		2666.67
284.375		2666.67
284.5		2666.67
284.625		2666.67
284.75		2666.67
284.875		2666.67
285		2666.67
285.125		2666.67
285.25		2666.67
285.375		2666.67
285.5		2666.67
285.625		2666.67
285.75		2666.67
285.875		2666.67
286		2666.67
286.125		2666.67
286.25		2666.67
286.375		2666.67
286.5		2666.67
286.625		2666.67
286.75		2666.67
286.875		2666.67
287		2666.67
287.125		2666.67
287.25		2666.67
287.375		2666.67
287.5		2666.67
287.625		2666.67
287.75		2666.67
287.875		2666.67
288		2666.67
288.125		2666.67
288.25		2666.67
288.375		2666.67
288.5		2666.67
288.625		2666.67
288.75		2666.67
288.875		2666.67
289		2666.67
289.125		2666.67
289.25		2666.67
289.375		2666.67
289.5		2666.67
289.625		2666.67
289.75		2666.67
289.875		2666.67
290		2666.67
290.125		2666.67
290.25		2666.67
290.375		2666.67
290.5		2666.67
290.625		2666.67
290.75		2666.67
290.875		2666.67
291		2666.67
291.125		2666.67
291.25		2666.67
291.375		2666.67
291.5		2666.67
291.625		2666.67
291.75		2666.67
291.875		2666.67
292		2666.67
292.125		2666.67
292.25		2666.67
292.375		2666.67
292.5		2666.67
292.625		2666.67
292.75		2666.67
292.875		2666.67
293		2666.67
293.125		2666.67
293.25		2666.67
293.375		2666.67
293.5		2666.67
293.625		2666.67
293.75		2666.67
293.875		2666.67
294		2666.67
294.125		2666.67
294.25		2666.67
294.375		2666.67
294.5		2666.67
294.625		2666.67
294.75		2666.67
294.875		2666.67
295		2666.67
295.125		2666.67
295.25		2666.67
295.375		2666.67
295.5		2666.67
295.625		2666.67
295.75		2666.67
295.875		2666.67
296		2666.67
296.125		2666.67
296.25		2666.67
296.375		2666.67
296.5		2666.67
296.625		2666.67
296.75		2666.67
296.875		2666.67
297		2666.67
297.125		2666.67
297.25		2666.67
297.375		2666.67
297.5		2666.67
297.625		2666.67
297.75		2666.67
297.875		2666.67
298		2666.67
298.125		2666.67
298.25		2666.67
298.375		2666.67
298.5		2666.67
298.625		2666.67
298.75		2666.67
298.875		2666.67
299		2666.67
299.125		2666.67
299.25		2666.67
299.375		2666.67
299.5		2666.67
299.625		2666.67
299.75		2666.67
299.875		2666.67
300		2666.67
300.125		2666.67
300.25		2666.67
300.375		2666.67
300.5		2666.67
300.625		2666.67
300.75		2666.67
300.875		2666.67
301		2666.67
301.125		2666.67
301.25		2666.67
301.375		2666.67
301.5		2666.67
301.625		2666.67
301.75		2666.67
301.875		2666.67
302		2666.67
302.125		2666.67
302.25		2666.67
302.375		2666.67
302.5		2666.67
302.625		2666.67
302.75		2666.67
302.875		2666.67
303		2666.67
303.125		2666.67
303.25		2666.67
303.375		2666.67
303.5		2666.67
303.625		2666.67
303.75		2666.67
303.875		2666.67
304		2666.67
304.125		2666.67
304.25		2666.67
304.375		2666.67
304.5		2666.67
304.625		2666.67
304.75		2666.67
304.875		2666.67
305		2666.67
305.125		2666.67
305.25		2666.67
305.375		2666.67
305.5		2666.67
305.625		2666.67
305.75		2666.67
305.875		2666.67
306		2666.67
306.125		2666.67
306.25		2666.67
306.375		2666.67
306.5		2666.67
306.625		2666.67
306.75		2666.67
306.875		2666.67
307		2666.67
307.125		2666.67
307.25		2666.67
307.375		2666.67
307.5		2666.67
307.625		2666.67
307.75		2666.67
307.875		2666.67
308		2666.67
308.125		2666.67
308.25		2666.67
308.375		2666.67
308.5		2666.67
308.625		2666.67
308.75		2666.67
308.875		2666.67
309		2666.67
309.125		2666.67
309.25		2666.67
309.375		2666.67
309.5		2666.67
309.625		2666.67
309.75		2666.67
309.875		2666.67
310		2666.67
310.125		2666.67
310.25		2666.67
310.375		2666.67
310.5		2666.67
310.625		2666.67
310.75		2666.67
310.875		2666.67
311		2666.67
311.125		2666.67
311.25		2666.67
311.375		2666.67
311.5		2666.67
311.625		2666.67
311.75		2666.67
311.875		2666.67
312		2666.67
312.125		3000
312.25		3000
312.375		3000
312.5		3000
312.625		3000
312.75		3000
312.875		3000
313		3000
313.125		3000
313.25		3000
313.375		3000
313.5		3000
313.625		3000
313.75		3000
313.875		3000
314		3000
314.125		3000
314.25		3000
314.375		3000
314.5		3000
314.625		3000
314.75		3000
314.875		3000
315		3000
315.125		3000
315.25		3000
315.375		3000
315.5		3000
315.625		3000
315.75		3000
315.875		3000
316		3000
316.125		3333.33
316.25		3333.33
316.375		3333.33
316.5		3333.33
316.625		3333.33
316.75		3333.33
316.875		3333.33
317		3333.33
317.125		3333.33
317.25		3333.33
317.375		3333.33
317.5		3333.33
317.625		3333.33
317.75		3333.33
317.875		3333.33
318		3333.33
318.125		3333.33
318.25		3333.33
318.375		3333.33
318.5		3333.33
318.625		3333.33
318.75		3333.33
318.875		3333.33
319		3333.33
319.125		3333.33
319.25		3333.33
319.375		3333.33
319.5		3333.33
319.625		3333.33
319.75		3333.33
319.875		3333.33
320		3333.33
320.125		3333.33
320.25		3333.33
320.375		3333.33
320.5		3333.33
320.625		3333.33
320.75		3333.33
320.875		3333.33
321		3333.33
321.125		3333.33
321.25		3333.33
321.375		3333.33
321.5		3333.33
321.625		3333.33
321.75		3333.33
321.875		3333.33
322		3333.33
322.125		3333.33
322.25		3333.33
322.375		3333.33
322.5		3333.33
322.625		3333.33
322.75		3333.33
322.875		3333.33
323		3333.33
323.125		3333.33
323.25		3333.33
323.375		3333.33
323.5		3333.33
323.625		3333.33
323.75		3333.33
323.875		3333.33
324		3333.33
324.125		3333.33
324.25		3333.33
324.375		3333.33
324.5		3333.33
324.625		3333.33
324.75		3333.33
324.875		3333.33
325		3333.33
325.125		3333.33
325.25		3333.33
325.375		3333.33
325.5		3333.33
325.625		3333.33
325.75		3333.33
325.875		3333.33
326		3333.33
326.125		3333.33
326.25		3333.33
326.375		3333.33
326.5		3333.33
326.625		3333.33
326.75		3333.33
326.875		3333.33
327		3333.33
327.125		3333.33
327.25		3333.33
327.375		3333.33
327.5		3333.33
327.625		3333.33
327.75		3333.33
327.875		3333.33
328		3333.33
328.125		3333.33
328.25		3333.33
328.375		3333.33
328.5		3333.33
328.625		3333.33
328.75		3333.33
328.875		3333.33
329		3333.33
329.125		3333.33
329.25		3333.33
329.375		3333.33
329.5		3333.33
329.625		3333.33
329.75		3333.33
329.875		3333.33
330		3333.33
330.125		3333.33
330.25		3333.33
330.375		3333.33
330.5		3333.33
330.625		3333.33
330.75		3333.33
330.875		3333.33
331		3333.33
331.125		3333.33
331.25		3333.33
331.375		3333.33
331.5		3333.33
331.625		3333.33
331.75		3333.33
331.875		3333.33
332		3333.33
332.125		3333.33
332.25		3333.33
332.375		3333.33
332.5		3333.33
332.625		3333.33
332.75		3333.33
332.875		3333.33
333		3333.33
333.125		3333.33
333.25		3333.33
333.375		3333.33
333.5		3333.33
333.625		3333.33
333.75		3333.33
333.875		3333.33
334		3333.33
334.125		3333.33
334.25		3333.33
334.375		3333.33
334.5		3333.33
334.625		3333.33
334.75		3333.33
334.875		3333.33
335		3333.33
335.125		3333.33
335.25		3333.33
335.375		3333.33
335.5		3333.33
335.625		3333.33
335.75		3333.33
335.875		3333.33
336		3333.33
336.125		3333.33
336.25		3333.33
336.375		3333.33
336.5		3333.33
336.625		3333.33
336.75		3333.33
336.875		3333.33
337		3333.33
337.125		3666.67
337.25		3666.67
337.375		3666.67
337.5		3666.67
337.625		3666.67
337.75		3666.67
337.875		3666.67
338		3666.67
338.125		3666.67
338.25		3666.67
338.375		3666.67
338.5		3666.67
338.625		3666.67
338.75		3666.67
338.875		3666.67
339		3666.67
339.125		3666.67
339.25		3666.67
339.375		3666.67
339.5		3666.67
339.625		3666.67
339.75		3666.67
339.875		3666.67
340		3666.67
340.125		3666.67
340.25		3666.67
340.375		3666.67
340.5		3666.67
340.625		3666.67
340.75		3666.67
340.875		3666.67
341		3666.67
341.125		3666.67
341.25		3666.67
341.375		3666.67
341.5		3666.67
341.625		3666.67
341.75		3666.67
341.875		3666.67
342		3666.67
342.125		3666.67
342.25		3666.67
342.375		3666.67
342.5		3666.67
342.625		3666.67
342.75		3666.67
342.875		3666.67
343		3666.67
343.125		3666.67
343.25		3666.67
343.375		3666.67
343.5		3666.67
343.625		3666.67
343.75		3666.67
343.875		3666.67
344		3666.67
344.125		3666.67
344.25		3666.67
344.375		3666.67
344.5		3666.67
344.625		3666.67
344.75		3666.67
344.875		3666.67
345		3666.67
345.125		4000
345.25		4000
345.375		4000
345.5		4000
345.625		4000
345.75		4000
345.875		4000
346		4000
346.125		4000
346.25		4000
346.375		4000
346.5		4000
346.625		4000
346.75		4000
346.875		4000
347		4000
347.125		4000
347.25		4000
347.375		4000
347.5		4000
347.625		4000
347.75		4000
347.875		4000
348		4000
348.125		4000
348.25		4000
348.375		4000
348.5		4000
348.625		4000
348.75		4000
348.875		4000
349		4000
349.125		4000
349.25		4000
349.375		4000
349.5		4000
349.625		4000
349.75		4000
349.875		4000
350		4000
350.125		4000
350.25		4000
350.375		4000
350.5		4000
350.625		4000
350.75		4000
350.875		4000
351		4000
351.125		4000
351.25		4000
351.375		4000
351.5		4000
351.625		4000
351.75		4000
351.875		4000
352		4000
352.125		4000
352.25		4000
352.375		4000
352.5		4000
352.625		4000
352.75		4000
352.875		4000
353		4000
353.125		4000
353.25		4000
353.375		4000
353.5		4000
353.625		4000
353.75		4000
353.875		4000
354		4000
354.125		4000
354.25		4000
354.375		4000
354.5		4000
354.625		4000
354.75		4000
354.875		4000
355		4000
355.125		4000
355.25		4000
355.375		4000
355.5		4000
355.625		4000
355.75		4000
355.875		4000
356		4000
356.125		4000
356.25		4000
356.375		4000
356.5		4000
356.625		4000
356.75		4000
356.875		4000
357		4000
357.125		4000
357.25		4000
357.375		4000
357.5		4000
357.625		4000
357.75		4000
357.875		4000
358		4000
358.125		4000
358.25		4000
358.375		4000
358.5		4000
358.625		4000
358.75		4000
358.875		4000
359		4000
359.125		4000
359.25		4000
359.375		4000
359.5		4000
359.625		4000
359.75		4000
359.875		4000
360		4000
360.125		4000
360.25		4000
360.375		4000
360.5		4000
360.625		4000
360.75		4000
360.875		4000
361		4000
361.125		4000
361.25		4000
361.375		4000
361.5		4000
361.625		4000
361.75		4000
361.875		4000
362		4000
362.125		4000
362.25		4000
362.375		4000
362.5		4000
362.625		4000
362.75		4000
362.875		4000
363		4000
363.125		4000
363.25		4000
363.375		4000
363.5		4000
363.625		4000
363.75		4000
363.875		4000
364		4000
364.125		4000
364.25		4000
364.375		4000
364.5		4000
364.625		4000
364.75		4000
364.875		4000
365		4000
365.125		4000
365.25		4000
365.375		4000
365.5		4000
365.625		4000
365.75		4000
365.875		4000
366		4000
366.125		4333.33
366.25		4333.33
366.375		4333.33
366.5		4333.33
366.625		4333.33
366.75		4333.33
366.875		4333.33
367		4333.33
367.125		4333.33
367.25		4333.33
367.375		4333.33
367.5		4333.33
367.625		4333.33
367.75		4333.33
367.875		4333.33
368		4333.33
368.125		4333.33
368.25		4333.33
368.375		4333.33
368.5		4333.33
368.625		4333.33
368.75		4333.33
368.875		4333.33
369		4333.33
369.125		4333.33
369.25		4333.33
369.375		4333.33
369.5		4333.33
369.625		4333.33
369.75		4333.33
369.875		4333.33
370		4333.33
370.125		4333.33
370.25		4333.33
370.375		4333.33
370.5		4333.33
370.625		4333.33
370.75		4333.33
370.875		4333.33
371		4333.33
371.125		4333.33
371.25		4333.33
371.375		4333.33
371.5		4333.33
371.625		4333.33
371.75		4333.33
371.875		4333.33
372		4333.33
372.125		4333.33
372.25		4333.33
372.375		4333.33
372.5		4333.33
372.625		4333.33
372.75		4333.33
372.875		4333.33
373		4333.33
373.125		4333.33
373.25		4333.33
373.375		4333.33
373.5		4333.33
373.625		4333.33
373.75		4333.33
373.875		4333.33
374		4333.33
374.125		4333.33
374.25		4333.33
374.375		4333.33
374.5		4333.33
374.625		4333.33
374.75		4333.33
374.875		4333.33
375		4333.33
375.125		4333.33
375.25		4333.33
375.375		4333.33
375.5		4333.33
375.625		4333.33
375.75		4333.33
375.875		4333.33
376		4333.33
376.125		4333.33
376.25		4333.33
376.375		4333.33
376.5		4333.33
376.625		4333.33
376.75		4333.33
376.875		4333.33
377		4333.33
377.125		4333.33
377.25		4333.33
377.375		4333.33
377.5		4333.33
377.625		4333.33
377.75		4333.33
377.875		4333.33
378		4333.33
378.125		4333.33
378.25		4333.33
378.375		4333.33
378.5		4333.33
378.625		4333.33
378.75		4333.33
378.875		4333.33
379		4333.33
379.125		4333.33
379.25		4333.33
379.375		4333.33
379.5		4333.33
379.625		4333.33
379.75		4333.33
379.875		4333.33
380		4333.33
380.125		4333.33
380.25		4333.33
380.375		4333.33
380.5		4333.33
380.625		4333.33
380.75		4333.33
380.875		4333.33
381		4333.33
381.125		4333.33
381.25		4333.33
381.375		4333.33
381.5		4333.33
381.625		4333.33
381.75		4333.33
381.875		4333.33
382		4333.33
382.125		4333.33
382.25		4333.33
382.375		4333.33
382.5		4333.33
382.625		4333.33
382.75		4333.33
382.875		4333.33
383		4333.33
383.125		4333.33
383.25		4333.33
383.375		4333.33
383.5		4333.33
383.625		4333.33
383.75		4333.33
383.875		4333.33
384		4333.33
384.125		4333.33
384.25		4333.33
384.375		4333.33
384.5		4333.33
384.625		4333.33
384.75		4333.33
384.875		4333.33
385		4333.33
385.125		4333.33
385.25		4333.33
385.375		4333.33
385.5		4333.33
385.625		4333.33
385.75		4333.33
385.875		4333.33
386		4333.33
386.125		4333.33
386.25		4333.33
386.375		4333.33
386.5		4333.33
386.625		4333.33
386.75		4333.33
386.875		4333.33
387		4333.33
387.125		4333.33
387.25		4333.33
387.375		4333.33
387.5		4333.33
387.625		4333.33
387.75		4333.33
387.875		4333.33
388		4333.33
388.125		4333.33
388.25		4333.33
388.375		4333.33
388.5		4333.33
388.625		4333.33
388.75		4333.33
388.875		4333.33
389		4333.33
389.125		4333.33
389.25		4333.33
389.375		4333.33
389.5		4333.33
389.625		4333.33
389.75		4333.33
389.875		4333.33
390		4333.33
390.125		4333.33
390.25		4333.33
390.375		4333.33
390.5		4333.33
390.625		4333.33
390.75		4333.33
390.875		4333.33
391		4333.33
391.125		4333.33
391.25		4333.33
391.375		4333.33
391.5		4333.33
391.625		4333.33
391.75		4333.33
391.875		4333.33
392		4333.33
392.125		4333.33
392.25		4333.33
392.375		4333.33
392.5		4333.33
392.625		4333.33
392.75		4333.33
392.875		4333.33
393		4333.33
393.125		4333.33
393.25		4333.33
393.375		4333.33
393.5		4333.33
393.625		4333.33
393.75		4333.33
393.875		4333.33
394		4333.33
394.125		4333.33
394.25		4333.33
394.375		4333.33
394.5		4333.33
394.625		4333.33
394.75		4333.33
394.875		4333.33
395		4333.33
395.125		4333.33
395.25		4333.33
395.375		4333.33
395.5		4333.33
395.625		4333.33
395.75		4333.33
395.875		4333.33
396		4333.33
396.125		4333.33
396.25		4333.33
396.375		4333.33
396.5		4333.33
396.625		4333.33
396.75		4333.33
396.875		4333.33
397		4333.33
397.125		4333.33
397.25		4333.33
397.375		4333.33
397.5		4333.33
397.625		4333.33
397.75		4333.33
397.875		4333.33
398		4333.33
398.125		4333.33
398.25		4333.33
398.375		4333.33
398.5		4333.33
398.625		4333.33
398.75		4333.33
398.875		4333.33
399		4333.33
399.125		4333.33
399.25		4333.33
399.375		4333.33
399.5		4333.33
399.625		4333.33
399.75		4333.33
399.875		4333.33
400		4333.33
400.125		4333.33
400.25		4333.33
400.375		4333.33
400.5		4333.33
400.625		4333.33
400.75		4333.33
400.875		4333.33
401		4333.33
401.125		4333.33
401.25		4333.33
401.375		4333.33
401.5		4333.33
401.625		4333.33
401.75		4333.33
401.875		4333.33
402		4333.33
402.125		4333.33
402.25		4333.33
402.375		4333.33
402.5		4333.33
402.625		4333.33
402.75		4333.33
402.875		4333.33
403		4333.33
403.125		4333.33
403.25		4333.33
403.375		4333.33
403.5		4333.33
403.625		4333.33
403.75		4333.33
403.875		4333.33
404		4333.33
404.125		4333.33
404.25		4333.33
404.375		4333.33
404.5		4333.33
404.625		4333.33
404.75		4333.33
404.875		4333.33
405		4333.33
405.125		4333.33
405.25		4333.33
405.375		4333.33
405.5		4333.33
405.625		4333.33
405.75		4333.33
405.875		4333.33
406		4333.33
406.125		4333.33
406.25		4333.33
406.375		4333.33
406.5		4333.33
406.625		4333.33
406.75		4333.33
406.875		4333.33
407		4333.33
407.125		4333.33
407.25		4333.33
407.375		4333.33
407.5		4333.33
407.625		4333.33
407.75		4333.33
407.875		4333.33
408		4333.33
408.125		4333.33
408.25		4333.33
408.375		4333.33
408.5		4333.33
408.625		4333.33
408.75		4333.33
408.875		4333.33
409		4333.33
409.125		4333.33
409.25		4333.33
409.375		4333.33
409.5		4333.33
409.625		4333.33
409.75		4333.33
409.875		4333.33
410		4333.33
410.125		4333.33
410.25		4333.33
410.375		4333.33
410.5		4333.33
410.625		4333.33
410.75		4333.33
410.875		4333.33
411		4333.33
411.125		4333.33
411.25		4333.33
411.375		4333.33
411.5		4333.33
411.625		4333.33
411.75		4333.33
411.875		4333.33
412		4333.33
412.125		4666.67
412.25		4666.67
412.375		4666.67
412.5		4666.67
412.625		4666.67
412.75		4666.67
412.875		4666.67
413		4666.67
413.125		4666.67
413.25		4666.67
413.375		4666.67
413.5		4666.67
413.625		4666.67
413.75		4666.67
413.875		4666.67
414		4666.67
414.125		4666.67
414.25		4666.67
414.375		4666.67
414.5		4666.67
414.625		4666.67
414.75		4666.67
414.875		4666.67
415		4666.67
415.125		4666.67
415.25		4666.67
415.375		4666.67
415.5		4666.67
415.625		4666.67
415.75		4666.67
415.875		4666.67
416		4666.67
416.125		4666.67
416.25		4666.67
416.375		4666.67
416.5		4666.67
416.625		4666.67
416.75		4666.67
416.875		4666.67
417		4666.67
417.125		4666.67
417.25		4666.67
417.375		4666.67
417.5		4666.67
417.625		4666.67
417.75		4666.67
417.875		4666.67
418		4666.67
418.125		4666.67
418.25		4666.67
418.375		4666.67
418.5		4666.67
418.625		4666.67
418.75		4666.67
418.875		4666.67
419		4666.67
419.125		0
419.25		0
419.375		0
419.5		0
419.625		0
419.75		0
419.875		0
420		0
420.125		0
420.25		0
420.375		0
420.5		0
420.625		0
420.75		0
420.875		0
421		0
421.125		0
421.25		0
421.375		0
421.5		0
421.625		0
421.75		0
421.875		0
422		0
422.125		0
422.25		0
422.375		0
422.5		0
422.625		0
422.75		0
422.875		0
423		0
423.125		0
423.25		0
423.375		0
423.5		0
423.625		0
423.75		0
423.875		0
424		0
424.125		0
424.25		0
424.375		0
424.5		0
424.625		0
424.75		0
424.875		0
425		0
425.125		0
425.25		0
425.375		0
425.5		0
425.625		0
425.75		0
425.875		0
426		0
426.125		0
426.25		0
426.375		0
426.5		0
426.625		0
426.75		0
426.875		0
427		0
427.125		0
427.25		0
427.375		0
427.5		0
427.625		0
427.75		0
427.875		0
428		0
428.125		0
428.25		0
428.375		0
428.5		0
428.625		0
428.75		0
428.875		0
429		0
429.125		0
429.25		0
429.375		0
429.5		0
429.625		0
429.75		0
429.875		0
430		0
430.125		0
430.25		0
430.375		0
430.5		0
430.625		0
430.75		0
430.875		0
431		0
431.125		0
431.25		0
431.375		0
431.5		0
431.625		0
431.75		0
431.875		0
432		0
432.125		0
432.25		0
432.375		0
432.5		0
432.625		0
432.75		0
432.875		0
433		0
433.125		0
433.25		0
433.375		0
433.5		0
433.625		0
433.75		0
433.875		0
434		0
434.125		0
434.25		0
434.375		0
434.5		0
434.625		0
434.75		0
434.875		0
435		0
435.125		0
435.25		0
435.375		0
435.5		0
435.625		0
435.75		0
435.875		0
436		0
436.125		0
436.25		0
436.375		0
436.5		0
436.625		0
436.75		0
436.875		0
437		0
437.125		0
437.25		0
437.375		0
437.5		0
437.625		0
437.75		0
437.875		0
438		0
438.125		0
438.25		0
438.375		0
438.5		0
438.625		0
438.75		0
438.875		0
439		0
439.125		0
439.25		0
439.375		0
439.5		0
439.625		0
439.75		0
439.875		0
440		0
440.125		0
440.25		0
440.375		0
440.5		0
440.625		0
440.75		0
440.875		0
441		0
441.125		0
441.25		0
441.375		0
441.5		0
441.625		0
441.75		0
441.875		0
442		0
442.125		0
442.25		0
442.375		0
442.5		0
442.625		0
442.75		0
442.875		0
443		0
443.125		0
443.25		0
443.375		0
443.5		0
443.625		0
443.75		0
443.875		0
444		0
444.125		0
444.25		0
444.375		0
444.5		0
444.625		0
444.75		0
444.875		0
445		0
445.125		0
445.25		0
445.375		0
445.5		0
445.625		0
445.75		0
445.875		0
446		0
446.125		0
446.25		0
446.375		0
446.5		0
446.625		0
446.75		0
446.875		0
447		0
447.125		0
447.25		0
447.375		0
447.5		0
447.625		0
447.75		0
447.875		0
448		0
448.125		0
448.25		0
448.375		0
448.5		0
448.625		0
448.75		0
448.875		0
449		0
449.125		0
449.25		0
449.375		0
449.5		0
449.625		0
449.75		0
449.875		0
450		0
450.125		0
450.25		0
450.375		0
450.5		0
450.625		0
450.75		0
450.875		0
451		0
451.125		0
451.25		0
451.375		0
451.5		0
451.625		0
451.75		0
451.875		0
452		0
452.125		0
452.25		0
452.375		0
452.5		0
452.625		0
452.75		0
452.875		0
453		0
453.125		0
453.25		0
453.375		0
453.5		0
453.625		0
453.75		0
453.875		0
454		0
454.125		0
454.25		0
454.375		0
454.5		0
454.625		0
454.75		0
454.875		0
455		0
455.125		0
455.25		0
455.375		0
455.5		0
455.625		0
455.75		0
455.875		0
456		0
456.125		0
456.25		0
456.375		0
456.5		0
456.625		0
456.75		0
456.875		0
457		0
457.125		0
457.25		0
457.375		0
457.5		0
457.625		0
457.75		0
457.875		0
458		0
458.125		0
458.25		0
458.375		0
458.5		0
458.625		0
458.75		0
458.875		0
459		0
459.125		0
459.25		0
459.375		0
459.5		0
459.625		0
459.75		0
459.875		0
460		0
460.125		0
460.25		0
460.375		0
460.5		0
460.625		0
460.75		0
460.875		0
461		0
461.125		0
461.25		0
461.375		0
461.5		0
461.625		0
461.75		0
461.875		0
462		0
462.125		0
462.25		0
462.375		0
462.5		0
462.625		0
462.75		0
462.875		0
463		0
463.125		0
463.25		0
463.375		0
463.5		0
463.625		0
463.75		0
463.875		0
464		0
464.125		0
464.25		0
464.375		0
464.5		0
464.625		0
464.75		0
464.875		0
465		0
465.125		0
465.25		0
465.375		0
465.5		0
465.625		0
465.75		0
465.875		0
466		0
466.125		0
466.25		0
466.375		0
466.5		0
466.625		0
466.75		0
466.875		0
467		0
467.125		0
467.25		0
467.375		0
467.5		0
467.625		0
467.75		0
467.875		0
468		0
468.125		0
468.25		0
468.375		0
468.5		0
468.625		0
468.75		0
468.875		0
469		0
469.125		0
469.25		0
469.375		0
469.5		0
469.625		0
469.75		0
469.875		0
470		0
470.125		0
470.25		0
470.375		0
470.5		0
470.625		0
470.75		0
470.875		0
471		0
471.125		0
471.25		0
471.375		0
471.5		0
471.625		0
471.75		0
471.875		0
472		0
472.125		0
472.25		0
472.375		0
472.5		0
472.625		0
472.75		0
472.875		0
473		0
473.125		0
473.25		0
473.375		0
473.5		0
473.625		0
473.75		0
473.875		0
474		0
474.125		0
474.25		0
474.375		0
474.5		0
474.625		0
474.75		0
474.875		0
475		0
475.125		0
475.25		0
475.375		0
475.5		0
475.625		0
475.75		0
475.875		0
476		0
476.125		0
476.25		0
476.375		0
476.5		0
476.625		0
476.75		0
476.875		0
477		0
477.125		0
477.25		0
477.375		0
477.5		0
477.625		0
477.75		0
477.875		0
478		0
478.125		0
478.25		0
478.375		0
478.5		0
478.625		0
478.75		0
478.875		0
479		0
479.125		0
479.25		0
479.375		0
479.5		0
479.625		0
479.75		0
479.875		0
480		0
480.125		0
480.25		0
480.375		0
480.5		0
480.625		0
480.75		0
480.875		0
481		0
481.125		0
481.25		0
481.375		0
481.5		0
481.625		0
481.75		0
481.875		0
482		0
482.125		0
482.25		0
482.375		0
482.5		0
482.625		0
482.75		0
482.875		0
483		0
483.125		0
483.25		0
483.375		0
483.5		0
483.625		0
483.75		0
483.875		0
484		0
484.125		0
484.25		0
484.375		0
484.5		0
484.625		0
484.75		0
484.875		0
485		0
485.125		0
485.25		0
485.375		0
485.5		0
485.625		0
485.75		0
485.875		0
486		0
486.125		0
486.25		0
486.375		0
486.5		0
486.625		0
486.75		0
486.875		0
487		0
487.125		0
487.25		0
487.375		0
487.5		0
487.625		0
487.75		0
487.875		0
488		0
488.125		0
488.25		0
488.375		0
488.5		0
488.625		0
488.75		0
488.875		0
489		0
489.125		0
489.25		0
489.375		0
489.5		0
489.625		0
489.75		0
489.875		0
490		0
490.125		0
490.25		0
490.375		0
490.5		0
490.625		0
490.75		0
490.875		0
491		0
491.125		0
491.25		0
491.375		0
491.5		0
491.625		0
491.75		0
491.875		0
492		0
492.125		0
492.25		0
492.375		0
492.5		0
492.625		0
492.75		0
492.875		0
493		0
493.125		0
493.25		0
493.375		0
493.5		0
493.625		0
493.75		0
493.875		0
494		0
494.125		0
494.25		0
494.375		0
494.5		0
494.625		0
494.75		0
494.875		0
495		0
495.125		0
495.25		0
495.375		0
495.5		0
495.625		0
495.75		0
495.875		0
496		0
496.125		0
496.25		0
496.375		0
496.5		0
496.625		0
496.75		0
496.875		0
497		0
497.125		0
497.25		0
497.375		0
497.5		0
497.625		0
497.75		0
497.875		0
498		0
498.125		0
498.25		0
498.375		0
498.5		0
498.625		0
498.75		0
498.875		0
499		0
499.125		0
499.25		0
499.375		0
499.5		0
499.625		0
499.75		0
499.875		0
500		0
