# Calibration file of tamex_id 0 @ channel 31
# fine_T bin		 Calibration value
0.125		0
0.25		0
0.375		0
0.5		0
0.625		0
0.75		0
0.875		0
1		0
1.125		0
1.25		0
1.375		0
1.5		0
1.625		0
1.75		0
1.875		0
2		0
2.125		0
2.25		0
2.375		0
2.5		0
2.625		0
2.75		0
2.875		0
3		0
3.125		0
3.25		0
3.375		0
3.5		0
3.625		0
3.75		0
3.875		0
4		0
4.125		0
4.25		0
4.375		0
4.5		0
4.625		0
4.75		0
4.875		0
5		0
5.125		0
5.25		0
5.375		0
5.5		0
5.625		0
5.75		0
5.875		0
6		0
6.125		0
6.25		0
6.375		0
6.5		0
6.625		0
6.75		0
6.875		0
7		0
7.125		0
7.25		0
7.375		0
7.5		0
7.625		0
7.75		0
7.875		0
8		0
8.125		0
8.25		0
8.375		0
8.5		0
8.625		0
8.75		0
8.875		0
9		0
9.125		0
9.25		0
9.375		0
9.5		0
9.625		0
9.75		0
9.875		0
10		0
10.125		0
10.25		0
10.375		0
10.5		0
10.625		0
10.75		0
10.875		0
11		0
11.125		0
11.25		0
11.375		0
11.5		0
11.625		0
11.75		0
11.875		0
12		0
12.125		0
12.25		0
12.375		0
12.5		0
12.625		0
12.75		0
12.875		0
13		0
13.125		0
13.25		0
13.375		0
13.5		0
13.625		0
13.75		0
13.875		0
14		0
14.125		0
14.25		0
14.375		0
14.5		0
14.625		0
14.75		0
14.875		0
15		0
15.125		0
15.25		0
15.375		0
15.5		0
15.625		0
15.75		0
15.875		0
16		0
16.125		0.000396144
16.25		0.000396144
16.375		0.000396144
16.5		0.000396144
16.625		0.000396144
16.75		0.000396144
16.875		0.000396144
17		0.000396144
17.125		0.00930939
17.25		0.00930939
17.375		0.00930939
17.5		0.00930939
17.625		0.00930939
17.75		0.00930939
17.875		0.00930939
18		0.00930939
18.125		0.0113561
18.25		0.0113561
18.375		0.0113561
18.5		0.0113561
18.625		0.0113561
18.75		0.0113561
18.875		0.0113561
19		0.0113561
19.125		0.0116863
19.25		0.0116863
19.375		0.0116863
19.5		0.0116863
19.625		0.0116863
19.75		0.0116863
19.875		0.0116863
20		0.0116863
20.125		0.0186188
20.25		0.0186188
20.375		0.0186188
20.5		0.0186188
20.625		0.0186188
20.75		0.0186188
20.875		0.0186188
21		0.0186188
21.125		0.0201373
21.25		0.0201373
21.375		0.0201373
21.5		0.0201373
21.625		0.0201373
21.75		0.0201373
21.875		0.0201373
22		0.0201373
22.125		0.0209956
22.25		0.0209956
22.375		0.0209956
22.5		0.0209956
22.625		0.0209956
22.75		0.0209956
22.875		0.0209956
23		0.0209956
23.125		0.0240327
23.25		0.0240327
23.375		0.0240327
23.5		0.0240327
23.625		0.0240327
23.75		0.0240327
23.875		0.0240327
24		0.0240327
24.125		0.024693
24.25		0.024693
24.375		0.024693
24.5		0.024693
24.625		0.024693
24.75		0.024693
24.875		0.024693
25		0.024693
25.125		0.0310313
25.25		0.0310313
25.375		0.0310313
25.5		0.0310313
25.625		0.0310313
25.75		0.0310313
25.875		0.0310313
26		0.0310313
26.125		0.0323518
26.25		0.0323518
26.375		0.0323518
26.5		0.0323518
26.625		0.0323518
26.75		0.0323518
26.875		0.0323518
27		0.0323518
27.125		0.0336723
27.25		0.0336723
27.375		0.0336723
27.5		0.0336723
27.625		0.0336723
27.75		0.0336723
27.875		0.0336723
28		0.0336723
28.125		0.0340684
28.25		0.0340684
28.375		0.0340684
28.5		0.0340684
28.625		0.0340684
28.75		0.0340684
28.875		0.0340684
29		0.0340684
29.125		0.0365113
29.25		0.0365113
29.375		0.0365113
29.5		0.0365113
29.625		0.0365113
29.75		0.0365113
29.875		0.0365113
30		0.0365113
30.125		0.0406708
30.25		0.0406708
30.375		0.0406708
30.5		0.0406708
30.625		0.0406708
30.75		0.0406708
30.875		0.0406708
31		0.0406708
31.125		0.0433118
31.25		0.0433118
31.375		0.0433118
31.5		0.0433118
31.625		0.0433118
31.75		0.0433118
31.875		0.0433118
32		0.0433118
32.125		0.0446322
32.25		0.0446322
32.375		0.0446322
32.5		0.0446322
32.625		0.0446322
32.75		0.0446322
32.875		0.0446322
33		0.0446322
33.125		0.0460848
33.25		0.0460848
33.375		0.0460848
33.5		0.0460848
33.625		0.0460848
33.75		0.0460848
33.875		0.0460848
34		0.0460848
34.125		0.0491879
34.25		0.0491879
34.375		0.0491879
34.5		0.0491879
34.625		0.0491879
34.75		0.0491879
34.875		0.0491879
35		0.0491879
35.125		0.0533474
35.25		0.0533474
35.375		0.0533474
35.5		0.0533474
35.625		0.0533474
35.75		0.0533474
35.875		0.0533474
36		0.0533474
36.125		0.0540737
36.25		0.0540737
36.375		0.0540737
36.5		0.0540737
36.625		0.0540737
36.75		0.0540737
36.875		0.0540737
37		0.0540737
37.125		0.0565826
37.25		0.0565826
37.375		0.0565826
37.5		0.0565826
37.625		0.0565826
37.75		0.0565826
37.875		0.0565826
38		0.0565826
38.125		0.0592236
38.25		0.0592236
38.375		0.0592236
38.5		0.0592236
38.625		0.0592236
38.75		0.0592236
38.875		0.0592236
39		0.0592236
39.125		0.0599498
39.25		0.0599498
39.375		0.0599498
39.5		0.0599498
39.625		0.0599498
39.75		0.0599498
39.875		0.0599498
40		0.0599498
40.125		0.0616664
40.25		0.0616664
40.375		0.0616664
40.5		0.0616664
40.625		0.0616664
40.75		0.0616664
40.875		0.0616664
41		0.0616664
41.125		0.0637792
41.25		0.0637792
41.375		0.0637792
41.5		0.0637792
41.625		0.0637792
41.75		0.0637792
41.875		0.0637792
42		0.0637792
42.125		0.0688631
42.25		0.0688631
42.375		0.0688631
42.5		0.0688631
42.625		0.0688631
42.75		0.0688631
42.875		0.0688631
43		0.0688631
43.125		0.0698534
43.25		0.0698534
43.375		0.0698534
43.5		0.0698534
43.625		0.0698534
43.75		0.0698534
43.875		0.0698534
44		0.0698534
44.125		0.0699855
44.25		0.0699855
44.375		0.0699855
44.5		0.0699855
44.625		0.0699855
44.75		0.0699855
44.875		0.0699855
45		0.0699855
45.125		0.0709758
45.25		0.0709758
45.375		0.0709758
45.5		0.0709758
45.625		0.0709758
45.75		0.0709758
45.875		0.0709758
46		0.0709758
46.125		0.07705
46.25		0.07705
46.375		0.07705
46.5		0.07705
46.625		0.07705
46.75		0.07705
46.875		0.07705
47		0.07705
47.125		0.0785686
47.25		0.0785686
47.375		0.0785686
47.5		0.0785686
47.625		0.0785686
47.75		0.0785686
47.875		0.0785686
48		0.0785686
48.125		0.0787667
48.25		0.0787667
48.375		0.0787667
48.5		0.0787667
48.625		0.0787667
48.75		0.0787667
48.875		0.0787667
49		0.0787667
49.125		0.0812096
49.25		0.0812096
49.375		0.0812096
49.5		0.0812096
49.625		0.0812096
49.75		0.0812096
49.875		0.0812096
50		0.0812096
50.125		0.0839165
50.25		0.0839165
50.375		0.0839165
50.5		0.0839165
50.625		0.0839165
50.75		0.0839165
50.875		0.0839165
51		0.0839165
51.125		0.0868216
51.25		0.0868216
51.375		0.0868216
51.5		0.0868216
51.625		0.0868216
51.75		0.0868216
51.875		0.0868216
52		0.0868216
52.125		0.0887363
52.25		0.0887363
52.375		0.0887363
52.5		0.0887363
52.625		0.0887363
52.75		0.0887363
52.875		0.0887363
53		0.0887363
53.125		0.090717
53.25		0.090717
53.375		0.090717
53.5		0.090717
53.625		0.090717
53.75		0.090717
53.875		0.090717
54		0.090717
54.125		0.0921695
54.25		0.0921695
54.375		0.0921695
54.5		0.0921695
54.625		0.0921695
54.75		0.0921695
54.875		0.0921695
55		0.0921695
55.125		0.0952067
55.25		0.0952067
55.375		0.0952067
55.5		0.0952067
55.625		0.0952067
55.75		0.0952067
55.875		0.0952067
56		0.0952067
56.125		0.0981117
56.25		0.0981117
56.375		0.0981117
56.5		0.0981117
56.625		0.0981117
56.75		0.0981117
56.875		0.0981117
57		0.0981117
57.125		0.0987059
57.25		0.0987059
57.375		0.0987059
57.5		0.0987059
57.625		0.0987059
57.75		0.0987059
57.875		0.0987059
58		0.0987059
58.125		0.101545
58.25		0.101545
58.375		0.101545
58.5		0.101545
58.625		0.101545
58.75		0.101545
58.875		0.101545
59		0.101545
59.125		0.102667
59.25		0.102667
59.375		0.102667
59.5		0.102667
59.625		0.102667
59.75		0.102667
59.875		0.102667
60		0.102667
60.125		0.106629
60.25		0.106629
60.375		0.106629
60.5		0.106629
60.625		0.106629
60.75		0.106629
60.875		0.106629
61		0.106629
61.125		0.109336
61.25		0.109336
61.375		0.109336
61.5		0.109336
61.625		0.109336
61.75		0.109336
61.875		0.109336
62		0.109336
62.125		0.110986
62.25		0.110986
62.375		0.110986
62.5		0.110986
62.625		0.110986
62.75		0.110986
62.875		0.110986
63		0.110986
63.125		0.11409
63.25		0.11409
63.375		0.11409
63.5		0.11409
63.625		0.11409
63.75		0.11409
63.875		0.11409
64		0.11409
64.125		0.117721
64.25		0.117721
64.375		0.117721
64.5		0.117721
64.625		0.117721
64.75		0.117721
64.875		0.117721
65		0.117721
65.125		0.118843
65.25		0.118843
65.375		0.118843
65.5		0.118843
65.625		0.118843
65.75		0.118843
65.875		0.118843
66		0.118843
66.125		0.119636
66.25		0.119636
66.375		0.119636
66.5		0.119636
66.625		0.119636
66.75		0.119636
66.875		0.119636
67		0.119636
67.125		0.121088
67.25		0.121088
67.375		0.121088
67.5		0.121088
67.625		0.121088
67.75		0.121088
67.875		0.121088
68		0.121088
68.125		0.127162
68.25		0.127162
68.375		0.127162
68.5		0.127162
68.625		0.127162
68.75		0.127162
68.875		0.127162
69		0.127162
69.125		0.130265
69.25		0.130265
69.375		0.130265
69.5		0.130265
69.625		0.130265
69.75		0.130265
69.875		0.130265
70		0.130265
70.125		0.130794
70.25		0.130794
70.375		0.130794
70.5		0.130794
70.625		0.130794
70.75		0.130794
70.875		0.130794
71		0.130794
71.125		0.13152
71.25		0.13152
71.375		0.13152
71.5		0.13152
71.625		0.13152
71.75		0.13152
71.875		0.13152
72		0.13152
72.125		0.137
72.25		0.137
72.375		0.137
72.5		0.137
72.625		0.137
72.75		0.137
72.875		0.137
73		0.137
73.125		0.137858
73.25		0.137858
73.375		0.137858
73.5		0.137858
73.625		0.137858
73.75		0.137858
73.875		0.137858
74		0.137858
74.125		0.141159
74.25		0.141159
74.375		0.141159
74.5		0.141159
74.625		0.141159
74.75		0.141159
74.875		0.141159
75		0.141159
75.125		0.14182
75.25		0.14182
75.375		0.14182
75.5		0.14182
75.625		0.14182
75.75		0.14182
75.875		0.14182
76		0.14182
76.125		0.145187
76.25		0.145187
76.375		0.145187
76.5		0.145187
76.625		0.145187
76.75		0.145187
76.875		0.145187
77		0.145187
77.125		0.145517
77.25		0.145517
77.375		0.145517
77.5		0.145517
77.625		0.145517
77.75		0.145517
77.875		0.145517
78		0.145517
78.125		0.148026
78.25		0.148026
78.375		0.148026
78.5		0.148026
78.625		0.148026
78.75		0.148026
78.875		0.148026
79		0.148026
79.125		0.151129
79.25		0.151129
79.375		0.151129
79.5		0.151129
79.625		0.151129
79.75		0.151129
79.875		0.151129
80		0.151129
80.125		0.154892
80.25		0.154892
80.375		0.154892
80.5		0.154892
80.625		0.154892
80.75		0.154892
80.875		0.154892
81		0.154892
81.125		0.157137
81.25		0.157137
81.375		0.157137
81.5		0.157137
81.625		0.157137
81.75		0.157137
81.875		0.157137
82		0.157137
82.125		0.15892
82.25		0.15892
82.375		0.15892
82.5		0.15892
82.625		0.15892
82.75		0.15892
82.875		0.15892
83		0.15892
83.125		0.164334
83.25		0.164334
83.375		0.164334
83.5		0.164334
83.625		0.164334
83.75		0.164334
83.875		0.164334
84		0.164334
84.125		0.165918
84.25		0.165918
84.375		0.165918
84.5		0.165918
84.625		0.165918
84.75		0.165918
84.875		0.165918
85		0.165918
85.125		0.167371
85.25		0.167371
85.375		0.167371
85.5		0.167371
85.625		0.167371
85.75		0.167371
85.875		0.167371
86		0.167371
86.125		0.168229
86.25		0.168229
86.375		0.168229
86.5		0.168229
86.625		0.168229
86.75		0.168229
86.875		0.168229
87		0.168229
87.125		0.17503
87.25		0.17503
87.375		0.17503
87.5		0.17503
87.625		0.17503
87.75		0.17503
87.875		0.17503
88		0.17503
88.125		0.177142
88.25		0.177142
88.375		0.177142
88.5		0.177142
88.625		0.177142
88.75		0.177142
88.875		0.177142
89		0.177142
89.125		0.177671
89.25		0.177671
89.375		0.177671
89.5		0.177671
89.625		0.177671
89.75		0.177671
89.875		0.177671
90		0.177671
90.125		0.178529
90.25		0.178529
90.375		0.178529
90.5		0.178529
90.625		0.178529
90.75		0.178529
90.875		0.178529
91		0.178529
91.125		0.178793
91.25		0.178793
91.375		0.178793
91.5		0.178793
91.625		0.178793
91.75		0.178793
91.875		0.178793
92		0.178793
92.125		0.18566
92.25		0.18566
92.375		0.18566
92.5		0.18566
92.625		0.18566
92.75		0.18566
92.875		0.18566
93		0.18566
93.125		0.18764
93.25		0.18764
93.375		0.18764
93.5		0.18764
93.625		0.18764
93.75		0.18764
93.875		0.18764
94		0.18764
94.125		0.188499
94.25		0.188499
94.375		0.188499
94.5		0.188499
94.625		0.188499
94.75		0.188499
94.875		0.188499
95		0.188499
95.125		0.190215
95.25		0.190215
95.375		0.190215
95.5		0.190215
95.625		0.190215
95.75		0.190215
95.875		0.190215
96		0.190215
96.125		0.193384
96.25		0.193384
96.375		0.193384
96.5		0.193384
96.625		0.193384
96.75		0.193384
96.875		0.193384
97		0.193384
97.125		0.195827
97.25		0.195827
97.375		0.195827
97.5		0.195827
97.625		0.195827
97.75		0.195827
97.875		0.195827
98		0.195827
98.125		0.199062
98.25		0.199062
98.375		0.199062
98.5		0.199062
98.625		0.199062
98.75		0.199062
98.875		0.199062
99		0.199062
99.125		0.199789
99.25		0.199789
99.375		0.199789
99.5		0.199789
99.625		0.199789
99.75		0.199789
99.875		0.199789
100		0.199789
100.125		0.202892
100.25		0.202892
100.375		0.202892
100.5		0.202892
100.625		0.202892
100.75		0.202892
100.875		0.202892
101		0.202892
101.125		0.204344
101.25		0.204344
101.375		0.204344
101.5		0.204344
101.625		0.204344
101.75		0.204344
101.875		0.204344
102		0.204344
102.125		0.204807
102.25		0.204807
102.375		0.204807
102.5		0.204807
102.625		0.204807
102.75		0.204807
102.875		0.204807
103		0.204807
103.125		0.208504
103.25		0.208504
103.375		0.208504
103.5		0.208504
103.625		0.208504
103.75		0.208504
103.875		0.208504
104		0.208504
104.125		0.211739
104.25		0.211739
104.375		0.211739
104.5		0.211739
104.625		0.211739
104.75		0.211739
104.875		0.211739
105		0.211739
105.125		0.215436
105.25		0.215436
105.375		0.215436
105.5		0.215436
105.625		0.215436
105.75		0.215436
105.875		0.215436
106		0.215436
106.125		0.215436
106.25		0.215436
106.375		0.215436
106.5		0.215436
106.625		0.215436
106.75		0.215436
106.875		0.215436
107		0.215436
107.125		0.216889
107.25		0.216889
107.375		0.216889
107.5		0.216889
107.625		0.216889
107.75		0.216889
107.875		0.216889
108		0.216889
108.125		0.217351
108.25		0.217351
108.375		0.217351
108.5		0.217351
108.625		0.217351
108.75		0.217351
108.875		0.217351
109		0.217351
109.125		0.222567
109.25		0.222567
109.375		0.222567
109.5		0.222567
109.625		0.222567
109.75		0.222567
109.875		0.222567
110		0.222567
110.125		0.227387
110.25		0.227387
110.375		0.227387
110.5		0.227387
110.625		0.227387
110.75		0.227387
110.875		0.227387
111		0.227387
111.125		0.228179
111.25		0.228179
111.375		0.228179
111.5		0.228179
111.625		0.228179
111.75		0.228179
111.875		0.228179
112		0.228179
112.125		0.230688
112.25		0.230688
112.375		0.230688
112.5		0.230688
112.625		0.230688
112.75		0.230688
112.875		0.230688
113		0.230688
113.125		0.235772
113.25		0.235772
113.375		0.235772
113.5		0.235772
113.625		0.235772
113.75		0.235772
113.875		0.235772
114		0.235772
114.125		0.236168
114.25		0.236168
114.375		0.236168
114.5		0.236168
114.625		0.236168
114.75		0.236168
114.875		0.236168
115		0.236168
115.125		0.238479
115.25		0.238479
115.375		0.238479
115.5		0.238479
115.625		0.238479
115.75		0.238479
115.875		0.238479
116		0.238479
116.125		0.240327
116.25		0.240327
116.375		0.240327
116.5		0.240327
116.625		0.240327
116.75		0.240327
116.875		0.240327
117		0.240327
117.125		0.244553
117.25		0.244553
117.375		0.244553
117.5		0.244553
117.625		0.244553
117.75		0.244553
117.875		0.244553
118		0.244553
118.125		0.249373
118.25		0.249373
118.375		0.249373
118.5		0.249373
118.625		0.249373
118.75		0.249373
118.875		0.249373
119		0.249373
119.125		0.250759
119.25		0.250759
119.375		0.250759
119.5		0.250759
119.625		0.250759
119.75		0.250759
119.875		0.250759
120		0.250759
120.125		0.25175
120.25		0.25175
120.375		0.25175
120.5		0.25175
120.625		0.25175
120.75		0.25175
120.875		0.25175
121		0.25175
121.125		0.252608
121.25		0.252608
121.375		0.252608
121.5		0.252608
121.625		0.252608
121.75		0.252608
121.875		0.252608
122		0.252608
122.125		0.253004
122.25		0.253004
122.375		0.253004
122.5		0.253004
122.625		0.253004
122.75		0.253004
122.875		0.253004
123		0.253004
123.125		0.255975
123.25		0.255975
123.375		0.255975
123.5		0.255975
123.625		0.255975
123.75		0.255975
123.875		0.255975
124		0.255975
124.125		0.260861
124.25		0.260861
124.375		0.260861
124.5		0.260861
124.625		0.260861
124.75		0.260861
124.875		0.260861
125		0.260861
125.125		0.262644
125.25		0.262644
125.375		0.262644
125.5		0.262644
125.625		0.262644
125.75		0.262644
125.875		0.262644
126		0.262644
126.125		0.262974
126.25		0.262974
126.375		0.262974
126.5		0.262974
126.625		0.262974
126.75		0.262974
126.875		0.262974
127		0.262974
127.125		0.263766
127.25		0.263766
127.375		0.263766
127.5		0.263766
127.625		0.263766
127.75		0.263766
127.875		0.263766
128		0.263766
128.125		0.269642
128.25		0.269642
128.375		0.269642
128.5		0.269642
128.625		0.269642
128.75		0.269642
128.875		0.269642
129		0.269642
129.125		0.270897
129.25		0.270897
129.375		0.270897
129.5		0.270897
129.625		0.270897
129.75		0.270897
129.875		0.270897
130		0.270897
130.125		0.272679
130.25		0.272679
130.375		0.272679
130.5		0.272679
130.625		0.272679
130.75		0.272679
130.875		0.272679
131		0.272679
131.125		0.273141
131.25		0.273141
131.375		0.273141
131.5		0.273141
131.625		0.273141
131.75		0.273141
131.875		0.273141
132		0.273141
132.125		0.278159
132.25		0.278159
132.375		0.278159
132.5		0.278159
132.625		0.278159
132.75		0.278159
132.875		0.278159
133		0.278159
133.125		0.282649
133.25		0.282649
133.375		0.282649
133.5		0.282649
133.625		0.282649
133.75		0.282649
133.875		0.282649
134		0.282649
134.125		0.283111
134.25		0.283111
134.375		0.283111
134.5		0.283111
134.625		0.283111
134.75		0.283111
134.875		0.283111
135		0.283111
135.125		0.284299
135.25		0.284299
135.375		0.284299
135.5		0.284299
135.625		0.284299
135.75		0.284299
135.875		0.284299
136		0.284299
136.125		0.286742
136.25		0.286742
136.375		0.286742
136.5		0.286742
136.625		0.286742
136.75		0.286742
136.875		0.286742
137		0.286742
137.125		0.289846
137.25		0.289846
137.375		0.289846
137.5		0.289846
137.625		0.289846
137.75		0.289846
137.875		0.289846
138		0.289846
138.125		0.292156
138.25		0.292156
138.375		0.292156
138.5		0.292156
138.625		0.292156
138.75		0.292156
138.875		0.292156
139		0.292156
139.125		0.294137
139.25		0.294137
139.375		0.294137
139.5		0.294137
139.625		0.294137
139.75		0.294137
139.875		0.294137
140		0.294137
140.125		0.294401
140.25		0.294401
140.375		0.294401
140.5		0.294401
140.625		0.294401
140.75		0.294401
140.875		0.294401
141		0.294401
141.125		0.296844
141.25		0.296844
141.375		0.296844
141.5		0.296844
141.625		0.296844
141.75		0.296844
141.875		0.296844
142		0.296844
142.125		0.300079
142.25		0.300079
142.375		0.300079
142.5		0.300079
142.625		0.300079
142.75		0.300079
142.875		0.300079
143		0.300079
143.125		0.303645
143.25		0.303645
143.375		0.303645
143.5		0.303645
143.625		0.303645
143.75		0.303645
143.875		0.303645
144		0.303645
144.125		0.303909
144.25		0.303909
144.375		0.303909
144.5		0.303909
144.625		0.303909
144.75		0.303909
144.875		0.303909
145		0.303909
145.125		0.305295
145.25		0.305295
145.375		0.305295
145.5		0.305295
145.625		0.305295
145.75		0.305295
145.875		0.305295
146		0.305295
146.125		0.309058
146.25		0.309058
146.375		0.309058
146.5		0.309058
146.625		0.309058
146.75		0.309058
146.875		0.309058
147		0.309058
147.125		0.309653
147.25		0.309653
147.375		0.309653
147.5		0.309653
147.625		0.309653
147.75		0.309653
147.875		0.309653
148		0.309653
148.125		0.313086
148.25		0.313086
148.375		0.313086
148.5		0.313086
148.625		0.313086
148.75		0.313086
148.875		0.313086
149		0.313086
149.125		0.315265
149.25		0.315265
149.375		0.315265
149.5		0.315265
149.625		0.315265
149.75		0.315265
149.875		0.315265
150		0.315265
150.125		0.317113
150.25		0.317113
150.375		0.317113
150.5		0.317113
150.625		0.317113
150.75		0.317113
150.875		0.317113
151		0.317113
151.125		0.319424
151.25		0.319424
151.375		0.319424
151.5		0.319424
151.625		0.319424
151.75		0.319424
151.875		0.319424
152		0.319424
152.125		0.319556
152.25		0.319556
152.375		0.319556
152.5		0.319556
152.625		0.319556
152.75		0.319556
152.875		0.319556
153		0.319556
153.125		0.321141
153.25		0.321141
153.375		0.321141
153.5		0.321141
153.625		0.321141
153.75		0.321141
153.875		0.321141
154		0.321141
154.125		0.324244
154.25		0.324244
154.375		0.324244
154.5		0.324244
154.625		0.324244
154.75		0.324244
154.875		0.324244
155		0.324244
155.125		0.328205
155.25		0.328205
155.375		0.328205
155.5		0.328205
155.625		0.328205
155.75		0.328205
155.875		0.328205
156		0.328205
156.125		0.329064
156.25		0.329064
156.375		0.329064
156.5		0.329064
156.625		0.329064
156.75		0.329064
156.875		0.329064
157		0.329064
157.125		0.333421
157.25		0.333421
157.375		0.333421
157.5		0.333421
157.625		0.333421
157.75		0.333421
157.875		0.333421
158		0.333421
158.125		0.333619
158.25		0.333619
158.375		0.333619
158.5		0.333619
158.625		0.333619
158.75		0.333619
158.875		0.333619
159		0.333619
159.125		0.335732
159.25		0.335732
159.375		0.335732
159.5		0.335732
159.625		0.335732
159.75		0.335732
159.875		0.335732
160		0.335732
160.125		0.339826
160.25		0.339826
160.375		0.339826
160.5		0.339826
160.625		0.339826
160.75		0.339826
160.875		0.339826
161		0.339826
161.125		0.340354
161.25		0.340354
161.375		0.340354
161.5		0.340354
161.625		0.340354
161.75		0.340354
161.875		0.340354
162		0.340354
162.125		0.341542
162.25		0.341542
162.375		0.341542
162.5		0.341542
162.625		0.341542
162.75		0.341542
162.875		0.341542
163		0.341542
163.125		0.344645
163.25		0.344645
163.375		0.344645
163.5		0.344645
163.625		0.344645
163.75		0.344645
163.875		0.344645
164		0.344645
164.125		0.349795
164.25		0.349795
164.375		0.349795
164.5		0.349795
164.625		0.349795
164.75		0.349795
164.875		0.349795
165		0.349795
165.125		0.35171
165.25		0.35171
165.375		0.35171
165.5		0.35171
165.625		0.35171
165.75		0.35171
165.875		0.35171
166		0.35171
166.125		0.353559
166.25		0.353559
166.375		0.353559
166.5		0.353559
166.625		0.353559
166.75		0.353559
166.875		0.353559
167		0.353559
167.125		0.353757
167.25		0.353757
167.375		0.353757
167.5		0.353757
167.625		0.353757
167.75		0.353757
167.875		0.353757
168		0.353757
168.125		0.356728
168.25		0.356728
168.375		0.356728
168.5		0.356728
168.625		0.356728
168.75		0.356728
168.875		0.356728
169		0.356728
169.125		0.360557
169.25		0.360557
169.375		0.360557
169.5		0.360557
169.625		0.360557
169.75		0.360557
169.875		0.360557
170		0.360557
170.125		0.361085
170.25		0.361085
170.375		0.361085
170.5		0.361085
170.625		0.361085
170.75		0.361085
170.875		0.361085
171		0.361085
171.125		0.362538
171.25		0.362538
171.375		0.362538
171.5		0.362538
171.625		0.362538
171.75		0.362538
171.875		0.362538
172		0.362538
172.125		0.366301
172.25		0.366301
172.375		0.366301
172.5		0.366301
172.625		0.366301
172.75		0.366301
172.875		0.366301
173		0.366301
173.125		0.368744
173.25		0.368744
173.375		0.368744
173.5		0.368744
173.625		0.368744
173.75		0.368744
173.875		0.368744
174		0.368744
174.125		0.369537
174.25		0.369537
174.375		0.369537
174.5		0.369537
174.625		0.369537
174.75		0.369537
174.875		0.369537
175		0.369537
175.125		0.371121
175.25		0.371121
175.375		0.371121
175.5		0.371121
175.625		0.371121
175.75		0.371121
175.875		0.371121
176		0.371121
176.125		0.3733
176.25		0.3733
176.375		0.3733
176.5		0.3733
176.625		0.3733
176.75		0.3733
176.875		0.3733
177		0.3733
177.125		0.375941
177.25		0.375941
177.375		0.375941
177.5		0.375941
177.625		0.375941
177.75		0.375941
177.875		0.375941
178		0.375941
178.125		0.37944
178.25		0.37944
178.375		0.37944
178.5		0.37944
178.625		0.37944
178.75		0.37944
178.875		0.37944
179		0.37944
179.125		0.381487
179.25		0.381487
179.375		0.381487
179.5		0.381487
179.625		0.381487
179.75		0.381487
179.875		0.381487
180		0.381487
180.125		0.384722
180.25		0.384722
180.375		0.384722
180.5		0.384722
180.625		0.384722
180.75		0.384722
180.875		0.384722
181		0.384722
181.125		0.386109
181.25		0.386109
181.375		0.386109
181.5		0.386109
181.625		0.386109
181.75		0.386109
181.875		0.386109
182		0.386109
182.125		0.387297
182.25		0.387297
182.375		0.387297
182.5		0.387297
182.625		0.387297
182.75		0.387297
182.875		0.387297
183		0.387297
183.125		0.391523
183.25		0.391523
183.375		0.391523
183.5		0.391523
183.625		0.391523
183.75		0.391523
183.875		0.391523
184		0.391523
184.125		0.391787
184.25		0.391787
184.375		0.391787
184.5		0.391787
184.625		0.391787
184.75		0.391787
184.875		0.391787
185		0.391787
185.125		0.395946
185.25		0.395946
185.375		0.395946
185.5		0.395946
185.625		0.395946
185.75		0.395946
185.875		0.395946
186		0.395946
186.125		0.397861
186.25		0.397861
186.375		0.397861
186.5		0.397861
186.625		0.397861
186.75		0.397861
186.875		0.397861
187		0.397861
187.125		0.398191
187.25		0.398191
187.375		0.398191
187.5		0.398191
187.625		0.398191
187.75		0.398191
187.875		0.398191
188		0.398191
188.125		0.398521
188.25		0.398521
188.375		0.398521
188.5		0.398521
188.625		0.398521
188.75		0.398521
188.875		0.398521
189		0.398521
189.125		0.400634
189.25		0.400634
189.375		0.400634
189.5		0.400634
189.625		0.400634
189.75		0.400634
189.875		0.400634
190		0.400634
190.125		0.404859
190.25		0.404859
190.375		0.404859
190.5		0.404859
190.625		0.404859
190.75		0.404859
190.875		0.404859
191		0.404859
191.125		0.405057
191.25		0.405057
191.375		0.405057
191.5		0.405057
191.625		0.405057
191.75		0.405057
191.875		0.405057
192		0.405057
192.125		0.406708
192.25		0.406708
192.375		0.406708
192.5		0.406708
192.625		0.406708
192.75		0.406708
192.875		0.406708
193		0.406708
193.125		0.408293
193.25		0.408293
193.375		0.408293
193.5		0.408293
193.625		0.408293
193.75		0.408293
193.875		0.408293
194		0.408293
194.125		0.41298
194.25		0.41298
194.375		0.41298
194.5		0.41298
194.625		0.41298
194.75		0.41298
194.875		0.41298
195		0.41298
195.125		0.413244
195.25		0.413244
195.375		0.413244
195.5		0.413244
195.625		0.413244
195.75		0.413244
195.875		0.413244
196		0.413244
196.125		0.415159
196.25		0.415159
196.375		0.415159
196.5		0.415159
196.625		0.415159
196.75		0.415159
196.875		0.415159
197		0.415159
197.125		0.41813
197.25		0.41813
197.375		0.41813
197.5		0.41813
197.625		0.41813
197.75		0.41813
197.875		0.41813
198		0.41813
198.125		0.422026
198.25		0.422026
198.375		0.422026
198.5		0.422026
198.625		0.422026
198.75		0.422026
198.875		0.422026
199		0.422026
199.125		0.422752
199.25		0.422752
199.375		0.422752
199.5		0.422752
199.625		0.422752
199.75		0.422752
199.875		0.422752
200		0.422752
200.125		0.424733
200.25		0.424733
200.375		0.424733
200.5		0.424733
200.625		0.424733
200.75		0.424733
200.875		0.424733
201		0.424733
201.125		0.425195
201.25		0.425195
201.375		0.425195
201.5		0.425195
201.625		0.425195
201.75		0.425195
201.875		0.425195
202		0.425195
202.125		0.427704
202.25		0.427704
202.375		0.427704
202.5		0.427704
202.625		0.427704
202.75		0.427704
202.875		0.427704
203		0.427704
203.125		0.432788
203.25		0.432788
203.375		0.432788
203.5		0.432788
203.625		0.432788
203.75		0.432788
203.875		0.432788
204		0.432788
204.125		0.433052
204.25		0.433052
204.375		0.433052
204.5		0.433052
204.625		0.433052
204.75		0.433052
204.875		0.433052
205		0.433052
205.125		0.43358
205.25		0.43358
205.375		0.43358
205.5		0.43358
205.625		0.43358
205.75		0.43358
205.875		0.43358
206		0.43358
206.125		0.437211
206.25		0.437211
206.375		0.437211
206.5		0.437211
206.625		0.437211
206.75		0.437211
206.875		0.437211
207		0.437211
207.125		0.439984
207.25		0.439984
207.375		0.439984
207.5		0.439984
207.625		0.439984
207.75		0.439984
207.875		0.439984
208		0.439984
208.125		0.441701
208.25		0.441701
208.375		0.441701
208.5		0.441701
208.625		0.441701
208.75		0.441701
208.875		0.441701
209		0.441701
209.125		0.445992
209.25		0.445992
209.375		0.445992
209.5		0.445992
209.625		0.445992
209.75		0.445992
209.875		0.445992
210		0.445992
210.125		0.446587
210.25		0.446587
210.375		0.446587
210.5		0.446587
210.625		0.446587
210.75		0.446587
210.875		0.446587
211		0.446587
211.125		0.450746
211.25		0.450746
211.375		0.450746
211.5		0.450746
211.625		0.450746
211.75		0.450746
211.875		0.450746
212		0.450746
212.125		0.452001
212.25		0.452001
212.375		0.452001
212.5		0.452001
212.625		0.452001
212.75		0.452001
212.875		0.452001
213		0.452001
213.125		0.453453
213.25		0.453453
213.375		0.453453
213.5		0.453453
213.625		0.453453
213.75		0.453453
213.875		0.453453
214		0.453453
214.125		0.454443
214.25		0.454443
214.375		0.454443
214.5		0.454443
214.625		0.454443
214.75		0.454443
214.875		0.454443
215		0.454443
215.125		0.457877
215.25		0.457877
215.375		0.457877
215.5		0.457877
215.625		0.457877
215.75		0.457877
215.875		0.457877
216		0.457877
216.125		0.46065
216.25		0.46065
216.375		0.46065
216.5		0.46065
216.625		0.46065
216.75		0.46065
216.875		0.46065
217		0.46065
217.125		0.461706
217.25		0.461706
217.375		0.461706
217.5		0.461706
217.625		0.461706
217.75		0.461706
217.875		0.461706
218		0.461706
218.125		0.463621
218.25		0.463621
218.375		0.463621
218.5		0.463621
218.625		0.463621
218.75		0.463621
218.875		0.463621
219		0.463621
219.125		0.465734
219.25		0.465734
219.375		0.465734
219.5		0.465734
219.625		0.465734
219.75		0.465734
219.875		0.465734
220		0.465734
220.125		0.470883
220.25		0.470883
220.375		0.470883
220.5		0.470883
220.625		0.470883
220.75		0.470883
220.875		0.470883
221		0.470883
221.125		0.472468
221.25		0.472468
221.375		0.472468
221.5		0.472468
221.625		0.472468
221.75		0.472468
221.875		0.472468
222		0.472468
222.125		0.473194
222.25		0.473194
222.375		0.473194
222.5		0.473194
222.625		0.473194
222.75		0.473194
222.875		0.473194
223		0.473194
223.125		0.474515
223.25		0.474515
223.375		0.474515
223.5		0.474515
223.625		0.474515
223.75		0.474515
223.875		0.474515
224		0.474515
224.125		0.477882
224.25		0.477882
224.375		0.477882
224.5		0.477882
224.625		0.477882
224.75		0.477882
224.875		0.477882
225		0.477882
225.125		0.481381
225.25		0.481381
225.375		0.481381
225.5		0.481381
225.625		0.481381
225.75		0.481381
225.875		0.481381
226		0.481381
226.125		0.482174
226.25		0.482174
226.375		0.482174
226.5		0.482174
226.625		0.482174
226.75		0.482174
226.875		0.482174
227		0.482174
227.125		0.482834
227.25		0.482834
227.375		0.482834
227.5		0.482834
227.625		0.482834
227.75		0.482834
227.875		0.482834
228		0.482834
228.125		0.48904
228.25		0.48904
228.375		0.48904
228.5		0.48904
228.625		0.48904
228.75		0.48904
228.875		0.48904
229		0.48904
229.125		0.491219
229.25		0.491219
229.375		0.491219
229.5		0.491219
229.625		0.491219
229.75		0.491219
229.875		0.491219
230		0.491219
230.125		0.493992
230.25		0.493992
230.375		0.493992
230.5		0.493992
230.625		0.493992
230.75		0.493992
230.875		0.493992
231		0.493992
231.125		0.49518
231.25		0.49518
231.375		0.49518
231.5		0.49518
231.625		0.49518
231.75		0.49518
231.875		0.49518
232		0.49518
232.125		0.495642
232.25		0.495642
232.375		0.495642
232.5		0.495642
232.625		0.495642
232.75		0.495642
232.875		0.495642
233		0.495642
233.125		0.499406
233.25		0.499406
233.375		0.499406
233.5		0.499406
233.625		0.499406
233.75		0.499406
233.875		0.499406
234		0.499406
234.125		0.500066
234.25		0.500066
234.375		0.500066
234.5		0.500066
234.625		0.500066
234.75		0.500066
234.875		0.500066
235		0.500066
235.125		0.504622
235.25		0.504622
235.375		0.504622
235.5		0.504622
235.625		0.504622
235.75		0.504622
235.875		0.504622
236		0.504622
236.125		0.505942
236.25		0.505942
236.375		0.505942
236.5		0.505942
236.625		0.505942
236.75		0.505942
236.875		0.505942
237		0.505942
237.125		0.507263
237.25		0.507263
237.375		0.507263
237.5		0.507263
237.625		0.507263
237.75		0.507263
237.875		0.507263
238		0.507263
238.125		0.510696
238.25		0.510696
238.375		0.510696
238.5		0.510696
238.625		0.510696
238.75		0.510696
238.875		0.510696
239		0.510696
239.125		0.513535
239.25		0.513535
239.375		0.513535
239.5		0.513535
239.625		0.513535
239.75		0.513535
239.875		0.513535
240		0.513535
240.125		0.51644
240.25		0.51644
240.375		0.51644
240.5		0.51644
240.625		0.51644
240.75		0.51644
240.875		0.51644
241		0.51644
241.125		0.518619
241.25		0.518619
241.375		0.518619
241.5		0.518619
241.625		0.518619
241.75		0.518619
241.875		0.518619
242		0.518619
242.125		0.522844
242.25		0.522844
242.375		0.522844
242.5		0.522844
242.625		0.522844
242.75		0.522844
242.875		0.522844
243		0.522844
243.125		0.523108
243.25		0.523108
243.375		0.523108
243.5		0.523108
243.625		0.523108
243.75		0.523108
243.875		0.523108
244		0.523108
244.125		0.524099
244.25		0.524099
244.375		0.524099
244.5		0.524099
244.625		0.524099
244.75		0.524099
244.875		0.524099
245		0.524099
245.125		0.526608
245.25		0.526608
245.375		0.526608
245.5		0.526608
245.625		0.526608
245.75		0.526608
245.875		0.526608
246		0.526608
246.125		0.531956
246.25		0.531956
246.375		0.531956
246.5		0.531956
246.625		0.531956
246.75		0.531956
246.875		0.531956
247		0.531956
247.125		0.533276
247.25		0.533276
247.375		0.533276
247.5		0.533276
247.625		0.533276
247.75		0.533276
247.875		0.533276
248		0.533276
248.125		0.534795
248.25		0.534795
248.375		0.534795
248.5		0.534795
248.625		0.534795
248.75		0.534795
248.875		0.534795
249		0.534795
249.125		0.535983
249.25		0.535983
249.375		0.535983
249.5		0.535983
249.625		0.535983
249.75		0.535983
249.875		0.535983
250		0.535983
250.125		0.539086
250.25		0.539086
250.375		0.539086
250.5		0.539086
250.625		0.539086
250.75		0.539086
250.875		0.539086
251		0.539086
251.125		0.542255
251.25		0.542255
251.375		0.542255
251.5		0.542255
251.625		0.542255
251.75		0.542255
251.875		0.542255
252		0.542255
252.125		0.54417
252.25		0.54417
252.375		0.54417
252.5		0.54417
252.625		0.54417
252.75		0.54417
252.875		0.54417
253		0.54417
253.125		0.54483
253.25		0.54483
253.375		0.54483
253.5		0.54483
253.625		0.54483
253.75		0.54483
253.875		0.54483
254		0.54483
254.125		0.548792
254.25		0.548792
254.375		0.548792
254.5		0.548792
254.625		0.548792
254.75		0.548792
254.875		0.548792
255		0.548792
255.125		0.549254
255.25		0.549254
255.375		0.549254
255.5		0.549254
255.625		0.549254
255.75		0.549254
255.875		0.549254
256		0.549254
256.125		0.553678
256.25		0.553678
256.375		0.553678
256.5		0.553678
256.625		0.553678
256.75		0.553678
256.875		0.553678
257		0.553678
257.125		0.555526
257.25		0.555526
257.375		0.555526
257.5		0.555526
257.625		0.555526
257.75		0.555526
257.875		0.555526
258		0.555526
258.125		0.556847
258.25		0.556847
258.375		0.556847
258.5		0.556847
258.625		0.556847
258.75		0.556847
258.875		0.556847
259		0.556847
259.125		0.558365
259.25		0.558365
259.375		0.558365
259.5		0.558365
259.625		0.558365
259.75		0.558365
259.875		0.558365
260		0.558365
260.125		0.562591
260.25		0.562591
260.375		0.562591
260.5		0.562591
260.625		0.562591
260.75		0.562591
260.875		0.562591
261		0.562591
261.125		0.56543
261.25		0.56543
261.375		0.56543
261.5		0.56543
261.625		0.56543
261.75		0.56543
261.875		0.56543
262		0.56543
262.125		0.565628
262.25		0.565628
262.375		0.565628
262.5		0.565628
262.625		0.565628
262.75		0.565628
262.875		0.565628
263		0.565628
263.125		0.569127
263.25		0.569127
263.375		0.569127
263.5		0.569127
263.625		0.569127
263.75		0.569127
263.875		0.569127
264		0.569127
264.125		0.571702
264.25		0.571702
264.375		0.571702
264.5		0.571702
264.625		0.571702
264.75		0.571702
264.875		0.571702
265		0.571702
265.125		0.573023
265.25		0.573023
265.375		0.573023
265.5		0.573023
265.625		0.573023
265.75		0.573023
265.875		0.573023
266		0.573023
266.125		0.573287
266.25		0.573287
266.375		0.573287
266.5		0.573287
266.625		0.573287
266.75		0.573287
266.875		0.573287
267		0.573287
267.125		0.574343
267.25		0.574343
267.375		0.574343
267.5		0.574343
267.625		0.574343
267.75		0.574343
267.875		0.574343
268		0.574343
268.125		0.580153
268.25		0.580153
268.375		0.580153
268.5		0.580153
268.625		0.580153
268.75		0.580153
268.875		0.580153
269		0.580153
269.125		0.580615
269.25		0.580615
269.375		0.580615
269.5		0.580615
269.625		0.580615
269.75		0.580615
269.875		0.580615
270		0.580615
270.125		0.581011
270.25		0.581011
270.375		0.581011
270.5		0.581011
270.625		0.581011
270.75		0.581011
270.875		0.581011
271		0.581011
271.125		0.584115
271.25		0.584115
271.375		0.584115
271.5		0.584115
271.625		0.584115
271.75		0.584115
271.875		0.584115
272		0.584115
272.125		0.587878
272.25		0.587878
272.375		0.587878
272.5		0.587878
272.625		0.587878
272.75		0.587878
272.875		0.587878
273		0.587878
273.125		0.588934
273.25		0.588934
273.375		0.588934
273.5		0.588934
273.625		0.588934
273.75		0.588934
273.875		0.588934
274		0.588934
274.125		0.590123
274.25		0.590123
274.375		0.590123
274.5		0.590123
274.625		0.590123
274.75		0.590123
274.875		0.590123
275		0.590123
275.125		0.591641
275.25		0.591641
275.375		0.591641
275.5		0.591641
275.625		0.591641
275.75		0.591641
275.875		0.591641
276		0.591641
276.125		0.596857
276.25		0.596857
276.375		0.596857
276.5		0.596857
276.625		0.596857
276.75		0.596857
276.875		0.596857
277		0.596857
277.125		0.597253
277.25		0.597253
277.375		0.597253
277.5		0.597253
277.625		0.597253
277.75		0.597253
277.875		0.597253
278		0.597253
278.125		0.597385
278.25		0.597385
278.375		0.597385
278.5		0.597385
278.625		0.597385
278.75		0.597385
278.875		0.597385
279		0.597385
279.125		0.59996
279.25		0.59996
279.375		0.59996
279.5		0.59996
279.625		0.59996
279.75		0.59996
279.875		0.59996
280		0.59996
280.125		0.607025
280.25		0.607025
280.375		0.607025
280.5		0.607025
280.625		0.607025
280.75		0.607025
280.875		0.607025
281		0.607025
281.125		0.608213
281.25		0.608213
281.375		0.608213
281.5		0.608213
281.625		0.608213
281.75		0.608213
281.875		0.608213
282		0.608213
282.125		0.609138
282.25		0.609138
282.375		0.609138
282.5		0.609138
282.625		0.609138
282.75		0.609138
282.875		0.609138
283		0.609138
283.125		0.612439
283.25		0.612439
283.375		0.612439
283.5		0.612439
283.625		0.612439
283.75		0.612439
283.875		0.612439
284		0.612439
284.125		0.61673
284.25		0.61673
284.375		0.61673
284.5		0.61673
284.625		0.61673
284.75		0.61673
284.875		0.61673
285		0.61673
285.125		0.618711
285.25		0.618711
285.375		0.618711
285.5		0.618711
285.625		0.618711
285.75		0.618711
285.875		0.618711
286		0.618711
286.125		0.618975
286.25		0.618975
286.375		0.618975
286.5		0.618975
286.625		0.618975
286.75		0.618975
286.875		0.618975
287		0.618975
287.125		0.623993
287.25		0.623993
287.375		0.623993
287.5		0.623993
287.625		0.623993
287.75		0.623993
287.875		0.623993
288		0.623993
288.125		0.624257
288.25		0.624257
288.375		0.624257
288.5		0.624257
288.625		0.624257
288.75		0.624257
288.875		0.624257
289		0.624257
289.125		0.62637
289.25		0.62637
289.375		0.62637
289.5		0.62637
289.625		0.62637
289.75		0.62637
289.875		0.62637
290		0.62637
290.125		0.6267
290.25		0.6267
290.375		0.6267
290.5		0.6267
290.625		0.6267
290.75		0.6267
290.875		0.6267
291		0.6267
291.125		0.630728
291.25		0.630728
291.375		0.630728
291.5		0.630728
291.625		0.630728
291.75		0.630728
291.875		0.630728
292		0.630728
292.125		0.63152
292.25		0.63152
292.375		0.63152
292.5		0.63152
292.625		0.63152
292.75		0.63152
292.875		0.63152
293		0.63152
293.125		0.634887
293.25		0.634887
293.375		0.634887
293.5		0.634887
293.625		0.634887
293.75		0.634887
293.875		0.634887
294		0.634887
294.125		0.63634
294.25		0.63634
294.375		0.63634
294.5		0.63634
294.625		0.63634
294.75		0.63634
294.875		0.63634
295		0.63634
295.125		0.636802
295.25		0.636802
295.375		0.636802
295.5		0.636802
295.625		0.636802
295.75		0.636802
295.875		0.636802
296		0.636802
296.125		0.642216
296.25		0.642216
296.375		0.642216
296.5		0.642216
296.625		0.642216
296.75		0.642216
296.875		0.642216
297		0.642216
297.125		0.644329
297.25		0.644329
297.375		0.644329
297.5		0.644329
297.625		0.644329
297.75		0.644329
297.875		0.644329
298		0.644329
298.125		0.647432
298.25		0.647432
298.375		0.647432
298.5		0.647432
298.625		0.647432
298.75		0.647432
298.875		0.647432
299		0.647432
299.125		0.649412
299.25		0.649412
299.375		0.649412
299.5		0.649412
299.625		0.649412
299.75		0.649412
299.875		0.649412
300		0.649412
300.125		0.649743
300.25		0.649743
300.375		0.649743
300.5		0.649743
300.625		0.649743
300.75		0.649743
300.875		0.649743
301		0.649743
301.125		0.653374
301.25		0.653374
301.375		0.653374
301.5		0.653374
301.625		0.653374
301.75		0.653374
301.875		0.653374
302		0.653374
302.125		0.655553
302.25		0.655553
302.375		0.655553
302.5		0.655553
302.625		0.655553
302.75		0.655553
302.875		0.655553
303		0.655553
303.125		0.657533
303.25		0.657533
303.375		0.657533
303.5		0.657533
303.625		0.657533
303.75		0.657533
303.875		0.657533
304		0.657533
304.125		0.65826
304.25		0.65826
304.375		0.65826
304.5		0.65826
304.625		0.65826
304.75		0.65826
304.875		0.65826
305		0.65826
305.125		0.661495
305.25		0.661495
305.375		0.661495
305.5		0.661495
305.625		0.661495
305.75		0.661495
305.875		0.661495
306		0.661495
306.125		0.666645
306.25		0.666645
306.375		0.666645
306.5		0.666645
306.625		0.666645
306.75		0.666645
306.875		0.666645
307		0.666645
307.125		0.668361
307.25		0.668361
307.375		0.668361
307.5		0.668361
307.625		0.668361
307.75		0.668361
307.875		0.668361
308		0.668361
308.125		0.668361
308.25		0.668361
308.375		0.668361
308.5		0.668361
308.625		0.668361
308.75		0.668361
308.875		0.668361
309		0.668361
309.125		0.670408
309.25		0.670408
309.375		0.670408
309.5		0.670408
309.625		0.670408
309.75		0.670408
309.875		0.670408
310		0.670408
310.125		0.674898
310.25		0.674898
310.375		0.674898
310.5		0.674898
310.625		0.674898
310.75		0.674898
310.875		0.674898
311		0.674898
311.125		0.676944
311.25		0.676944
311.375		0.676944
311.5		0.676944
311.625		0.676944
311.75		0.676944
311.875		0.676944
312		0.676944
312.125		0.678463
312.25		0.678463
312.375		0.678463
312.5		0.678463
312.625		0.678463
312.75		0.678463
312.875		0.678463
313		0.678463
313.125		0.680906
313.25		0.680906
313.375		0.680906
313.5		0.680906
313.625		0.680906
313.75		0.680906
313.875		0.680906
314		0.680906
314.125		0.684735
314.25		0.684735
314.375		0.684735
314.5		0.684735
314.625		0.684735
314.75		0.684735
314.875		0.684735
315		0.684735
315.125		0.685462
315.25		0.685462
315.375		0.685462
315.5		0.685462
315.625		0.685462
315.75		0.685462
315.875		0.685462
316		0.685462
316.125		0.68665
316.25		0.68665
316.375		0.68665
316.5		0.68665
316.625		0.68665
316.75		0.68665
316.875		0.68665
317		0.68665
317.125		0.687904
317.25		0.687904
317.375		0.687904
317.5		0.687904
317.625		0.687904
317.75		0.687904
317.875		0.687904
318		0.687904
318.125		0.690677
318.25		0.690677
318.375		0.690677
318.5		0.690677
318.625		0.690677
318.75		0.690677
318.875		0.690677
319		0.690677
319.125		0.695827
319.25		0.695827
319.375		0.695827
319.5		0.695827
319.625		0.695827
319.75		0.695827
319.875		0.695827
320		0.695827
320.125		0.696421
320.25		0.696421
320.375		0.696421
320.5		0.696421
320.625		0.696421
320.75		0.696421
320.875		0.696421
321		0.696421
321.125		0.697082
321.25		0.697082
321.375		0.697082
321.5		0.697082
321.625		0.697082
321.75		0.697082
321.875		0.697082
322		0.697082
322.125		0.69827
322.25		0.69827
322.375		0.69827
322.5		0.69827
322.625		0.69827
322.75		0.69827
322.875		0.69827
323		0.69827
323.125		0.702496
323.25		0.702496
323.375		0.702496
323.5		0.702496
323.625		0.702496
323.75		0.702496
323.875		0.702496
324		0.702496
324.125		0.704344
324.25		0.704344
324.375		0.704344
324.5		0.704344
324.625		0.704344
324.75		0.704344
324.875		0.704344
325		0.704344
325.125		0.708636
325.25		0.708636
325.375		0.708636
325.5		0.708636
325.625		0.708636
325.75		0.708636
325.875		0.708636
326		0.708636
326.125		0.709956
326.25		0.709956
326.375		0.709956
326.5		0.709956
326.625		0.709956
326.75		0.709956
326.875		0.709956
327		0.709956
327.125		0.712201
327.25		0.712201
327.375		0.712201
327.5		0.712201
327.625		0.712201
327.75		0.712201
327.875		0.712201
328		0.712201
328.125		0.71372
328.25		0.71372
328.375		0.71372
328.5		0.71372
328.625		0.71372
328.75		0.71372
328.875		0.71372
329		0.71372
329.125		0.717549
329.25		0.717549
329.375		0.717549
329.5		0.717549
329.625		0.717549
329.75		0.717549
329.875		0.717549
330		0.717549
330.125		0.717813
330.25		0.717813
330.375		0.717813
330.5		0.717813
330.625		0.717813
330.75		0.717813
330.875		0.717813
331		0.717813
331.125		0.722897
331.25		0.722897
331.375		0.722897
331.5		0.722897
331.625		0.722897
331.75		0.722897
331.875		0.722897
332		0.722897
332.125		0.726198
332.25		0.726198
332.375		0.726198
332.5		0.726198
332.625		0.726198
332.75		0.726198
332.875		0.726198
333		0.726198
333.125		0.726991
333.25		0.726991
333.375		0.726991
333.5		0.726991
333.625		0.726991
333.75		0.726991
333.875		0.726991
334		0.726991
334.125		0.727453
334.25		0.727453
334.375		0.727453
334.5		0.727453
334.625		0.727453
334.75		0.727453
334.875		0.727453
335		0.727453
335.125		0.730688
335.25		0.730688
335.375		0.730688
335.5		0.730688
335.625		0.730688
335.75		0.730688
335.875		0.730688
336		0.730688
336.125		0.734253
336.25		0.734253
336.375		0.734253
336.5		0.734253
336.625		0.734253
336.75		0.734253
336.875		0.734253
337		0.734253
337.125		0.736432
337.25		0.736432
337.375		0.736432
337.5		0.736432
337.625		0.736432
337.75		0.736432
337.875		0.736432
338		0.736432
338.125		0.739997
338.25		0.739997
338.375		0.739997
338.5		0.739997
338.625		0.739997
338.75		0.739997
338.875		0.739997
339		0.739997
339.125		0.740394
339.25		0.740394
339.375		0.740394
339.5		0.740394
339.625		0.740394
339.75		0.740394
339.875		0.740394
340		0.740394
340.125		0.743365
340.25		0.743365
340.375		0.743365
340.5		0.743365
340.625		0.743365
340.75		0.743365
340.875		0.743365
341		0.743365
341.125		0.746204
341.25		0.746204
341.375		0.746204
341.5		0.746204
341.625		0.746204
341.75		0.746204
341.875		0.746204
342		0.746204
342.125		0.748118
342.25		0.748118
342.375		0.748118
342.5		0.748118
342.625		0.748118
342.75		0.748118
342.875		0.748118
343		0.748118
343.125		0.748713
343.25		0.748713
343.375		0.748713
343.5		0.748713
343.625		0.748713
343.75		0.748713
343.875		0.748713
344		0.748713
344.125		0.754985
344.25		0.754985
344.375		0.754985
344.5		0.754985
344.625		0.754985
344.75		0.754985
344.875		0.754985
345		0.754985
345.125		0.755909
345.25		0.755909
345.375		0.755909
345.5		0.755909
345.625		0.755909
345.75		0.755909
345.875		0.755909
346		0.755909
346.125		0.75822
346.25		0.75822
346.375		0.75822
346.5		0.75822
346.625		0.75822
346.75		0.75822
346.875		0.75822
347		0.75822
347.125		0.760201
347.25		0.760201
347.375		0.760201
347.5		0.760201
347.625		0.760201
347.75		0.760201
347.875		0.760201
348		0.760201
348.125		0.764888
348.25		0.764888
348.375		0.764888
348.5		0.764888
348.625		0.764888
348.75		0.764888
348.875		0.764888
349		0.764888
349.125		0.766605
349.25		0.766605
349.375		0.766605
349.5		0.766605
349.625		0.766605
349.75		0.766605
349.875		0.766605
350		0.766605
350.125		0.768256
350.25		0.768256
350.375		0.768256
350.5		0.768256
350.625		0.768256
350.75		0.768256
350.875		0.768256
351		0.768256
351.125		0.773141
351.25		0.773141
351.375		0.773141
351.5		0.773141
351.625		0.773141
351.75		0.773141
351.875		0.773141
352		0.773141
352.125		0.774198
352.25		0.774198
352.375		0.774198
352.5		0.774198
352.625		0.774198
352.75		0.774198
352.875		0.774198
353		0.774198
353.125		0.77948
353.25		0.77948
353.375		0.77948
353.5		0.77948
353.625		0.77948
353.75		0.77948
353.875		0.77948
354		0.77948
354.125		0.779612
354.25		0.779612
354.375		0.779612
354.5		0.779612
354.625		0.779612
354.75		0.779612
354.875		0.779612
355		0.779612
355.125		0.780074
355.25		0.780074
355.375		0.780074
355.5		0.780074
355.625		0.780074
355.75		0.780074
355.875		0.780074
356		0.780074
356.125		0.78047
356.25		0.78047
356.375		0.78047
356.5		0.78047
356.625		0.78047
356.75		0.78047
356.875		0.78047
357		0.78047
357.125		0.782121
357.25		0.782121
357.375		0.782121
357.5		0.782121
357.625		0.782121
357.75		0.782121
357.875		0.782121
358		0.782121
358.125		0.787535
358.25		0.787535
358.375		0.787535
358.5		0.787535
358.625		0.787535
358.75		0.787535
358.875		0.787535
359		0.787535
359.125		0.788723
359.25		0.788723
359.375		0.788723
359.5		0.788723
359.625		0.788723
359.75		0.788723
359.875		0.788723
360		0.788723
360.125		0.789846
360.25		0.789846
360.375		0.789846
360.5		0.789846
360.625		0.789846
360.75		0.789846
360.875		0.789846
361		0.789846
361.125		0.79176
361.25		0.79176
361.375		0.79176
361.5		0.79176
361.625		0.79176
361.75		0.79176
361.875		0.79176
362		0.79176
362.125		0.793807
362.25		0.793807
362.375		0.793807
362.5		0.793807
362.625		0.793807
362.75		0.793807
362.875		0.793807
363		0.793807
363.125		0.798165
363.25		0.798165
363.375		0.798165
363.5		0.798165
363.625		0.798165
363.75		0.798165
363.875		0.798165
364		0.798165
364.125		0.800211
364.25		0.800211
364.375		0.800211
364.5		0.800211
364.625		0.800211
364.75		0.800211
364.875		0.800211
365		0.800211
365.125		0.803512
365.25		0.803512
365.375		0.803512
365.5		0.803512
365.625		0.803512
365.75		0.803512
365.875		0.803512
366		0.803512
366.125		0.803975
366.25		0.803975
366.375		0.803975
366.5		0.803975
366.625		0.803975
366.75		0.803975
366.875		0.803975
367		0.803975
367.125		0.804371
367.25		0.804371
367.375		0.804371
367.5		0.804371
367.625		0.804371
367.75		0.804371
367.875		0.804371
368		0.804371
368.125		0.810181
368.25		0.810181
368.375		0.810181
368.5		0.810181
368.625		0.810181
368.75		0.810181
368.875		0.810181
369		0.810181
369.125		0.81236
369.25		0.81236
369.375		0.81236
369.5		0.81236
369.625		0.81236
369.75		0.81236
369.875		0.81236
370		0.81236
370.125		0.814142
370.25		0.814142
370.375		0.814142
370.5		0.814142
370.625		0.814142
370.75		0.814142
370.875		0.814142
371		0.814142
371.125		0.815463
371.25		0.815463
371.375		0.815463
371.5		0.815463
371.625		0.815463
371.75		0.815463
371.875		0.815463
372		0.815463
372.125		0.818764
372.25		0.818764
372.375		0.818764
372.5		0.818764
372.625		0.818764
372.75		0.818764
372.875		0.818764
373		0.818764
373.125		0.820679
373.25		0.820679
373.375		0.820679
373.5		0.820679
373.625		0.820679
373.75		0.820679
373.875		0.820679
374		0.820679
374.125		0.822329
374.25		0.822329
374.375		0.822329
374.5		0.822329
374.625		0.822329
374.75		0.822329
374.875		0.822329
375		0.822329
375.125		0.822725
375.25		0.822725
375.375		0.822725
375.5		0.822725
375.625		0.822725
375.75		0.822725
375.875		0.822725
376		0.822725
376.125		0.827083
376.25		0.827083
376.375		0.827083
376.5		0.827083
376.625		0.827083
376.75		0.827083
376.875		0.827083
377		0.827083
377.125		0.827875
377.25		0.827875
377.375		0.827875
377.5		0.827875
377.625		0.827875
377.75		0.827875
377.875		0.827875
378		0.827875
378.125		0.828998
378.25		0.828998
378.375		0.828998
378.5		0.828998
378.625		0.828998
378.75		0.828998
378.875		0.828998
379		0.828998
379.125		0.829724
379.25		0.829724
379.375		0.829724
379.5		0.829724
379.625		0.829724
379.75		0.829724
379.875		0.829724
380		0.829724
380.125		0.834874
380.25		0.834874
380.375		0.834874
380.5		0.834874
380.625		0.834874
380.75		0.834874
380.875		0.834874
381		0.834874
381.125		0.836458
381.25		0.836458
381.375		0.836458
381.5		0.836458
381.625		0.836458
381.75		0.836458
381.875		0.836458
382		0.836458
382.125		0.837911
382.25		0.837911
382.375		0.837911
382.5		0.837911
382.625		0.837911
382.75		0.837911
382.875		0.837911
383		0.837911
383.125		0.837977
383.25		0.837977
383.375		0.837977
383.5		0.837977
383.625		0.837977
383.75		0.837977
383.875		0.837977
384		0.837977
384.125		0.842929
384.25		0.842929
384.375		0.842929
384.5		0.842929
384.625		0.842929
384.75		0.842929
384.875		0.842929
385		0.842929
385.125		0.846098
385.25		0.846098
385.375		0.846098
385.5		0.846098
385.625		0.846098
385.75		0.846098
385.875		0.846098
386		0.846098
386.125		0.846956
386.25		0.846956
386.375		0.846956
386.5		0.846956
386.625		0.846956
386.75		0.846956
386.875		0.846956
387		0.846956
387.125		0.847352
387.25		0.847352
387.375		0.847352
387.5		0.847352
387.625		0.847352
387.75		0.847352
387.875		0.847352
388		0.847352
388.125		0.851908
388.25		0.851908
388.375		0.851908
388.5		0.851908
388.625		0.851908
388.75		0.851908
388.875		0.851908
389		0.851908
389.125		0.854219
389.25		0.854219
389.375		0.854219
389.5		0.854219
389.625		0.854219
389.75		0.854219
389.875		0.854219
390		0.854219
390.125		0.854681
390.25		0.854681
390.375		0.854681
390.5		0.854681
390.625		0.854681
390.75		0.854681
390.875		0.854681
391		0.854681
391.125		0.861944
391.25		0.861944
391.375		0.861944
391.5		0.861944
391.625		0.861944
391.75		0.861944
391.875		0.861944
392		0.861944
392.125		0.862142
392.25		0.862142
392.375		0.862142
392.5		0.862142
392.625		0.862142
392.75		0.862142
392.875		0.862142
393		0.862142
393.125		0.862868
393.25		0.862868
393.375		0.862868
393.5		0.862868
393.625		0.862868
393.75		0.862868
393.875		0.862868
394		0.862868
394.125		0.867358
394.25		0.867358
394.375		0.867358
394.5		0.867358
394.625		0.867358
394.75		0.867358
394.875		0.867358
395		0.867358
395.125		0.867556
395.25		0.867556
395.375		0.867556
395.5		0.867556
395.625		0.867556
395.75		0.867556
395.875		0.867556
396		0.867556
396.125		0.868612
396.25		0.868612
396.375		0.868612
396.5		0.868612
396.625		0.868612
396.75		0.868612
396.875		0.868612
397		0.868612
397.125		0.872838
397.25		0.872838
397.375		0.872838
397.5		0.872838
397.625		0.872838
397.75		0.872838
397.875		0.872838
398		0.872838
398.125		0.875545
398.25		0.875545
398.375		0.875545
398.5		0.875545
398.625		0.875545
398.75		0.875545
398.875		0.875545
399		0.875545
399.125		0.877723
399.25		0.877723
399.375		0.877723
399.5		0.877723
399.625		0.877723
399.75		0.877723
399.875		0.877723
400		0.877723
400.125		0.878912
400.25		0.878912
400.375		0.878912
400.5		0.878912
400.625		0.878912
400.75		0.878912
400.875		0.878912
401		0.878912
401.125		0.87977
401.25		0.87977
401.375		0.87977
401.5		0.87977
401.625		0.87977
401.75		0.87977
401.875		0.87977
402		0.87977
402.125		0.883203
402.25		0.883203
402.375		0.883203
402.5		0.883203
402.625		0.883203
402.75		0.883203
402.875		0.883203
403		0.883203
403.125		0.886571
403.25		0.886571
403.375		0.886571
403.5		0.886571
403.625		0.886571
403.75		0.886571
403.875		0.886571
404		0.886571
404.125		0.889014
404.25		0.889014
404.375		0.889014
404.5		0.889014
404.625		0.889014
404.75		0.889014
404.875		0.889014
405		0.889014
405.125		0.88941
405.25		0.88941
405.375		0.88941
405.5		0.88941
405.625		0.88941
405.75		0.88941
405.875		0.88941
406		0.88941
406.125		0.894229
406.25		0.894229
406.375		0.894229
406.5		0.894229
406.625		0.894229
406.75		0.894229
406.875		0.894229
407		0.894229
407.125		0.895682
407.25		0.895682
407.375		0.895682
407.5		0.895682
407.625		0.895682
407.75		0.895682
407.875		0.895682
408		0.895682
408.125		0.89654
408.25		0.89654
408.375		0.89654
408.5		0.89654
408.625		0.89654
408.75		0.89654
408.875		0.89654
409		0.89654
409.125		0.898719
409.25		0.898719
409.375		0.898719
409.5		0.898719
409.625		0.898719
409.75		0.898719
409.875		0.898719
410		0.898719
410.125		0.90202
410.25		0.90202
410.375		0.90202
410.5		0.90202
410.625		0.90202
410.75		0.90202
410.875		0.90202
411		0.90202
411.125		0.905189
411.25		0.905189
411.375		0.905189
411.5		0.905189
411.625		0.905189
411.75		0.905189
411.875		0.905189
412		0.905189
412.125		0.907104
412.25		0.907104
412.375		0.907104
412.5		0.907104
412.625		0.907104
412.75		0.907104
412.875		0.907104
413		0.907104
413.125		0.908557
413.25		0.908557
413.375		0.908557
413.5		0.908557
413.625		0.908557
413.75		0.908557
413.875		0.908557
414		0.908557
414.125		0.912914
414.25		0.912914
414.375		0.912914
414.5		0.912914
414.625		0.912914
414.75		0.912914
414.875		0.912914
415		0.912914
415.125		0.913244
415.25		0.913244
415.375		0.913244
415.5		0.913244
415.625		0.913244
415.75		0.913244
415.875		0.913244
416		0.913244
416.125		0.914367
416.25		0.914367
416.375		0.914367
416.5		0.914367
416.625		0.914367
416.75		0.914367
416.875		0.914367
417		0.914367
417.125		0.919649
417.25		0.919649
417.375		0.919649
417.5		0.919649
417.625		0.919649
417.75		0.919649
417.875		0.919649
418		0.919649
418.125		0.922554
418.25		0.922554
418.375		0.922554
418.5		0.922554
418.625		0.922554
418.75		0.922554
418.875		0.922554
419		0.922554
419.125		0.924667
419.25		0.924667
419.375		0.924667
419.5		0.924667
419.625		0.924667
419.75		0.924667
419.875		0.924667
420		0.924667
420.125		0.925327
420.25		0.925327
420.375		0.925327
420.5		0.925327
420.625		0.925327
420.75		0.925327
420.875		0.925327
421		0.925327
421.125		0.925591
421.25		0.925591
421.375		0.925591
421.5		0.925591
421.625		0.925591
421.75		0.925591
421.875		0.925591
422		0.925591
422.125		0.928166
422.25		0.928166
422.375		0.928166
422.5		0.928166
422.625		0.928166
422.75		0.928166
422.875		0.928166
423		0.928166
423.125		0.931731
423.25		0.931731
423.375		0.931731
423.5		0.931731
423.625		0.931731
423.75		0.931731
423.875		0.931731
424		0.931731
424.125		0.9349
424.25		0.9349
424.375		0.9349
424.5		0.9349
424.625		0.9349
424.75		0.9349
424.875		0.9349
425		0.9349
425.125		0.936221
425.25		0.936221
425.375		0.936221
425.5		0.936221
425.625		0.936221
425.75		0.936221
425.875		0.936221
426		0.936221
426.125		0.936683
426.25		0.936683
426.375		0.936683
426.5		0.936683
426.625		0.936683
426.75		0.936683
426.875		0.936683
427		0.936683
427.125		0.937277
427.25		0.937277
427.375		0.937277
427.5		0.937277
427.625		0.937277
427.75		0.937277
427.875		0.937277
428		0.937277
428.125		0.943351
428.25		0.943351
428.375		0.943351
428.5		0.943351
428.625		0.943351
428.75		0.943351
428.875		0.943351
429		0.943351
429.125		0.946124
429.25		0.946124
429.375		0.946124
429.5		0.946124
429.625		0.946124
429.75		0.946124
429.875		0.946124
430		0.946124
430.125		0.947643
430.25		0.947643
430.375		0.947643
430.5		0.947643
430.625		0.947643
430.75		0.947643
430.875		0.947643
431		0.947643
431.125		0.948303
431.25		0.948303
431.375		0.948303
431.5		0.948303
431.625		0.948303
431.75		0.948303
431.875		0.948303
432		0.948303
432.125		0.952925
432.25		0.952925
432.375		0.952925
432.5		0.952925
432.625		0.952925
432.75		0.952925
432.875		0.952925
433		0.952925
433.125		0.953189
433.25		0.953189
433.375		0.953189
433.5		0.953189
433.625		0.953189
433.75		0.953189
433.875		0.953189
434		0.953189
434.125		0.953783
434.25		0.953783
434.375		0.953783
434.5		0.953783
434.625		0.953783
434.75		0.953783
434.875		0.953783
435		0.953783
435.125		0.955566
435.25		0.955566
435.375		0.955566
435.5		0.955566
435.625		0.955566
435.75		0.955566
435.875		0.955566
436		0.955566
436.125		0.96131
436.25		0.96131
436.375		0.96131
436.5		0.96131
436.625		0.96131
436.75		0.96131
436.875		0.96131
437		0.96131
437.125		0.963423
437.25		0.963423
437.375		0.963423
437.5		0.963423
437.625		0.963423
437.75		0.963423
437.875		0.963423
438		0.963423
438.125		0.964347
438.25		0.964347
438.375		0.964347
438.5		0.964347
438.625		0.964347
438.75		0.964347
438.875		0.964347
439		0.964347
439.125		0.965535
439.25		0.965535
439.375		0.965535
439.5		0.965535
439.625		0.965535
439.75		0.965535
439.875		0.965535
440		0.965535
440.125		0.9658
440.25		0.9658
440.375		0.9658
440.5		0.9658
440.625		0.9658
440.75		0.9658
440.875		0.9658
441		0.9658
441.125		0.967054
441.25		0.967054
441.375		0.967054
441.5		0.967054
441.625		0.967054
441.75		0.967054
441.875		0.967054
442		0.967054
442.125		0.968903
442.25		0.968903
442.375		0.968903
442.5		0.968903
442.625		0.968903
442.75		0.968903
442.875		0.968903
443		0.968903
443.125		0.973392
443.25		0.973392
443.375		0.973392
443.5		0.973392
443.625		0.973392
443.75		0.973392
443.875		0.973392
444		0.973392
444.125		0.974977
444.25		0.974977
444.375		0.974977
444.5		0.974977
444.625		0.974977
444.75		0.974977
444.875		0.974977
445		0.974977
445.125		0.976033
445.25		0.976033
445.375		0.976033
445.5		0.976033
445.625		0.976033
445.75		0.976033
445.875		0.976033
446		0.976033
446.125		0.981579
446.25		0.981579
446.375		0.981579
446.5		0.981579
446.625		0.981579
446.75		0.981579
446.875		0.981579
447		0.981579
447.125		0.98224
447.25		0.98224
447.375		0.98224
447.5		0.98224
447.625		0.98224
447.75		0.98224
447.875		0.98224
448		0.98224
448.125		0.986333
448.25		0.986333
448.375		0.986333
448.5		0.986333
448.625		0.986333
448.75		0.986333
448.875		0.986333
449		0.986333
449.125		0.986729
449.25		0.986729
449.375		0.986729
449.5		0.986729
449.625		0.986729
449.75		0.986729
449.875		0.986729
450		0.986729
450.125		0.9932
450.25		0.9932
450.375		0.9932
450.5		0.9932
450.625		0.9932
450.75		0.9932
450.875		0.9932
451		0.9932
451.125		0.993596
451.25		0.993596
451.375		0.993596
451.5		0.993596
451.625		0.993596
451.75		0.993596
451.875		0.993596
452		0.993596
452.125		0.99386
452.25		0.99386
452.375		0.99386
452.5		0.99386
452.625		0.99386
452.75		0.99386
452.875		0.99386
453		0.99386
453.125		0.996237
453.25		0.996237
453.375		0.996237
453.5		0.996237
453.625		0.996237
453.75		0.996237
453.875		0.996237
454		0.996237
454.125		0.999868
454.25		0.999868
454.375		0.999868
454.5		0.999868
454.625		0.999868
454.75		0.999868
454.875		0.999868
455		0.999868
455.125		0.999934
455.25		0.999934
455.375		0.999934
455.5		0.999934
455.625		0.999934
455.75		0.999934
455.875		0.999934
456		0.999934
456.125		1
456.25		1
456.375		1
456.5		1
456.625		1
456.75		1
456.875		1
457		1
457.125		1
457.25		1
457.375		1
457.5		1
457.625		1
457.75		1
457.875		1
458		1
458.125		1
458.25		1
458.375		1
458.5		1
458.625		1
458.75		1
458.875		1
459		1
459.125		1
459.25		1
459.375		1
459.5		1
459.625		1
459.75		1
459.875		1
460		1
460.125		1
460.25		1
460.375		1
460.5		1
460.625		1
460.75		1
460.875		1
461		1
461.125		1
461.25		1
461.375		1
461.5		1
461.625		1
461.75		1
461.875		1
462		1
462.125		1
462.25		1
462.375		1
462.5		1
462.625		1
462.75		1
462.875		1
463		1
463.125		1
463.25		1
463.375		1
463.5		1
463.625		1
463.75		1
463.875		1
464		1
464.125		1
464.25		1
464.375		1
464.5		1
464.625		1
464.75		1
464.875		1
465		1
465.125		1
465.25		1
465.375		1
465.5		1
465.625		1
465.75		1
465.875		1
466		1
466.125		1
466.25		1
466.375		1
466.5		1
466.625		1
466.75		1
466.875		1
467		1
467.125		1
467.25		1
467.375		1
467.5		1
467.625		1
467.75		1
467.875		1
468		1
468.125		1
468.25		1
468.375		1
468.5		1
468.625		1
468.75		1
468.875		1
469		1
469.125		1
469.25		1
469.375		1
469.5		1
469.625		1
469.75		1
469.875		1
470		1
470.125		1
470.25		1
470.375		1
470.5		1
470.625		1
470.75		1
470.875		1
471		1
471.125		1
471.25		1
471.375		1
471.5		1
471.625		1
471.75		1
471.875		1
472		1
472.125		1
472.25		1
472.375		1
472.5		1
472.625		1
472.75		1
472.875		1
473		1
473.125		1
473.25		1
473.375		1
473.5		1
473.625		1
473.75		1
473.875		1
474		1
474.125		1
474.25		1
474.375		1
474.5		1
474.625		1
474.75		1
474.875		1
475		1
475.125		1
475.25		1
475.375		1
475.5		1
475.625		1
475.75		1
475.875		1
476		1
476.125		1
476.25		1
476.375		1
476.5		1
476.625		1
476.75		1
476.875		1
477		1
477.125		1
477.25		1
477.375		1
477.5		1
477.625		1
477.75		1
477.875		1
478		1
478.125		1
478.25		1
478.375		1
478.5		1
478.625		1
478.75		1
478.875		1
479		1
479.125		1
479.25		1
479.375		1
479.5		1
479.625		1
479.75		1
479.875		1
480		1
480.125		1
480.25		1
480.375		1
480.5		1
480.625		1
480.75		1
480.875		1
481		1
481.125		1
481.25		1
481.375		1
481.5		1
481.625		1
481.75		1
481.875		1
482		1
482.125		1
482.25		1
482.375		1
482.5		1
482.625		1
482.75		1
482.875		1
483		1
483.125		1
483.25		1
483.375		1
483.5		1
483.625		1
483.75		1
483.875		1
484		1
484.125		1
484.25		1
484.375		1
484.5		1
484.625		1
484.75		1
484.875		1
485		1
485.125		1
485.25		1
485.375		1
485.5		1
485.625		1
485.75		1
485.875		1
486		1
486.125		1
486.25		1
486.375		1
486.5		1
486.625		1
486.75		1
486.875		1
487		1
487.125		1
487.25		1
487.375		1
487.5		1
487.625		1
487.75		1
487.875		1
488		1
488.125		1
488.25		1
488.375		1
488.5		1
488.625		1
488.75		1
488.875		1
489		1
489.125		1
489.25		1
489.375		1
489.5		1
489.625		1
489.75		1
489.875		1
490		1
490.125		1
490.25		1
490.375		1
490.5		1
490.625		1
490.75		1
490.875		1
491		1
491.125		1
491.25		1
491.375		1
491.5		1
491.625		1
491.75		1
491.875		1
492		1
492.125		1
492.25		1
492.375		1
492.5		1
492.625		1
492.75		1
492.875		1
493		1
493.125		1
493.25		1
493.375		1
493.5		1
493.625		1
493.75		1
493.875		1
494		1
494.125		1
494.25		1
494.375		1
494.5		1
494.625		1
494.75		1
494.875		1
495		1
495.125		1
495.25		1
495.375		1
495.5		1
495.625		1
495.75		1
495.875		1
496		1
496.125		1
496.25		1
496.375		1
496.5		1
496.625		1
496.75		1
496.875		1
497		1
497.125		1
497.25		1
497.375		1
497.5		1
497.625		1
497.75		1
497.875		1
498		1
498.125		1
498.25		1
498.375		1
498.5		1
498.625		1
498.75		1
498.875		1
499		1
499.125		1
499.25		1
499.375		1
499.5		1
499.625		1
499.75		1
499.875		1
500		1
