# Calibration file of tamex_id 0 @ channel 7
# fine_T bin		 Calibration value
0.125		0
0.25		0
0.375		0
0.5		0
0.625		0
0.75		0
0.875		0
1		0
1.125		0
1.25		0
1.375		0
1.5		0
1.625		0
1.75		0
1.875		0
2		0
2.125		0
2.25		0
2.375		0
2.5		0
2.625		0
2.75		0
2.875		0
3		0
3.125		0
3.25		0
3.375		0
3.5		0
3.625		0
3.75		0
3.875		0
4		0
4.125		0
4.25		0
4.375		0
4.5		0
4.625		0
4.75		0
4.875		0
5		0
5.125		0
5.25		0
5.375		0
5.5		0
5.625		0
5.75		0
5.875		0
6		0
6.125		0
6.25		0
6.375		0
6.5		0
6.625		0
6.75		0
6.875		0
7		0
7.125		0
7.25		0
7.375		0
7.5		0
7.625		0
7.75		0
7.875		0
8		0
8.125		0
8.25		0
8.375		0
8.5		0
8.625		0
8.75		0
8.875		0
9		0
9.125		0
9.25		0
9.375		0
9.5		0
9.625		0
9.75		0
9.875		0
10		0
10.125		0
10.25		0
10.375		0
10.5		0
10.625		0
10.75		0
10.875		0
11		0
11.125		0
11.25		0
11.375		0
11.5		0
11.625		0
11.75		0
11.875		0
12		0
12.125		0
12.25		0
12.375		0
12.5		0
12.625		0
12.75		0
12.875		0
13		0
13.125		0
13.25		0
13.375		0
13.5		0
13.625		0
13.75		0
13.875		0
14		0
14.125		0
14.25		0
14.375		0
14.5		0
14.625		0
14.75		0
14.875		0
15		0
15.125		0
15.25		0
15.375		0
15.5		0
15.625		0
15.75		0
15.875		0
16		0
16.125		0
16.25		0
16.375		0
16.5		0
16.625		0
16.75		0
16.875		0
17		0
17.125		64.7249
17.25		64.7249
17.375		64.7249
17.5		64.7249
17.625		64.7249
17.75		64.7249
17.875		64.7249
18		64.7249
18.125		72.8155
18.25		72.8155
18.375		72.8155
18.5		72.8155
18.625		72.8155
18.75		72.8155
18.875		72.8155
19		72.8155
19.125		72.8155
19.25		72.8155
19.375		72.8155
19.5		72.8155
19.625		72.8155
19.75		72.8155
19.875		72.8155
20		72.8155
20.125		97.0874
20.25		97.0874
20.375		97.0874
20.5		97.0874
20.625		97.0874
20.75		97.0874
20.875		97.0874
21		97.0874
21.125		117.314
21.25		117.314
21.375		117.314
21.5		117.314
21.625		117.314
21.75		117.314
21.875		117.314
22		117.314
22.125		121.359
22.25		121.359
22.375		121.359
22.5		121.359
22.625		121.359
22.75		121.359
22.875		121.359
23		121.359
23.125		121.359
23.25		121.359
23.375		121.359
23.5		121.359
23.625		121.359
23.75		121.359
23.875		121.359
24		121.359
24.125		137.54
24.25		137.54
24.375		137.54
24.5		137.54
24.625		137.54
24.75		137.54
24.875		137.54
25		137.54
25.125		145.631
25.25		145.631
25.375		145.631
25.5		145.631
25.625		145.631
25.75		145.631
25.875		145.631
26		145.631
26.125		149.676
26.25		149.676
26.375		149.676
26.5		149.676
26.625		149.676
26.75		149.676
26.875		149.676
27		149.676
27.125		157.767
27.25		157.767
27.375		157.767
27.5		157.767
27.625		157.767
27.75		157.767
27.875		157.767
28		157.767
28.125		161.812
28.25		161.812
28.375		161.812
28.5		161.812
28.625		161.812
28.75		161.812
28.875		161.812
29		161.812
29.125		165.858
29.25		165.858
29.375		165.858
29.5		165.858
29.625		165.858
29.75		165.858
29.875		165.858
30		165.858
30.125		165.858
30.25		165.858
30.375		165.858
30.5		165.858
30.625		165.858
30.75		165.858
30.875		165.858
31		165.858
31.125		194.175
31.25		194.175
31.375		194.175
31.5		194.175
31.625		194.175
31.75		194.175
31.875		194.175
32		194.175
32.125		194.175
32.25		194.175
32.375		194.175
32.5		194.175
32.625		194.175
32.75		194.175
32.875		194.175
33		194.175
33.125		198.22
33.25		198.22
33.375		198.22
33.5		198.22
33.625		198.22
33.75		198.22
33.875		198.22
34		198.22
34.125		206.311
34.25		206.311
34.375		206.311
34.5		206.311
34.625		206.311
34.75		206.311
34.875		206.311
35		206.311
35.125		214.401
35.25		214.401
35.375		214.401
35.5		214.401
35.625		214.401
35.75		214.401
35.875		214.401
36		214.401
36.125		230.583
36.25		230.583
36.375		230.583
36.5		230.583
36.625		230.583
36.75		230.583
36.875		230.583
37		230.583
37.125		238.673
37.25		238.673
37.375		238.673
37.5		238.673
37.625		238.673
37.75		238.673
37.875		238.673
38		238.673
38.125		258.9
38.25		258.9
38.375		258.9
38.5		258.9
38.625		258.9
38.75		258.9
38.875		258.9
39		258.9
39.125		266.99
39.25		266.99
39.375		266.99
39.5		266.99
39.625		266.99
39.75		266.99
39.875		266.99
40		266.99
40.125		266.99
40.25		266.99
40.375		266.99
40.5		266.99
40.625		266.99
40.75		266.99
40.875		266.99
41		266.99
41.125		275.081
41.25		275.081
41.375		275.081
41.5		275.081
41.625		275.081
41.75		275.081
41.875		275.081
42		275.081
42.125		291.262
42.25		291.262
42.375		291.262
42.5		291.262
42.625		291.262
42.75		291.262
42.875		291.262
43		291.262
43.125		295.307
43.25		295.307
43.375		295.307
43.5		295.307
43.625		295.307
43.75		295.307
43.875		295.307
44		295.307
44.125		303.398
44.25		303.398
44.375		303.398
44.5		303.398
44.625		303.398
44.75		303.398
44.875		303.398
45		303.398
45.125		303.398
45.25		303.398
45.375		303.398
45.5		303.398
45.625		303.398
45.75		303.398
45.875		303.398
46		303.398
46.125		319.579
46.25		319.579
46.375		319.579
46.5		319.579
46.625		319.579
46.75		319.579
46.875		319.579
47		319.579
47.125		331.715
47.25		331.715
47.375		331.715
47.5		331.715
47.625		331.715
47.75		331.715
47.875		331.715
48		331.715
48.125		339.806
48.25		339.806
48.375		339.806
48.5		339.806
48.625		339.806
48.75		339.806
48.875		339.806
49		339.806
49.125		343.851
49.25		343.851
49.375		343.851
49.5		343.851
49.625		343.851
49.75		343.851
49.875		343.851
50		343.851
50.125		343.851
50.25		343.851
50.375		343.851
50.5		343.851
50.625		343.851
50.75		343.851
50.875		343.851
51		343.851
51.125		355.987
51.25		355.987
51.375		355.987
51.5		355.987
51.625		355.987
51.75		355.987
51.875		355.987
52		355.987
52.125		368.123
52.25		368.123
52.375		368.123
52.5		368.123
52.625		368.123
52.75		368.123
52.875		368.123
53		368.123
53.125		376.214
53.25		376.214
53.375		376.214
53.5		376.214
53.625		376.214
53.75		376.214
53.875		376.214
54		376.214
54.125		404.531
54.25		404.531
54.375		404.531
54.5		404.531
54.625		404.531
54.75		404.531
54.875		404.531
55		404.531
55.125		412.621
55.25		412.621
55.375		412.621
55.5		412.621
55.625		412.621
55.75		412.621
55.875		412.621
56		412.621
56.125		424.757
56.25		424.757
56.375		424.757
56.5		424.757
56.625		424.757
56.75		424.757
56.875		424.757
57		424.757
57.125		428.803
57.25		428.803
57.375		428.803
57.5		428.803
57.625		428.803
57.75		428.803
57.875		428.803
58		428.803
58.125		457.12
58.25		457.12
58.375		457.12
58.5		457.12
58.625		457.12
58.75		457.12
58.875		457.12
59		457.12
59.125		457.12
59.25		457.12
59.375		457.12
59.5		457.12
59.625		457.12
59.75		457.12
59.875		457.12
60		457.12
60.125		469.256
60.25		469.256
60.375		469.256
60.5		469.256
60.625		469.256
60.75		469.256
60.875		469.256
61		469.256
61.125		481.392
61.25		481.392
61.375		481.392
61.5		481.392
61.625		481.392
61.75		481.392
61.875		481.392
62		481.392
62.125		501.618
62.25		501.618
62.375		501.618
62.5		501.618
62.625		501.618
62.75		501.618
62.875		501.618
63		501.618
63.125		513.754
63.25		513.754
63.375		513.754
63.5		513.754
63.625		513.754
63.75		513.754
63.875		513.754
64		513.754
64.125		517.799
64.25		517.799
64.375		517.799
64.5		517.799
64.625		517.799
64.75		517.799
64.875		517.799
65		517.799
65.125		525.89
65.25		525.89
65.375		525.89
65.5		525.89
65.625		525.89
65.75		525.89
65.875		525.89
66		525.89
66.125		529.935
66.25		529.935
66.375		529.935
66.5		529.935
66.625		529.935
66.75		529.935
66.875		529.935
67		529.935
67.125		533.981
67.25		533.981
67.375		533.981
67.5		533.981
67.625		533.981
67.75		533.981
67.875		533.981
68		533.981
68.125		538.026
68.25		538.026
68.375		538.026
68.5		538.026
68.625		538.026
68.75		538.026
68.875		538.026
69		538.026
69.125		550.162
69.25		550.162
69.375		550.162
69.5		550.162
69.625		550.162
69.75		550.162
69.875		550.162
70		550.162
70.125		558.252
70.25		558.252
70.375		558.252
70.5		558.252
70.625		558.252
70.75		558.252
70.875		558.252
71		558.252
71.125		562.298
71.25		562.298
71.375		562.298
71.5		562.298
71.625		562.298
71.75		562.298
71.875		562.298
72		562.298
72.125		582.524
72.25		582.524
72.375		582.524
72.5		582.524
72.625		582.524
72.75		582.524
72.875		582.524
73		582.524
73.125		598.706
73.25		598.706
73.375		598.706
73.5		598.706
73.625		598.706
73.75		598.706
73.875		598.706
74		598.706
74.125		606.796
74.25		606.796
74.375		606.796
74.5		606.796
74.625		606.796
74.75		606.796
74.875		606.796
75		606.796
75.125		618.932
75.25		618.932
75.375		618.932
75.5		618.932
75.625		618.932
75.75		618.932
75.875		618.932
76		618.932
76.125		635.113
76.25		635.113
76.375		635.113
76.5		635.113
76.625		635.113
76.75		635.113
76.875		635.113
77		635.113
77.125		639.159
77.25		639.159
77.375		639.159
77.5		639.159
77.625		639.159
77.75		639.159
77.875		639.159
78		639.159
78.125		663.43
78.25		663.43
78.375		663.43
78.5		663.43
78.625		663.43
78.75		663.43
78.875		663.43
79		663.43
79.125		679.612
79.25		679.612
79.375		679.612
79.5		679.612
79.625		679.612
79.75		679.612
79.875		679.612
80		679.612
80.125		687.702
80.25		687.702
80.375		687.702
80.5		687.702
80.625		687.702
80.75		687.702
80.875		687.702
81		687.702
81.125		703.883
81.25		703.883
81.375		703.883
81.5		703.883
81.625		703.883
81.75		703.883
81.875		703.883
82		703.883
82.125		711.974
82.25		711.974
82.375		711.974
82.5		711.974
82.625		711.974
82.75		711.974
82.875		711.974
83		711.974
83.125		711.974
83.25		711.974
83.375		711.974
83.5		711.974
83.625		711.974
83.75		711.974
83.875		711.974
84		711.974
84.125		728.155
84.25		728.155
84.375		728.155
84.5		728.155
84.625		728.155
84.75		728.155
84.875		728.155
85		728.155
85.125		768.608
85.25		768.608
85.375		768.608
85.5		768.608
85.625		768.608
85.75		768.608
85.875		768.608
86		768.608
86.125		776.699
86.25		776.699
86.375		776.699
86.5		776.699
86.625		776.699
86.75		776.699
86.875		776.699
87		776.699
87.125		776.699
87.25		776.699
87.375		776.699
87.5		776.699
87.625		776.699
87.75		776.699
87.875		776.699
88		776.699
88.125		780.744
88.25		780.744
88.375		780.744
88.5		780.744
88.625		780.744
88.75		780.744
88.875		780.744
89		780.744
89.125		784.79
89.25		784.79
89.375		784.79
89.5		784.79
89.625		784.79
89.75		784.79
89.875		784.79
90		784.79
90.125		829.288
90.25		829.288
90.375		829.288
90.5		829.288
90.625		829.288
90.75		829.288
90.875		829.288
91		829.288
91.125		833.333
91.25		833.333
91.375		833.333
91.5		833.333
91.625		833.333
91.75		833.333
91.875		833.333
92		833.333
92.125		833.333
92.25		833.333
92.375		833.333
92.5		833.333
92.625		833.333
92.75		833.333
92.875		833.333
93		833.333
93.125		849.515
93.25		849.515
93.375		849.515
93.5		849.515
93.625		849.515
93.75		849.515
93.875		849.515
94		849.515
94.125		873.786
94.25		873.786
94.375		873.786
94.5		873.786
94.625		873.786
94.75		873.786
94.875		873.786
95		873.786
95.125		898.058
95.25		898.058
95.375		898.058
95.5		898.058
95.625		898.058
95.75		898.058
95.875		898.058
96		898.058
96.125		906.149
96.25		906.149
96.375		906.149
96.5		906.149
96.625		906.149
96.75		906.149
96.875		906.149
97		906.149
97.125		906.149
97.25		906.149
97.375		906.149
97.5		906.149
97.625		906.149
97.75		906.149
97.875		906.149
98		906.149
98.125		922.33
98.25		922.33
98.375		922.33
98.5		922.33
98.625		922.33
98.75		922.33
98.875		922.33
99		922.33
99.125		954.693
99.25		954.693
99.375		954.693
99.5		954.693
99.625		954.693
99.75		954.693
99.875		954.693
100		954.693
100.125		954.693
100.25		954.693
100.375		954.693
100.5		954.693
100.625		954.693
100.75		954.693
100.875		954.693
101		954.693
101.125		966.828
101.25		966.828
101.375		966.828
101.5		966.828
101.625		966.828
101.75		966.828
101.875		966.828
102		966.828
102.125		1011.33
102.25		1011.33
102.375		1011.33
102.5		1011.33
102.625		1011.33
102.75		1011.33
102.875		1011.33
103		1011.33
103.125		1011.33
103.25		1011.33
103.375		1011.33
103.5		1011.33
103.625		1011.33
103.75		1011.33
103.875		1011.33
104		1011.33
104.125		1023.46
104.25		1023.46
104.375		1023.46
104.5		1023.46
104.625		1023.46
104.75		1023.46
104.875		1023.46
105		1023.46
105.125		1039.64
105.25		1039.64
105.375		1039.64
105.5		1039.64
105.625		1039.64
105.75		1039.64
105.875		1039.64
106		1039.64
106.125		1043.69
106.25		1043.69
106.375		1043.69
106.5		1043.69
106.625		1043.69
106.75		1043.69
106.875		1043.69
107		1043.69
107.125		1072.01
107.25		1072.01
107.375		1072.01
107.5		1072.01
107.625		1072.01
107.75		1072.01
107.875		1072.01
108		1072.01
108.125		1092.23
108.25		1092.23
108.375		1092.23
108.5		1092.23
108.625		1092.23
108.75		1092.23
108.875		1092.23
109		1092.23
109.125		1096.28
109.25		1096.28
109.375		1096.28
109.5		1096.28
109.625		1096.28
109.75		1096.28
109.875		1096.28
110		1096.28
110.125		1120.55
110.25		1120.55
110.375		1120.55
110.5		1120.55
110.625		1120.55
110.75		1120.55
110.875		1120.55
111		1120.55
111.125		1132.69
111.25		1132.69
111.375		1132.69
111.5		1132.69
111.625		1132.69
111.75		1132.69
111.875		1132.69
112		1132.69
112.125		1161
112.25		1161
112.375		1161
112.5		1161
112.625		1161
112.75		1161
112.875		1161
113		1161
113.125		1161
113.25		1161
113.375		1161
113.5		1161
113.625		1161
113.75		1161
113.875		1161
114		1161
114.125		1177.18
114.25		1177.18
114.375		1177.18
114.5		1177.18
114.625		1177.18
114.75		1177.18
114.875		1177.18
115		1177.18
115.125		1201.46
115.25		1201.46
115.375		1201.46
115.5		1201.46
115.625		1201.46
115.75		1201.46
115.875		1201.46
116		1201.46
116.125		1209.55
116.25		1209.55
116.375		1209.55
116.5		1209.55
116.625		1209.55
116.75		1209.55
116.875		1209.55
117		1209.55
117.125		1237.86
117.25		1237.86
117.375		1237.86
117.5		1237.86
117.625		1237.86
117.75		1237.86
117.875		1237.86
118		1237.86
118.125		1241.91
118.25		1241.91
118.375		1241.91
118.5		1241.91
118.625		1241.91
118.75		1241.91
118.875		1241.91
119		1241.91
119.125		1241.91
119.25		1241.91
119.375		1241.91
119.5		1241.91
119.625		1241.91
119.75		1241.91
119.875		1241.91
120		1241.91
120.125		1286.41
120.25		1286.41
120.375		1286.41
120.5		1286.41
120.625		1286.41
120.75		1286.41
120.875		1286.41
121		1286.41
121.125		1286.41
121.25		1286.41
121.375		1286.41
121.5		1286.41
121.625		1286.41
121.75		1286.41
121.875		1286.41
122		1286.41
122.125		1286.41
122.25		1286.41
122.375		1286.41
122.5		1286.41
122.625		1286.41
122.75		1286.41
122.875		1286.41
123		1286.41
123.125		1290.45
123.25		1290.45
123.375		1290.45
123.5		1290.45
123.625		1290.45
123.75		1290.45
123.875		1290.45
124		1290.45
124.125		1334.95
124.25		1334.95
124.375		1334.95
124.5		1334.95
124.625		1334.95
124.75		1334.95
124.875		1334.95
125		1334.95
125.125		1343.04
125.25		1343.04
125.375		1343.04
125.5		1343.04
125.625		1343.04
125.75		1343.04
125.875		1343.04
126		1343.04
126.125		1371.36
126.25		1371.36
126.375		1371.36
126.5		1371.36
126.625		1371.36
126.75		1371.36
126.875		1371.36
127		1371.36
127.125		1371.36
127.25		1371.36
127.375		1371.36
127.5		1371.36
127.625		1371.36
127.75		1371.36
127.875		1371.36
128		1371.36
128.125		1411.81
128.25		1411.81
128.375		1411.81
128.5		1411.81
128.625		1411.81
128.75		1411.81
128.875		1411.81
129		1411.81
129.125		1415.86
129.25		1415.86
129.375		1415.86
129.5		1415.86
129.625		1415.86
129.75		1415.86
129.875		1415.86
130		1415.86
130.125		1419.9
130.25		1419.9
130.375		1419.9
130.5		1419.9
130.625		1419.9
130.75		1419.9
130.875		1419.9
131		1419.9
131.125		1423.95
131.25		1423.95
131.375		1423.95
131.5		1423.95
131.625		1423.95
131.75		1423.95
131.875		1423.95
132		1423.95
132.125		1464.4
132.25		1464.4
132.375		1464.4
132.5		1464.4
132.625		1464.4
132.75		1464.4
132.875		1464.4
133		1464.4
133.125		1472.49
133.25		1472.49
133.375		1472.49
133.5		1472.49
133.625		1472.49
133.75		1472.49
133.875		1472.49
134		1472.49
134.125		1480.58
134.25		1480.58
134.375		1480.58
134.5		1480.58
134.625		1480.58
134.75		1480.58
134.875		1480.58
135		1480.58
135.125		1492.72
135.25		1492.72
135.375		1492.72
135.5		1492.72
135.625		1492.72
135.75		1492.72
135.875		1492.72
136		1492.72
136.125		1516.99
136.25		1516.99
136.375		1516.99
136.5		1516.99
136.625		1516.99
136.75		1516.99
136.875		1516.99
137		1516.99
137.125		1529.13
137.25		1529.13
137.375		1529.13
137.5		1529.13
137.625		1529.13
137.75		1529.13
137.875		1529.13
138		1529.13
138.125		1545.31
138.25		1545.31
138.375		1545.31
138.5		1545.31
138.625		1545.31
138.75		1545.31
138.875		1545.31
139		1545.31
139.125		1553.4
139.25		1553.4
139.375		1553.4
139.5		1553.4
139.625		1553.4
139.75		1553.4
139.875		1553.4
140		1553.4
140.125		1565.53
140.25		1565.53
140.375		1565.53
140.5		1565.53
140.625		1565.53
140.75		1565.53
140.875		1565.53
141		1565.53
141.125		1573.62
141.25		1573.62
141.375		1573.62
141.5		1573.62
141.625		1573.62
141.75		1573.62
141.875		1573.62
142		1573.62
142.125		1577.67
142.25		1577.67
142.375		1577.67
142.5		1577.67
142.625		1577.67
142.75		1577.67
142.875		1577.67
143		1577.67
143.125		1593.85
143.25		1593.85
143.375		1593.85
143.5		1593.85
143.625		1593.85
143.75		1593.85
143.875		1593.85
144		1593.85
144.125		1593.85
144.25		1593.85
144.375		1593.85
144.5		1593.85
144.625		1593.85
144.75		1593.85
144.875		1593.85
145		1593.85
145.125		1614.08
145.25		1614.08
145.375		1614.08
145.5		1614.08
145.625		1614.08
145.75		1614.08
145.875		1614.08
146		1614.08
146.125		1626.21
146.25		1626.21
146.375		1626.21
146.5		1626.21
146.625		1626.21
146.75		1626.21
146.875		1626.21
147		1626.21
147.125		1630.26
147.25		1630.26
147.375		1630.26
147.5		1630.26
147.625		1630.26
147.75		1630.26
147.875		1630.26
148		1630.26
148.125		1630.26
148.25		1630.26
148.375		1630.26
148.5		1630.26
148.625		1630.26
148.75		1630.26
148.875		1630.26
149		1630.26
149.125		1650.49
149.25		1650.49
149.375		1650.49
149.5		1650.49
149.625		1650.49
149.75		1650.49
149.875		1650.49
150		1650.49
150.125		1686.89
150.25		1686.89
150.375		1686.89
150.5		1686.89
150.625		1686.89
150.75		1686.89
150.875		1686.89
151		1686.89
151.125		1694.98
151.25		1694.98
151.375		1694.98
151.5		1694.98
151.625		1694.98
151.75		1694.98
151.875		1694.98
152		1694.98
152.125		1707.12
152.25		1707.12
152.375		1707.12
152.5		1707.12
152.625		1707.12
152.75		1707.12
152.875		1707.12
153		1707.12
153.125		1711.17
153.25		1711.17
153.375		1711.17
153.5		1711.17
153.625		1711.17
153.75		1711.17
153.875		1711.17
154		1711.17
154.125		1723.3
154.25		1723.3
154.375		1723.3
154.5		1723.3
154.625		1723.3
154.75		1723.3
154.875		1723.3
155		1723.3
155.125		1735.44
155.25		1735.44
155.375		1735.44
155.5		1735.44
155.625		1735.44
155.75		1735.44
155.875		1735.44
156		1735.44
156.125		1743.53
156.25		1743.53
156.375		1743.53
156.5		1743.53
156.625		1743.53
156.75		1743.53
156.875		1743.53
157		1743.53
157.125		1755.66
157.25		1755.66
157.375		1755.66
157.5		1755.66
157.625		1755.66
157.75		1755.66
157.875		1755.66
158		1755.66
158.125		1767.8
158.25		1767.8
158.375		1767.8
158.5		1767.8
158.625		1767.8
158.75		1767.8
158.875		1767.8
159		1767.8
159.125		1783.98
159.25		1783.98
159.375		1783.98
159.5		1783.98
159.625		1783.98
159.75		1783.98
159.875		1783.98
160		1783.98
160.125		1788.03
160.25		1788.03
160.375		1788.03
160.5		1788.03
160.625		1788.03
160.75		1788.03
160.875		1788.03
161		1788.03
161.125		1792.07
161.25		1792.07
161.375		1792.07
161.5		1792.07
161.625		1792.07
161.75		1792.07
161.875		1792.07
162		1792.07
162.125		1820.39
162.25		1820.39
162.375		1820.39
162.5		1820.39
162.625		1820.39
162.75		1820.39
162.875		1820.39
163		1820.39
163.125		1848.71
163.25		1848.71
163.375		1848.71
163.5		1848.71
163.625		1848.71
163.75		1848.71
163.875		1848.71
164		1848.71
164.125		1852.75
164.25		1852.75
164.375		1852.75
164.5		1852.75
164.625		1852.75
164.75		1852.75
164.875		1852.75
165		1852.75
165.125		1856.8
165.25		1856.8
165.375		1856.8
165.5		1856.8
165.625		1856.8
165.75		1856.8
165.875		1856.8
166		1856.8
166.125		1889.16
166.25		1889.16
166.375		1889.16
166.5		1889.16
166.625		1889.16
166.75		1889.16
166.875		1889.16
167		1889.16
167.125		1901.29
167.25		1901.29
167.375		1901.29
167.5		1901.29
167.625		1901.29
167.75		1901.29
167.875		1901.29
168		1901.29
168.125		1913.43
168.25		1913.43
168.375		1913.43
168.5		1913.43
168.625		1913.43
168.75		1913.43
168.875		1913.43
169		1913.43
169.125		1917.48
169.25		1917.48
169.375		1917.48
169.5		1917.48
169.625		1917.48
169.75		1917.48
169.875		1917.48
170		1917.48
170.125		1917.48
170.25		1917.48
170.375		1917.48
170.5		1917.48
170.625		1917.48
170.75		1917.48
170.875		1917.48
171		1917.48
171.125		1949.84
171.25		1949.84
171.375		1949.84
171.5		1949.84
171.625		1949.84
171.75		1949.84
171.875		1949.84
172		1949.84
172.125		1970.06
172.25		1970.06
172.375		1970.06
172.5		1970.06
172.625		1970.06
172.75		1970.06
172.875		1970.06
173		1970.06
173.125		1970.06
173.25		1970.06
173.375		1970.06
173.5		1970.06
173.625		1970.06
173.75		1970.06
173.875		1970.06
174		1970.06
174.125		1974.11
174.25		1974.11
174.375		1974.11
174.5		1974.11
174.625		1974.11
174.75		1974.11
174.875		1974.11
175		1974.11
175.125		1974.11
175.25		1974.11
175.375		1974.11
175.5		1974.11
175.625		1974.11
175.75		1974.11
175.875		1974.11
176		1974.11
176.125		2014.56
176.25		2014.56
176.375		2014.56
176.5		2014.56
176.625		2014.56
176.75		2014.56
176.875		2014.56
177		2014.56
177.125		2022.65
177.25		2022.65
177.375		2022.65
177.5		2022.65
177.625		2022.65
177.75		2022.65
177.875		2022.65
178		2022.65
178.125		2034.79
178.25		2034.79
178.375		2034.79
178.5		2034.79
178.625		2034.79
178.75		2034.79
178.875		2034.79
179		2034.79
179.125		2034.79
179.25		2034.79
179.375		2034.79
179.5		2034.79
179.625		2034.79
179.75		2034.79
179.875		2034.79
180		2034.79
180.125		2059.06
180.25		2059.06
180.375		2059.06
180.5		2059.06
180.625		2059.06
180.75		2059.06
180.875		2059.06
181		2059.06
181.125		2067.15
181.25		2067.15
181.375		2067.15
181.5		2067.15
181.625		2067.15
181.75		2067.15
181.875		2067.15
182		2067.15
182.125		2067.15
182.25		2067.15
182.375		2067.15
182.5		2067.15
182.625		2067.15
182.75		2067.15
182.875		2067.15
183		2067.15
183.125		2071.2
183.25		2071.2
183.375		2071.2
183.5		2071.2
183.625		2071.2
183.75		2071.2
183.875		2071.2
184		2071.2
184.125		2083.33
184.25		2083.33
184.375		2083.33
184.5		2083.33
184.625		2083.33
184.75		2083.33
184.875		2083.33
185		2083.33
185.125		2087.38
185.25		2087.38
185.375		2087.38
185.5		2087.38
185.625		2087.38
185.75		2087.38
185.875		2087.38
186		2087.38
186.125		2099.51
186.25		2099.51
186.375		2099.51
186.5		2099.51
186.625		2099.51
186.75		2099.51
186.875		2099.51
187		2099.51
187.125		2099.51
187.25		2099.51
187.375		2099.51
187.5		2099.51
187.625		2099.51
187.75		2099.51
187.875		2099.51
188		2099.51
188.125		2107.61
188.25		2107.61
188.375		2107.61
188.5		2107.61
188.625		2107.61
188.75		2107.61
188.875		2107.61
189		2107.61
189.125		2107.61
189.25		2107.61
189.375		2107.61
189.5		2107.61
189.625		2107.61
189.75		2107.61
189.875		2107.61
190		2107.61
190.125		2127.83
190.25		2127.83
190.375		2127.83
190.5		2127.83
190.625		2127.83
190.75		2127.83
190.875		2127.83
191		2127.83
191.125		2131.88
191.25		2131.88
191.375		2131.88
191.5		2131.88
191.625		2131.88
191.75		2131.88
191.875		2131.88
192		2131.88
192.125		2144.01
192.25		2144.01
192.375		2144.01
192.5		2144.01
192.625		2144.01
192.75		2144.01
192.875		2144.01
193		2144.01
193.125		2144.01
193.25		2144.01
193.375		2144.01
193.5		2144.01
193.625		2144.01
193.75		2144.01
193.875		2144.01
194		2144.01
194.125		2168.28
194.25		2168.28
194.375		2168.28
194.5		2168.28
194.625		2168.28
194.75		2168.28
194.875		2168.28
195		2168.28
195.125		2168.28
195.25		2168.28
195.375		2168.28
195.5		2168.28
195.625		2168.28
195.75		2168.28
195.875		2168.28
196		2168.28
196.125		2172.33
196.25		2172.33
196.375		2172.33
196.5		2172.33
196.625		2172.33
196.75		2172.33
196.875		2172.33
197		2172.33
197.125		2180.42
197.25		2180.42
197.375		2180.42
197.5		2180.42
197.625		2180.42
197.75		2180.42
197.875		2180.42
198		2180.42
198.125		2184.47
198.25		2184.47
198.375		2184.47
198.5		2184.47
198.625		2184.47
198.75		2184.47
198.875		2184.47
199		2184.47
199.125		2204.69
199.25		2204.69
199.375		2204.69
199.5		2204.69
199.625		2204.69
199.75		2204.69
199.875		2204.69
200		2204.69
200.125		2208.74
200.25		2208.74
200.375		2208.74
200.5		2208.74
200.625		2208.74
200.75		2208.74
200.875		2208.74
201		2208.74
201.125		2224.92
201.25		2224.92
201.375		2224.92
201.5		2224.92
201.625		2224.92
201.75		2224.92
201.875		2224.92
202		2224.92
202.125		2241.1
202.25		2241.1
202.375		2241.1
202.5		2241.1
202.625		2241.1
202.75		2241.1
202.875		2241.1
203		2241.1
203.125		2253.24
203.25		2253.24
203.375		2253.24
203.5		2253.24
203.625		2253.24
203.75		2253.24
203.875		2253.24
204		2253.24
204.125		2265.37
204.25		2265.37
204.375		2265.37
204.5		2265.37
204.625		2265.37
204.75		2265.37
204.875		2265.37
205		2265.37
205.125		2269.42
205.25		2269.42
205.375		2269.42
205.5		2269.42
205.625		2269.42
205.75		2269.42
205.875		2269.42
206		2269.42
206.125		2277.51
206.25		2277.51
206.375		2277.51
206.5		2277.51
206.625		2277.51
206.75		2277.51
206.875		2277.51
207		2277.51
207.125		2289.64
207.25		2289.64
207.375		2289.64
207.5		2289.64
207.625		2289.64
207.75		2289.64
207.875		2289.64
208		2289.64
208.125		2289.64
208.25		2289.64
208.375		2289.64
208.5		2289.64
208.625		2289.64
208.75		2289.64
208.875		2289.64
209		2289.64
209.125		2305.83
209.25		2305.83
209.375		2305.83
209.5		2305.83
209.625		2305.83
209.75		2305.83
209.875		2305.83
210		2305.83
210.125		2338.19
210.25		2338.19
210.375		2338.19
210.5		2338.19
210.625		2338.19
210.75		2338.19
210.875		2338.19
211		2338.19
211.125		2346.28
211.25		2346.28
211.375		2346.28
211.5		2346.28
211.625		2346.28
211.75		2346.28
211.875		2346.28
212		2346.28
212.125		2346.28
212.25		2346.28
212.375		2346.28
212.5		2346.28
212.625		2346.28
212.75		2346.28
212.875		2346.28
213		2346.28
213.125		2358.41
213.25		2358.41
213.375		2358.41
213.5		2358.41
213.625		2358.41
213.75		2358.41
213.875		2358.41
214		2358.41
214.125		2370.55
214.25		2370.55
214.375		2370.55
214.5		2370.55
214.625		2370.55
214.75		2370.55
214.875		2370.55
215		2370.55
215.125		2382.69
215.25		2382.69
215.375		2382.69
215.5		2382.69
215.625		2382.69
215.75		2382.69
215.875		2382.69
216		2382.69
216.125		2382.69
216.25		2382.69
216.375		2382.69
216.5		2382.69
216.625		2382.69
216.75		2382.69
216.875		2382.69
217		2382.69
217.125		2382.69
217.25		2382.69
217.375		2382.69
217.5		2382.69
217.625		2382.69
217.75		2382.69
217.875		2382.69
218		2382.69
218.125		2382.69
218.25		2382.69
218.375		2382.69
218.5		2382.69
218.625		2382.69
218.75		2382.69
218.875		2382.69
219		2382.69
219.125		2386.73
219.25		2386.73
219.375		2386.73
219.5		2386.73
219.625		2386.73
219.75		2386.73
219.875		2386.73
220		2386.73
220.125		2390.78
220.25		2390.78
220.375		2390.78
220.5		2390.78
220.625		2390.78
220.75		2390.78
220.875		2390.78
221		2390.78
221.125		2390.78
221.25		2390.78
221.375		2390.78
221.5		2390.78
221.625		2390.78
221.75		2390.78
221.875		2390.78
222		2390.78
222.125		2402.91
222.25		2402.91
222.375		2402.91
222.5		2402.91
222.625		2402.91
222.75		2402.91
222.875		2402.91
223		2402.91
223.125		2402.91
223.25		2402.91
223.375		2402.91
223.5		2402.91
223.625		2402.91
223.75		2402.91
223.875		2402.91
224		2402.91
224.125		2402.91
224.25		2402.91
224.375		2402.91
224.5		2402.91
224.625		2402.91
224.75		2402.91
224.875		2402.91
225		2402.91
225.125		2406.96
225.25		2406.96
225.375		2406.96
225.5		2406.96
225.625		2406.96
225.75		2406.96
225.875		2406.96
226		2406.96
226.125		2411
226.25		2411
226.375		2411
226.5		2411
226.625		2411
226.75		2411
226.875		2411
227		2411
227.125		2419.09
227.25		2419.09
227.375		2419.09
227.5		2419.09
227.625		2419.09
227.75		2419.09
227.875		2419.09
228		2419.09
228.125		2419.09
228.25		2419.09
228.375		2419.09
228.5		2419.09
228.625		2419.09
228.75		2419.09
228.875		2419.09
229		2419.09
229.125		2419.09
229.25		2419.09
229.375		2419.09
229.5		2419.09
229.625		2419.09
229.75		2419.09
229.875		2419.09
230		2419.09
230.125		2423.14
230.25		2423.14
230.375		2423.14
230.5		2423.14
230.625		2423.14
230.75		2423.14
230.875		2423.14
231		2423.14
231.125		2435.28
231.25		2435.28
231.375		2435.28
231.5		2435.28
231.625		2435.28
231.75		2435.28
231.875		2435.28
232		2435.28
232.125		2443.37
232.25		2443.37
232.375		2443.37
232.5		2443.37
232.625		2443.37
232.75		2443.37
232.875		2443.37
233		2443.37
233.125		2455.5
233.25		2455.5
233.375		2455.5
233.5		2455.5
233.625		2455.5
233.75		2455.5
233.875		2455.5
234		2455.5
234.125		2455.5
234.25		2455.5
234.375		2455.5
234.5		2455.5
234.625		2455.5
234.75		2455.5
234.875		2455.5
235		2455.5
235.125		2459.55
235.25		2459.55
235.375		2459.55
235.5		2459.55
235.625		2459.55
235.75		2459.55
235.875		2459.55
236		2459.55
236.125		2471.68
236.25		2471.68
236.375		2471.68
236.5		2471.68
236.625		2471.68
236.75		2471.68
236.875		2471.68
237		2471.68
237.125		2479.77
237.25		2479.77
237.375		2479.77
237.5		2479.77
237.625		2479.77
237.75		2479.77
237.875		2479.77
238		2479.77
238.125		2479.77
238.25		2479.77
238.375		2479.77
238.5		2479.77
238.625		2479.77
238.75		2479.77
238.875		2479.77
239		2479.77
239.125		2487.86
239.25		2487.86
239.375		2487.86
239.5		2487.86
239.625		2487.86
239.75		2487.86
239.875		2487.86
240		2487.86
240.125		2500
240.25		2500
240.375		2500
240.5		2500
240.625		2500
240.75		2500
240.875		2500
241		2500
241.125		2504.05
241.25		2504.05
241.375		2504.05
241.5		2504.05
241.625		2504.05
241.75		2504.05
241.875		2504.05
242		2504.05
242.125		2512.14
242.25		2512.14
242.375		2512.14
242.5		2512.14
242.625		2512.14
242.75		2512.14
242.875		2512.14
243		2512.14
243.125		2512.14
243.25		2512.14
243.375		2512.14
243.5		2512.14
243.625		2512.14
243.75		2512.14
243.875		2512.14
244		2512.14
244.125		2524.27
244.25		2524.27
244.375		2524.27
244.5		2524.27
244.625		2524.27
244.75		2524.27
244.875		2524.27
245		2524.27
245.125		2528.32
245.25		2528.32
245.375		2528.32
245.5		2528.32
245.625		2528.32
245.75		2528.32
245.875		2528.32
246		2528.32
246.125		2528.32
246.25		2528.32
246.375		2528.32
246.5		2528.32
246.625		2528.32
246.75		2528.32
246.875		2528.32
247		2528.32
247.125		2536.41
247.25		2536.41
247.375		2536.41
247.5		2536.41
247.625		2536.41
247.75		2536.41
247.875		2536.41
248		2536.41
248.125		2540.45
248.25		2540.45
248.375		2540.45
248.5		2540.45
248.625		2540.45
248.75		2540.45
248.875		2540.45
249		2540.45
249.125		2548.54
249.25		2548.54
249.375		2548.54
249.5		2548.54
249.625		2548.54
249.75		2548.54
249.875		2548.54
250		2548.54
250.125		2552.59
250.25		2552.59
250.375		2552.59
250.5		2552.59
250.625		2552.59
250.75		2552.59
250.875		2552.59
251		2552.59
251.125		2552.59
251.25		2552.59
251.375		2552.59
251.5		2552.59
251.625		2552.59
251.75		2552.59
251.875		2552.59
252		2552.59
252.125		2560.68
252.25		2560.68
252.375		2560.68
252.5		2560.68
252.625		2560.68
252.75		2560.68
252.875		2560.68
253		2560.68
253.125		2580.91
253.25		2580.91
253.375		2580.91
253.5		2580.91
253.625		2580.91
253.75		2580.91
253.875		2580.91
254		2580.91
254.125		2580.91
254.25		2580.91
254.375		2580.91
254.5		2580.91
254.625		2580.91
254.75		2580.91
254.875		2580.91
255		2580.91
255.125		2580.91
255.25		2580.91
255.375		2580.91
255.5		2580.91
255.625		2580.91
255.75		2580.91
255.875		2580.91
256		2580.91
256.125		2584.95
256.25		2584.95
256.375		2584.95
256.5		2584.95
256.625		2584.95
256.75		2584.95
256.875		2584.95
257		2584.95
257.125		2589
257.25		2589
257.375		2589
257.5		2589
257.625		2589
257.75		2589
257.875		2589
258		2589
258.125		2617.31
258.25		2617.31
258.375		2617.31
258.5		2617.31
258.625		2617.31
258.75		2617.31
258.875		2617.31
259		2617.31
259.125		2621.36
259.25		2621.36
259.375		2621.36
259.5		2621.36
259.625		2621.36
259.75		2621.36
259.875		2621.36
260		2621.36
260.125		2629.45
260.25		2629.45
260.375		2629.45
260.5		2629.45
260.625		2629.45
260.75		2629.45
260.875		2629.45
261		2629.45
261.125		2629.45
261.25		2629.45
261.375		2629.45
261.5		2629.45
261.625		2629.45
261.75		2629.45
261.875		2629.45
262		2629.45
262.125		2641.59
262.25		2641.59
262.375		2641.59
262.5		2641.59
262.625		2641.59
262.75		2641.59
262.875		2641.59
263		2641.59
263.125		2641.59
263.25		2641.59
263.375		2641.59
263.5		2641.59
263.625		2641.59
263.75		2641.59
263.875		2641.59
264		2641.59
264.125		2645.63
264.25		2645.63
264.375		2645.63
264.5		2645.63
264.625		2645.63
264.75		2645.63
264.875		2645.63
265		2645.63
265.125		2665.86
265.25		2665.86
265.375		2665.86
265.5		2665.86
265.625		2665.86
265.75		2665.86
265.875		2665.86
266		2665.86
266.125		2690.13
266.25		2690.13
266.375		2690.13
266.5		2690.13
266.625		2690.13
266.75		2690.13
266.875		2690.13
267		2690.13
267.125		2690.13
267.25		2690.13
267.375		2690.13
267.5		2690.13
267.625		2690.13
267.75		2690.13
267.875		2690.13
268		2690.13
268.125		2690.13
268.25		2690.13
268.375		2690.13
268.5		2690.13
268.625		2690.13
268.75		2690.13
268.875		2690.13
269		2690.13
269.125		2698.22
269.25		2698.22
269.375		2698.22
269.5		2698.22
269.625		2698.22
269.75		2698.22
269.875		2698.22
270		2698.22
270.125		2722.49
270.25		2722.49
270.375		2722.49
270.5		2722.49
270.625		2722.49
270.75		2722.49
270.875		2722.49
271		2722.49
271.125		2722.49
271.25		2722.49
271.375		2722.49
271.5		2722.49
271.625		2722.49
271.75		2722.49
271.875		2722.49
272		2722.49
272.125		2722.49
272.25		2722.49
272.375		2722.49
272.5		2722.49
272.625		2722.49
272.75		2722.49
272.875		2722.49
273		2722.49
273.125		2734.63
273.25		2734.63
273.375		2734.63
273.5		2734.63
273.625		2734.63
273.75		2734.63
273.875		2734.63
274		2734.63
274.125		2734.63
274.25		2734.63
274.375		2734.63
274.5		2734.63
274.625		2734.63
274.75		2734.63
274.875		2734.63
275		2734.63
275.125		2758.9
275.25		2758.9
275.375		2758.9
275.5		2758.9
275.625		2758.9
275.75		2758.9
275.875		2758.9
276		2758.9
276.125		2758.9
276.25		2758.9
276.375		2758.9
276.5		2758.9
276.625		2758.9
276.75		2758.9
276.875		2758.9
277		2758.9
277.125		2766.99
277.25		2766.99
277.375		2766.99
277.5		2766.99
277.625		2766.99
277.75		2766.99
277.875		2766.99
278		2766.99
278.125		2775.08
278.25		2775.08
278.375		2775.08
278.5		2775.08
278.625		2775.08
278.75		2775.08
278.875		2775.08
279		2775.08
279.125		2787.22
279.25		2787.22
279.375		2787.22
279.5		2787.22
279.625		2787.22
279.75		2787.22
279.875		2787.22
280		2787.22
280.125		2819.58
280.25		2819.58
280.375		2819.58
280.5		2819.58
280.625		2819.58
280.75		2819.58
280.875		2819.58
281		2819.58
281.125		2823.62
281.25		2823.62
281.375		2823.62
281.5		2823.62
281.625		2823.62
281.75		2823.62
281.875		2823.62
282		2823.62
282.125		2835.76
282.25		2835.76
282.375		2835.76
282.5		2835.76
282.625		2835.76
282.75		2835.76
282.875		2835.76
283		2835.76
283.125		2860.03
283.25		2860.03
283.375		2860.03
283.5		2860.03
283.625		2860.03
283.75		2860.03
283.875		2860.03
284		2860.03
284.125		2868.12
284.25		2868.12
284.375		2868.12
284.5		2868.12
284.625		2868.12
284.75		2868.12
284.875		2868.12
285		2868.12
285.125		2872.17
285.25		2872.17
285.375		2872.17
285.5		2872.17
285.625		2872.17
285.75		2872.17
285.875		2872.17
286		2872.17
286.125		2880.26
286.25		2880.26
286.375		2880.26
286.5		2880.26
286.625		2880.26
286.75		2880.26
286.875		2880.26
287		2880.26
287.125		2884.3
287.25		2884.3
287.375		2884.3
287.5		2884.3
287.625		2884.3
287.75		2884.3
287.875		2884.3
288		2884.3
288.125		2888.35
288.25		2888.35
288.375		2888.35
288.5		2888.35
288.625		2888.35
288.75		2888.35
288.875		2888.35
289		2888.35
289.125		2920.71
289.25		2920.71
289.375		2920.71
289.5		2920.71
289.625		2920.71
289.75		2920.71
289.875		2920.71
290		2920.71
290.125		2920.71
290.25		2920.71
290.375		2920.71
290.5		2920.71
290.625		2920.71
290.75		2920.71
290.875		2920.71
291		2920.71
291.125		2949.03
291.25		2949.03
291.375		2949.03
291.5		2949.03
291.625		2949.03
291.75		2949.03
291.875		2949.03
292		2949.03
292.125		2953.07
292.25		2953.07
292.375		2953.07
292.5		2953.07
292.625		2953.07
292.75		2953.07
292.875		2953.07
293		2953.07
293.125		2957.12
293.25		2957.12
293.375		2957.12
293.5		2957.12
293.625		2957.12
293.75		2957.12
293.875		2957.12
294		2957.12
294.125		2973.3
294.25		2973.3
294.375		2973.3
294.5		2973.3
294.625		2973.3
294.75		2973.3
294.875		2973.3
295		2973.3
295.125		2973.3
295.25		2973.3
295.375		2973.3
295.5		2973.3
295.625		2973.3
295.75		2973.3
295.875		2973.3
296		2973.3
296.125		3009.71
296.25		3009.71
296.375		3009.71
296.5		3009.71
296.625		3009.71
296.75		3009.71
296.875		3009.71
297		3009.71
297.125		3021.84
297.25		3021.84
297.375		3021.84
297.5		3021.84
297.625		3021.84
297.75		3021.84
297.875		3021.84
298		3021.84
298.125		3033.98
298.25		3033.98
298.375		3033.98
298.5		3033.98
298.625		3033.98
298.75		3033.98
298.875		3033.98
299		3033.98
299.125		3054.21
299.25		3054.21
299.375		3054.21
299.5		3054.21
299.625		3054.21
299.75		3054.21
299.875		3054.21
300		3054.21
300.125		3066.34
300.25		3066.34
300.375		3066.34
300.5		3066.34
300.625		3066.34
300.75		3066.34
300.875		3066.34
301		3066.34
301.125		3086.57
301.25		3086.57
301.375		3086.57
301.5		3086.57
301.625		3086.57
301.75		3086.57
301.875		3086.57
302		3086.57
302.125		3090.61
302.25		3090.61
302.375		3090.61
302.5		3090.61
302.625		3090.61
302.75		3090.61
302.875		3090.61
303		3090.61
303.125		3098.71
303.25		3098.71
303.375		3098.71
303.5		3098.71
303.625		3098.71
303.75		3098.71
303.875		3098.71
304		3098.71
304.125		3131.07
304.25		3131.07
304.375		3131.07
304.5		3131.07
304.625		3131.07
304.75		3131.07
304.875		3131.07
305		3131.07
305.125		3135.11
305.25		3135.11
305.375		3135.11
305.5		3135.11
305.625		3135.11
305.75		3135.11
305.875		3135.11
306		3135.11
306.125		3147.25
306.25		3147.25
306.375		3147.25
306.5		3147.25
306.625		3147.25
306.75		3147.25
306.875		3147.25
307		3147.25
307.125		3179.61
307.25		3179.61
307.375		3179.61
307.5		3179.61
307.625		3179.61
307.75		3179.61
307.875		3179.61
308		3179.61
308.125		3187.7
308.25		3187.7
308.375		3187.7
308.5		3187.7
308.625		3187.7
308.75		3187.7
308.875		3187.7
309		3187.7
309.125		3195.79
309.25		3195.79
309.375		3195.79
309.5		3195.79
309.625		3195.79
309.75		3195.79
309.875		3195.79
310		3195.79
310.125		3199.84
310.25		3199.84
310.375		3199.84
310.5		3199.84
310.625		3199.84
310.75		3199.84
310.875		3199.84
311		3199.84
311.125		3216.02
311.25		3216.02
311.375		3216.02
311.5		3216.02
311.625		3216.02
311.75		3216.02
311.875		3216.02
312		3216.02
312.125		3220.06
312.25		3220.06
312.375		3220.06
312.5		3220.06
312.625		3220.06
312.75		3220.06
312.875		3220.06
313		3220.06
313.125		3236.25
313.25		3236.25
313.375		3236.25
313.5		3236.25
313.625		3236.25
313.75		3236.25
313.875		3236.25
314		3236.25
314.125		3272.65
314.25		3272.65
314.375		3272.65
314.5		3272.65
314.625		3272.65
314.75		3272.65
314.875		3272.65
315		3272.65
315.125		3276.7
315.25		3276.7
315.375		3276.7
315.5		3276.7
315.625		3276.7
315.75		3276.7
315.875		3276.7
316		3276.7
316.125		3276.7
316.25		3276.7
316.375		3276.7
316.5		3276.7
316.625		3276.7
316.75		3276.7
316.875		3276.7
317		3276.7
317.125		3276.7
317.25		3276.7
317.375		3276.7
317.5		3276.7
317.625		3276.7
317.75		3276.7
317.875		3276.7
318		3276.7
318.125		3325.24
318.25		3325.24
318.375		3325.24
318.5		3325.24
318.625		3325.24
318.75		3325.24
318.875		3325.24
319		3325.24
319.125		3357.61
319.25		3357.61
319.375		3357.61
319.5		3357.61
319.625		3357.61
319.75		3357.61
319.875		3357.61
320		3357.61
320.125		3361.65
320.25		3361.65
320.375		3361.65
320.5		3361.65
320.625		3361.65
320.75		3361.65
320.875		3361.65
321		3361.65
321.125		3377.83
321.25		3377.83
321.375		3377.83
321.5		3377.83
321.625		3377.83
321.75		3377.83
321.875		3377.83
322		3377.83
322.125		3394.01
322.25		3394.01
322.375		3394.01
322.5		3394.01
322.625		3394.01
322.75		3394.01
322.875		3394.01
323		3394.01
323.125		3398.06
323.25		3398.06
323.375		3398.06
323.5		3398.06
323.625		3398.06
323.75		3398.06
323.875		3398.06
324		3398.06
324.125		3422.33
324.25		3422.33
324.375		3422.33
324.5		3422.33
324.625		3422.33
324.75		3422.33
324.875		3422.33
325		3422.33
325.125		3458.74
325.25		3458.74
325.375		3458.74
325.5		3458.74
325.625		3458.74
325.75		3458.74
325.875		3458.74
326		3458.74
326.125		3470.87
326.25		3470.87
326.375		3470.87
326.5		3470.87
326.625		3470.87
326.75		3470.87
326.875		3470.87
327		3470.87
327.125		3483.01
327.25		3483.01
327.375		3483.01
327.5		3483.01
327.625		3483.01
327.75		3483.01
327.875		3483.01
328		3483.01
328.125		3495.15
328.25		3495.15
328.375		3495.15
328.5		3495.15
328.625		3495.15
328.75		3495.15
328.875		3495.15
329		3495.15
329.125		3499.19
329.25		3499.19
329.375		3499.19
329.5		3499.19
329.625		3499.19
329.75		3499.19
329.875		3499.19
330		3499.19
330.125		3535.6
330.25		3535.6
330.375		3535.6
330.5		3535.6
330.625		3535.6
330.75		3535.6
330.875		3535.6
331		3535.6
331.125		3539.64
331.25		3539.64
331.375		3539.64
331.5		3539.64
331.625		3539.64
331.75		3539.64
331.875		3539.64
332		3539.64
332.125		3559.87
332.25		3559.87
332.375		3559.87
332.5		3559.87
332.625		3559.87
332.75		3559.87
332.875		3559.87
333		3559.87
333.125		3563.92
333.25		3563.92
333.375		3563.92
333.5		3563.92
333.625		3563.92
333.75		3563.92
333.875		3563.92
334		3563.92
334.125		3580.1
334.25		3580.1
334.375		3580.1
334.5		3580.1
334.625		3580.1
334.75		3580.1
334.875		3580.1
335		3580.1
335.125		3604.37
335.25		3604.37
335.375		3604.37
335.5		3604.37
335.625		3604.37
335.75		3604.37
335.875		3604.37
336		3604.37
336.125		3608.41
336.25		3608.41
336.375		3608.41
336.5		3608.41
336.625		3608.41
336.75		3608.41
336.875		3608.41
337		3608.41
337.125		3620.55
337.25		3620.55
337.375		3620.55
337.5		3620.55
337.625		3620.55
337.75		3620.55
337.875		3620.55
338		3620.55
338.125		3644.82
338.25		3644.82
338.375		3644.82
338.5		3644.82
338.625		3644.82
338.75		3644.82
338.875		3644.82
339		3644.82
339.125		3656.96
339.25		3656.96
339.375		3656.96
339.5		3656.96
339.625		3656.96
339.75		3656.96
339.875		3656.96
340		3656.96
340.125		3685.28
340.25		3685.28
340.375		3685.28
340.5		3685.28
340.625		3685.28
340.75		3685.28
340.875		3685.28
341		3685.28
341.125		3701.46
341.25		3701.46
341.375		3701.46
341.5		3701.46
341.625		3701.46
341.75		3701.46
341.875		3701.46
342		3701.46
342.125		3721.68
342.25		3721.68
342.375		3721.68
342.5		3721.68
342.625		3721.68
342.75		3721.68
342.875		3721.68
343		3721.68
343.125		3758.09
343.25		3758.09
343.375		3758.09
343.5		3758.09
343.625		3758.09
343.75		3758.09
343.875		3758.09
344		3758.09
344.125		3782.36
344.25		3782.36
344.375		3782.36
344.5		3782.36
344.625		3782.36
344.75		3782.36
344.875		3782.36
345		3782.36
345.125		3802.59
345.25		3802.59
345.375		3802.59
345.5		3802.59
345.625		3802.59
345.75		3802.59
345.875		3802.59
346		3802.59
346.125		3810.68
346.25		3810.68
346.375		3810.68
346.5		3810.68
346.625		3810.68
346.75		3810.68
346.875		3810.68
347		3810.68
347.125		3826.86
347.25		3826.86
347.375		3826.86
347.5		3826.86
347.625		3826.86
347.75		3826.86
347.875		3826.86
348		3826.86
348.125		3830.91
348.25		3830.91
348.375		3830.91
348.5		3830.91
348.625		3830.91
348.75		3830.91
348.875		3830.91
349		3830.91
349.125		3875.4
349.25		3875.4
349.375		3875.4
349.5		3875.4
349.625		3875.4
349.75		3875.4
349.875		3875.4
350		3875.4
350.125		3875.4
350.25		3875.4
350.375		3875.4
350.5		3875.4
350.625		3875.4
350.75		3875.4
350.875		3875.4
351		3875.4
351.125		3875.4
351.25		3875.4
351.375		3875.4
351.5		3875.4
351.625		3875.4
351.75		3875.4
351.875		3875.4
352		3875.4
352.125		3887.54
352.25		3887.54
352.375		3887.54
352.5		3887.54
352.625		3887.54
352.75		3887.54
352.875		3887.54
353		3887.54
353.125		3891.59
353.25		3891.59
353.375		3891.59
353.5		3891.59
353.625		3891.59
353.75		3891.59
353.875		3891.59
354		3891.59
354.125		3911.81
354.25		3911.81
354.375		3911.81
354.5		3911.81
354.625		3911.81
354.75		3911.81
354.875		3911.81
355		3911.81
355.125		3932.04
355.25		3932.04
355.375		3932.04
355.5		3932.04
355.625		3932.04
355.75		3932.04
355.875		3932.04
356		3932.04
356.125		3940.13
356.25		3940.13
356.375		3940.13
356.5		3940.13
356.625		3940.13
356.75		3940.13
356.875		3940.13
357		3940.13
357.125		3944.17
357.25		3944.17
357.375		3944.17
357.5		3944.17
357.625		3944.17
357.75		3944.17
357.875		3944.17
358		3944.17
358.125		3956.31
358.25		3956.31
358.375		3956.31
358.5		3956.31
358.625		3956.31
358.75		3956.31
358.875		3956.31
359		3956.31
359.125		3972.49
359.25		3972.49
359.375		3972.49
359.5		3972.49
359.625		3972.49
359.75		3972.49
359.875		3972.49
360		3972.49
360.125		3976.54
360.25		3976.54
360.375		3976.54
360.5		3976.54
360.625		3976.54
360.75		3976.54
360.875		3976.54
361		3976.54
361.125		3992.72
361.25		3992.72
361.375		3992.72
361.5		3992.72
361.625		3992.72
361.75		3992.72
361.875		3992.72
362		3992.72
362.125		3992.72
362.25		3992.72
362.375		3992.72
362.5		3992.72
362.625		3992.72
362.75		3992.72
362.875		3992.72
363		3992.72
363.125		4016.99
363.25		4016.99
363.375		4016.99
363.5		4016.99
363.625		4016.99
363.75		4016.99
363.875		4016.99
364		4016.99
364.125		4021.04
364.25		4021.04
364.375		4021.04
364.5		4021.04
364.625		4021.04
364.75		4021.04
364.875		4021.04
365		4021.04
365.125		4029.13
365.25		4029.13
365.375		4029.13
365.5		4029.13
365.625		4029.13
365.75		4029.13
365.875		4029.13
366		4029.13
366.125		4029.13
366.25		4029.13
366.375		4029.13
366.5		4029.13
366.625		4029.13
366.75		4029.13
366.875		4029.13
367		4029.13
367.125		4033.17
367.25		4033.17
367.375		4033.17
367.5		4033.17
367.625		4033.17
367.75		4033.17
367.875		4033.17
368		4033.17
368.125		4033.17
368.25		4033.17
368.375		4033.17
368.5		4033.17
368.625		4033.17
368.75		4033.17
368.875		4033.17
369		4033.17
369.125		4033.17
369.25		4033.17
369.375		4033.17
369.5		4033.17
369.625		4033.17
369.75		4033.17
369.875		4033.17
370		4033.17
370.125		4057.44
370.25		4057.44
370.375		4057.44
370.5		4057.44
370.625		4057.44
370.75		4057.44
370.875		4057.44
371		4057.44
371.125		4077.67
371.25		4077.67
371.375		4077.67
371.5		4077.67
371.625		4077.67
371.75		4077.67
371.875		4077.67
372		4077.67
372.125		4081.72
372.25		4081.72
372.375		4081.72
372.5		4081.72
372.625		4081.72
372.75		4081.72
372.875		4081.72
373		4081.72
373.125		4081.72
373.25		4081.72
373.375		4081.72
373.5		4081.72
373.625		4081.72
373.75		4081.72
373.875		4081.72
374		4081.72
374.125		4105.99
374.25		4105.99
374.375		4105.99
374.5		4105.99
374.625		4105.99
374.75		4105.99
374.875		4105.99
375		4105.99
375.125		4105.99
375.25		4105.99
375.375		4105.99
375.5		4105.99
375.625		4105.99
375.75		4105.99
375.875		4105.99
376		4105.99
376.125		4105.99
376.25		4105.99
376.375		4105.99
376.5		4105.99
376.625		4105.99
376.75		4105.99
376.875		4105.99
377		4105.99
377.125		4126.21
377.25		4126.21
377.375		4126.21
377.5		4126.21
377.625		4126.21
377.75		4126.21
377.875		4126.21
378		4126.21
378.125		4138.35
378.25		4138.35
378.375		4138.35
378.5		4138.35
378.625		4138.35
378.75		4138.35
378.875		4138.35
379		4138.35
379.125		4150.49
379.25		4150.49
379.375		4150.49
379.5		4150.49
379.625		4150.49
379.75		4150.49
379.875		4150.49
380		4150.49
380.125		4150.49
380.25		4150.49
380.375		4150.49
380.5		4150.49
380.625		4150.49
380.75		4150.49
380.875		4150.49
381		4150.49
381.125		4150.49
381.25		4150.49
381.375		4150.49
381.5		4150.49
381.625		4150.49
381.75		4150.49
381.875		4150.49
382		4150.49
382.125		4154.53
382.25		4154.53
382.375		4154.53
382.5		4154.53
382.625		4154.53
382.75		4154.53
382.875		4154.53
383		4154.53
383.125		4166.67
383.25		4166.67
383.375		4166.67
383.5		4166.67
383.625		4166.67
383.75		4166.67
383.875		4166.67
384		4166.67
384.125		4178.8
384.25		4178.8
384.375		4178.8
384.5		4178.8
384.625		4178.8
384.75		4178.8
384.875		4178.8
385		4178.8
385.125		4190.94
385.25		4190.94
385.375		4190.94
385.5		4190.94
385.625		4190.94
385.75		4190.94
385.875		4190.94
386		4190.94
386.125		4194.98
386.25		4194.98
386.375		4194.98
386.5		4194.98
386.625		4194.98
386.75		4194.98
386.875		4194.98
387		4194.98
387.125		4203.07
387.25		4203.07
387.375		4203.07
387.5		4203.07
387.625		4203.07
387.75		4203.07
387.875		4203.07
388		4203.07
388.125		4215.21
388.25		4215.21
388.375		4215.21
388.5		4215.21
388.625		4215.21
388.75		4215.21
388.875		4215.21
389		4215.21
389.125		4227.35
389.25		4227.35
389.375		4227.35
389.5		4227.35
389.625		4227.35
389.75		4227.35
389.875		4227.35
390		4227.35
390.125		4227.35
390.25		4227.35
390.375		4227.35
390.5		4227.35
390.625		4227.35
390.75		4227.35
390.875		4227.35
391		4227.35
391.125		4259.71
391.25		4259.71
391.375		4259.71
391.5		4259.71
391.625		4259.71
391.75		4259.71
391.875		4259.71
392		4259.71
392.125		4263.75
392.25		4263.75
392.375		4263.75
392.5		4263.75
392.625		4263.75
392.75		4263.75
392.875		4263.75
393		4263.75
393.125		4275.89
393.25		4275.89
393.375		4275.89
393.5		4275.89
393.625		4275.89
393.75		4275.89
393.875		4275.89
394		4275.89
394.125		4283.98
394.25		4283.98
394.375		4283.98
394.5		4283.98
394.625		4283.98
394.75		4283.98
394.875		4283.98
395		4283.98
395.125		4283.98
395.25		4283.98
395.375		4283.98
395.5		4283.98
395.625		4283.98
395.75		4283.98
395.875		4283.98
396		4283.98
396.125		4288.03
396.25		4288.03
396.375		4288.03
396.5		4288.03
396.625		4288.03
396.75		4288.03
396.875		4288.03
397		4288.03
397.125		4312.3
397.25		4312.3
397.375		4312.3
397.5		4312.3
397.625		4312.3
397.75		4312.3
397.875		4312.3
398		4312.3
398.125		4324.43
398.25		4324.43
398.375		4324.43
398.5		4324.43
398.625		4324.43
398.75		4324.43
398.875		4324.43
399		4324.43
399.125		4324.43
399.25		4324.43
399.375		4324.43
399.5		4324.43
399.625		4324.43
399.75		4324.43
399.875		4324.43
400		4324.43
400.125		4324.43
400.25		4324.43
400.375		4324.43
400.5		4324.43
400.625		4324.43
400.75		4324.43
400.875		4324.43
401		4324.43
401.125		4324.43
401.25		4324.43
401.375		4324.43
401.5		4324.43
401.625		4324.43
401.75		4324.43
401.875		4324.43
402		4324.43
402.125		4336.57
402.25		4336.57
402.375		4336.57
402.5		4336.57
402.625		4336.57
402.75		4336.57
402.875		4336.57
403		4336.57
403.125		4340.61
403.25		4340.61
403.375		4340.61
403.5		4340.61
403.625		4340.61
403.75		4340.61
403.875		4340.61
404		4340.61
404.125		4340.61
404.25		4340.61
404.375		4340.61
404.5		4340.61
404.625		4340.61
404.75		4340.61
404.875		4340.61
405		4340.61
405.125		4348.71
405.25		4348.71
405.375		4348.71
405.5		4348.71
405.625		4348.71
405.75		4348.71
405.875		4348.71
406		4348.71
406.125		4368.93
406.25		4368.93
406.375		4368.93
406.5		4368.93
406.625		4368.93
406.75		4368.93
406.875		4368.93
407		4368.93
407.125		4368.93
407.25		4368.93
407.375		4368.93
407.5		4368.93
407.625		4368.93
407.75		4368.93
407.875		4368.93
408		4368.93
408.125		4377.02
408.25		4377.02
408.375		4377.02
408.5		4377.02
408.625		4377.02
408.75		4377.02
408.875		4377.02
409		4377.02
409.125		4401.29
409.25		4401.29
409.375		4401.29
409.5		4401.29
409.625		4401.29
409.75		4401.29
409.875		4401.29
410		4401.29
410.125		4401.29
410.25		4401.29
410.375		4401.29
410.5		4401.29
410.625		4401.29
410.75		4401.29
410.875		4401.29
411		4401.29
411.125		4413.43
411.25		4413.43
411.375		4413.43
411.5		4413.43
411.625		4413.43
411.75		4413.43
411.875		4413.43
412		4413.43
412.125		4425.57
412.25		4425.57
412.375		4425.57
412.5		4425.57
412.625		4425.57
412.75		4425.57
412.875		4425.57
413		4425.57
413.125		4425.57
413.25		4425.57
413.375		4425.57
413.5		4425.57
413.625		4425.57
413.75		4425.57
413.875		4425.57
414		4425.57
414.125		4461.97
414.25		4461.97
414.375		4461.97
414.5		4461.97
414.625		4461.97
414.75		4461.97
414.875		4461.97
415		4461.97
415.125		4461.97
415.25		4461.97
415.375		4461.97
415.5		4461.97
415.625		4461.97
415.75		4461.97
415.875		4461.97
416		4461.97
416.125		4466.02
416.25		4466.02
416.375		4466.02
416.5		4466.02
416.625		4466.02
416.75		4466.02
416.875		4466.02
417		4466.02
417.125		4478.16
417.25		4478.16
417.375		4478.16
417.5		4478.16
417.625		4478.16
417.75		4478.16
417.875		4478.16
418		4478.16
418.125		4486.25
418.25		4486.25
418.375		4486.25
418.5		4486.25
418.625		4486.25
418.75		4486.25
418.875		4486.25
419		4486.25
419.125		4498.38
419.25		4498.38
419.375		4498.38
419.5		4498.38
419.625		4498.38
419.75		4498.38
419.875		4498.38
420		4498.38
420.125		4506.47
420.25		4506.47
420.375		4506.47
420.5		4506.47
420.625		4506.47
420.75		4506.47
420.875		4506.47
421		4506.47
421.125		4510.52
421.25		4510.52
421.375		4510.52
421.5		4510.52
421.625		4510.52
421.75		4510.52
421.875		4510.52
422		4510.52
422.125		4514.56
422.25		4514.56
422.375		4514.56
422.5		4514.56
422.625		4514.56
422.75		4514.56
422.875		4514.56
423		4514.56
423.125		4534.79
423.25		4534.79
423.375		4534.79
423.5		4534.79
423.625		4534.79
423.75		4534.79
423.875		4534.79
424		4534.79
424.125		4550.97
424.25		4550.97
424.375		4550.97
424.5		4550.97
424.625		4550.97
424.75		4550.97
424.875		4550.97
425		4550.97
425.125		4571.2
425.25		4571.2
425.375		4571.2
425.5		4571.2
425.625		4571.2
425.75		4571.2
425.875		4571.2
426		4571.2
426.125		4579.29
426.25		4579.29
426.375		4579.29
426.5		4579.29
426.625		4579.29
426.75		4579.29
426.875		4579.29
427		4579.29
427.125		4583.33
427.25		4583.33
427.375		4583.33
427.5		4583.33
427.625		4583.33
427.75		4583.33
427.875		4583.33
428		4583.33
428.125		4599.51
428.25		4599.51
428.375		4599.51
428.5		4599.51
428.625		4599.51
428.75		4599.51
428.875		4599.51
429		4599.51
429.125		4607.61
429.25		4607.61
429.375		4607.61
429.5		4607.61
429.625		4607.61
429.75		4607.61
429.875		4607.61
430		4607.61
430.125		4619.74
430.25		4619.74
430.375		4619.74
430.5		4619.74
430.625		4619.74
430.75		4619.74
430.875		4619.74
431		4619.74
431.125		4623.79
431.25		4623.79
431.375		4623.79
431.5		4623.79
431.625		4623.79
431.75		4623.79
431.875		4623.79
432		4623.79
432.125		4639.97
432.25		4639.97
432.375		4639.97
432.5		4639.97
432.625		4639.97
432.75		4639.97
432.875		4639.97
433		4639.97
433.125		4656.15
433.25		4656.15
433.375		4656.15
433.5		4656.15
433.625		4656.15
433.75		4656.15
433.875		4656.15
434		4656.15
434.125		4656.15
434.25		4656.15
434.375		4656.15
434.5		4656.15
434.625		4656.15
434.75		4656.15
434.875		4656.15
435		4656.15
435.125		4660.19
435.25		4660.19
435.375		4660.19
435.5		4660.19
435.625		4660.19
435.75		4660.19
435.875		4660.19
436		4660.19
436.125		4664.24
436.25		4664.24
436.375		4664.24
436.5		4664.24
436.625		4664.24
436.75		4664.24
436.875		4664.24
437		4664.24
437.125		4680.42
437.25		4680.42
437.375		4680.42
437.5		4680.42
437.625		4680.42
437.75		4680.42
437.875		4680.42
438		4680.42
438.125		4684.47
438.25		4684.47
438.375		4684.47
438.5		4684.47
438.625		4684.47
438.75		4684.47
438.875		4684.47
439		4684.47
439.125		4696.6
439.25		4696.6
439.375		4696.6
439.5		4696.6
439.625		4696.6
439.75		4696.6
439.875		4696.6
440		4696.6
440.125		4704.69
440.25		4704.69
440.375		4704.69
440.5		4704.69
440.625		4704.69
440.75		4704.69
440.875		4704.69
441		4704.69
441.125		4728.96
441.25		4728.96
441.375		4728.96
441.5		4728.96
441.625		4728.96
441.75		4728.96
441.875		4728.96
442		4728.96
442.125		4728.96
442.25		4728.96
442.375		4728.96
442.5		4728.96
442.625		4728.96
442.75		4728.96
442.875		4728.96
443		4728.96
443.125		4737.06
443.25		4737.06
443.375		4737.06
443.5		4737.06
443.625		4737.06
443.75		4737.06
443.875		4737.06
444		4737.06
444.125		4741.1
444.25		4741.1
444.375		4741.1
444.5		4741.1
444.625		4741.1
444.75		4741.1
444.875		4741.1
445		4741.1
445.125		4749.19
445.25		4749.19
445.375		4749.19
445.5		4749.19
445.625		4749.19
445.75		4749.19
445.875		4749.19
446		4749.19
446.125		4769.42
446.25		4769.42
446.375		4769.42
446.5		4769.42
446.625		4769.42
446.75		4769.42
446.875		4769.42
447		4769.42
447.125		4769.42
447.25		4769.42
447.375		4769.42
447.5		4769.42
447.625		4769.42
447.75		4769.42
447.875		4769.42
448		4769.42
448.125		4773.46
448.25		4773.46
448.375		4773.46
448.5		4773.46
448.625		4773.46
448.75		4773.46
448.875		4773.46
449		4773.46
449.125		4785.6
449.25		4785.6
449.375		4785.6
449.5		4785.6
449.625		4785.6
449.75		4785.6
449.875		4785.6
450		4785.6
450.125		4797.73
450.25		4797.73
450.375		4797.73
450.5		4797.73
450.625		4797.73
450.75		4797.73
450.875		4797.73
451		4797.73
451.125		4801.78
451.25		4801.78
451.375		4801.78
451.5		4801.78
451.625		4801.78
451.75		4801.78
451.875		4801.78
452		4801.78
452.125		4826.05
452.25		4826.05
452.375		4826.05
452.5		4826.05
452.625		4826.05
452.75		4826.05
452.875		4826.05
453		4826.05
453.125		4830.1
453.25		4830.1
453.375		4830.1
453.5		4830.1
453.625		4830.1
453.75		4830.1
453.875		4830.1
454		4830.1
454.125		4838.19
454.25		4838.19
454.375		4838.19
454.5		4838.19
454.625		4838.19
454.75		4838.19
454.875		4838.19
455		4838.19
455.125		4838.19
455.25		4838.19
455.375		4838.19
455.5		4838.19
455.625		4838.19
455.75		4838.19
455.875		4838.19
456		4838.19
456.125		4838.19
456.25		4838.19
456.375		4838.19
456.5		4838.19
456.625		4838.19
456.75		4838.19
456.875		4838.19
457		4838.19
457.125		4850.32
457.25		4850.32
457.375		4850.32
457.5		4850.32
457.625		4850.32
457.75		4850.32
457.875		4850.32
458		4850.32
458.125		4870.55
458.25		4870.55
458.375		4870.55
458.5		4870.55
458.625		4870.55
458.75		4870.55
458.875		4870.55
459		4870.55
459.125		4882.69
459.25		4882.69
459.375		4882.69
459.5		4882.69
459.625		4882.69
459.75		4882.69
459.875		4882.69
460		4882.69
460.125		4898.87
460.25		4898.87
460.375		4898.87
460.5		4898.87
460.625		4898.87
460.75		4898.87
460.875		4898.87
461		4898.87
461.125		4902.91
461.25		4902.91
461.375		4902.91
461.5		4902.91
461.625		4902.91
461.75		4902.91
461.875		4902.91
462		4902.91
462.125		4906.96
462.25		4906.96
462.375		4906.96
462.5		4906.96
462.625		4906.96
462.75		4906.96
462.875		4906.96
463		4906.96
463.125		4906.96
463.25		4906.96
463.375		4906.96
463.5		4906.96
463.625		4906.96
463.75		4906.96
463.875		4906.96
464		4906.96
464.125		4915.05
464.25		4915.05
464.375		4915.05
464.5		4915.05
464.625		4915.05
464.75		4915.05
464.875		4915.05
465		4915.05
465.125		4919.09
465.25		4919.09
465.375		4919.09
465.5		4919.09
465.625		4919.09
465.75		4919.09
465.875		4919.09
466		4919.09
466.125		4919.09
466.25		4919.09
466.375		4919.09
466.5		4919.09
466.625		4919.09
466.75		4919.09
466.875		4919.09
467		4919.09
467.125		4931.23
467.25		4931.23
467.375		4931.23
467.5		4931.23
467.625		4931.23
467.75		4931.23
467.875		4931.23
468		4931.23
468.125		4931.23
468.25		4931.23
468.375		4931.23
468.5		4931.23
468.625		4931.23
468.75		4931.23
468.875		4931.23
469		4931.23
469.125		4943.37
469.25		4943.37
469.375		4943.37
469.5		4943.37
469.625		4943.37
469.75		4943.37
469.875		4943.37
470		4943.37
470.125		4943.37
470.25		4943.37
470.375		4943.37
470.5		4943.37
470.625		4943.37
470.75		4943.37
470.875		4943.37
471		4943.37
471.125		4951.46
471.25		4951.46
471.375		4951.46
471.5		4951.46
471.625		4951.46
471.75		4951.46
471.875		4951.46
472		4951.46
472.125		4963.59
472.25		4963.59
472.375		4963.59
472.5		4963.59
472.625		4963.59
472.75		4963.59
472.875		4963.59
473		4963.59
473.125		4971.68
473.25		4971.68
473.375		4971.68
473.5		4971.68
473.625		4971.68
473.75		4971.68
473.875		4971.68
474		4971.68
474.125		4995.95
474.25		4995.95
474.375		4995.95
474.5		4995.95
474.625		4995.95
474.75		4995.95
474.875		4995.95
475		4995.95
475.125		4995.95
475.25		4995.95
475.375		4995.95
475.5		4995.95
475.625		4995.95
475.75		4995.95
475.875		4995.95
476		4995.95
476.125		0
476.25		0
476.375		0
476.5		0
476.625		0
476.75		0
476.875		0
477		0
477.125		0
477.25		0
477.375		0
477.5		0
477.625		0
477.75		0
477.875		0
478		0
478.125		0
478.25		0
478.375		0
478.5		0
478.625		0
478.75		0
478.875		0
479		0
479.125		0
479.25		0
479.375		0
479.5		0
479.625		0
479.75		0
479.875		0
480		0
480.125		0
480.25		0
480.375		0
480.5		0
480.625		0
480.75		0
480.875		0
481		0
481.125		0
481.25		0
481.375		0
481.5		0
481.625		0
481.75		0
481.875		0
482		0
482.125		0
482.25		0
482.375		0
482.5		0
482.625		0
482.75		0
482.875		0
483		0
483.125		0
483.25		0
483.375		0
483.5		0
483.625		0
483.75		0
483.875		0
484		0
484.125		0
484.25		0
484.375		0
484.5		0
484.625		0
484.75		0
484.875		0
485		0
485.125		0
485.25		0
485.375		0
485.5		0
485.625		0
485.75		0
485.875		0
486		0
486.125		0
486.25		0
486.375		0
486.5		0
486.625		0
486.75		0
486.875		0
487		0
487.125		0
487.25		0
487.375		0
487.5		0
487.625		0
487.75		0
487.875		0
488		0
488.125		0
488.25		0
488.375		0
488.5		0
488.625		0
488.75		0
488.875		0
489		0
489.125		0
489.25		0
489.375		0
489.5		0
489.625		0
489.75		0
489.875		0
490		0
490.125		0
490.25		0
490.375		0
490.5		0
490.625		0
490.75		0
490.875		0
491		0
491.125		0
491.25		0
491.375		0
491.5		0
491.625		0
491.75		0
491.875		0
492		0
492.125		0
492.25		0
492.375		0
492.5		0
492.625		0
492.75		0
492.875		0
493		0
493.125		0
493.25		0
493.375		0
493.5		0
493.625		0
493.75		0
493.875		0
494		0
494.125		0
494.25		0
494.375		0
494.5		0
494.625		0
494.75		0
494.875		0
495		0
495.125		0
495.25		0
495.375		0
495.5		0
495.625		0
495.75		0
495.875		0
496		0
496.125		0
496.25		0
496.375		0
496.5		0
496.625		0
496.75		0
496.875		0
497		0
497.125		0
497.25		0
497.375		0
497.5		0
497.625		0
497.75		0
497.875		0
498		0
498.125		0
498.25		0
498.375		0
498.5		0
498.625		0
498.75		0
498.875		0
499		0
499.125		0
499.25		0
499.375		0
499.5		0
499.625		0
499.75		0
499.875		0
500		0
