# Calibration file of tamex_id 0 @ channel 15
# fine_T bin		 Calibration value
0.125		0
0.25		0
0.375		0
0.5		0
0.625		0
0.75		0
0.875		0
1		0
1.125		0
1.25		0
1.375		0
1.5		0
1.625		0
1.75		0
1.875		0
2		0
2.125		0
2.25		0
2.375		0
2.5		0
2.625		0
2.75		0
2.875		0
3		0
3.125		0
3.25		0
3.375		0
3.5		0
3.625		0
3.75		0
3.875		0
4		0
4.125		0
4.25		0
4.375		0
4.5		0
4.625		0
4.75		0
4.875		0
5		0
5.125		0
5.25		0
5.375		0
5.5		0
5.625		0
5.75		0
5.875		0
6		0
6.125		0
6.25		0
6.375		0
6.5		0
6.625		0
6.75		0
6.875		0
7		0
7.125		0
7.25		0
7.375		0
7.5		0
7.625		0
7.75		0
7.875		0
8		0
8.125		0
8.25		0
8.375		0
8.5		0
8.625		0
8.75		0
8.875		0
9		0
9.125		0
9.25		0
9.375		0
9.5		0
9.625		0
9.75		0
9.875		0
10		0
10.125		0
10.25		0
10.375		0
10.5		0
10.625		0
10.75		0
10.875		0
11		0
11.125		0
11.25		0
11.375		0
11.5		0
11.625		0
11.75		0
11.875		0
12		0
12.125		0
12.25		0
12.375		0
12.5		0
12.625		0
12.75		0
12.875		0
13		0
13.125		0
13.25		0
13.375		0
13.5		0
13.625		0
13.75		0
13.875		0
14		0
14.125		0
14.25		0
14.375		0
14.5		0
14.625		0
14.75		0
14.875		0
15		0
15.125		0
15.25		0
15.375		0
15.5		0
15.625		0
15.75		0
15.875		0
16		0
16.125		0
16.25		0
16.375		0
16.5		0
16.625		0
16.75		0
16.875		0
17		0
17.125		0
17.25		0
17.375		0
17.5		0
17.625		0
17.75		0
17.875		0
18		0
18.125		0
18.25		0
18.375		0
18.5		0
18.625		0
18.75		0
18.875		0
19		0
19.125		0
19.25		0
19.375		0
19.5		0
19.625		0
19.75		0
19.875		0
20		0
20.125		0
20.25		0
20.375		0
20.5		0
20.625		0
20.75		0
20.875		0
21		0
21.125		0
21.25		0
21.375		0
21.5		0
21.625		0
21.75		0
21.875		0
22		0
22.125		0
22.25		0
22.375		0
22.5		0
22.625		0
22.75		0
22.875		0
23		0
23.125		0
23.25		0
23.375		0
23.5		0
23.625		0
23.75		0
23.875		0
24		0
24.125		0
24.25		0
24.375		0
24.5		0
24.625		0
24.75		0
24.875		0
25		0
25.125		0
25.25		0
25.375		0
25.5		0
25.625		0
25.75		0
25.875		0
26		0
26.125		0
26.25		0
26.375		0
26.5		0
26.625		0
26.75		0
26.875		0
27		0
27.125		0
27.25		0
27.375		0
27.5		0
27.625		0
27.75		0
27.875		0
28		0
28.125		0
28.25		0
28.375		0
28.5		0
28.625		0
28.75		0
28.875		0
29		0
29.125		0
29.25		0
29.375		0
29.5		0
29.625		0
29.75		0
29.875		0
30		0
30.125		0
30.25		0
30.375		0
30.5		0
30.625		0
30.75		0
30.875		0
31		0
31.125		0
31.25		0
31.375		0
31.5		0
31.625		0
31.75		0
31.875		0
32		0
32.125		0
32.25		0
32.375		0
32.5		0
32.625		0
32.75		0
32.875		0
33		0
33.125		0
33.25		0
33.375		0
33.5		0
33.625		0
33.75		0
33.875		0
34		0
34.125		0
34.25		0
34.375		0
34.5		0
34.625		0
34.75		0
34.875		0
35		0
35.125		0
35.25		0
35.375		0
35.5		0
35.625		0
35.75		0
35.875		0
36		0
36.125		0
36.25		0
36.375		0
36.5		0
36.625		0
36.75		0
36.875		0
37		0
37.125		0
37.25		0
37.375		0
37.5		0
37.625		0
37.75		0
37.875		0
38		0
38.125		0
38.25		0
38.375		0
38.5		0
38.625		0
38.75		0
38.875		0
39		0
39.125		0
39.25		0
39.375		0
39.5		0
39.625		0
39.75		0
39.875		0
40		0
40.125		0
40.25		0
40.375		0
40.5		0
40.625		0
40.75		0
40.875		0
41		0
41.125		0
41.25		0
41.375		0
41.5		0
41.625		0
41.75		0
41.875		0
42		0
42.125		121.951
42.25		121.951
42.375		121.951
42.5		121.951
42.625		121.951
42.75		121.951
42.875		121.951
43		121.951
43.125		121.951
43.25		121.951
43.375		121.951
43.5		121.951
43.625		121.951
43.75		121.951
43.875		121.951
44		121.951
44.125		121.951
44.25		121.951
44.375		121.951
44.5		121.951
44.625		121.951
44.75		121.951
44.875		121.951
45		121.951
45.125		121.951
45.25		121.951
45.375		121.951
45.5		121.951
45.625		121.951
45.75		121.951
45.875		121.951
46		121.951
46.125		121.951
46.25		121.951
46.375		121.951
46.5		121.951
46.625		121.951
46.75		121.951
46.875		121.951
47		121.951
47.125		121.951
47.25		121.951
47.375		121.951
47.5		121.951
47.625		121.951
47.75		121.951
47.875		121.951
48		121.951
48.125		121.951
48.25		121.951
48.375		121.951
48.5		121.951
48.625		121.951
48.75		121.951
48.875		121.951
49		121.951
49.125		121.951
49.25		121.951
49.375		121.951
49.5		121.951
49.625		121.951
49.75		121.951
49.875		121.951
50		121.951
50.125		121.951
50.25		121.951
50.375		121.951
50.5		121.951
50.625		121.951
50.75		121.951
50.875		121.951
51		121.951
51.125		121.951
51.25		121.951
51.375		121.951
51.5		121.951
51.625		121.951
51.75		121.951
51.875		121.951
52		121.951
52.125		121.951
52.25		121.951
52.375		121.951
52.5		121.951
52.625		121.951
52.75		121.951
52.875		121.951
53		121.951
53.125		121.951
53.25		121.951
53.375		121.951
53.5		121.951
53.625		121.951
53.75		121.951
53.875		121.951
54		121.951
54.125		121.951
54.25		121.951
54.375		121.951
54.5		121.951
54.625		121.951
54.75		121.951
54.875		121.951
55		121.951
55.125		121.951
55.25		121.951
55.375		121.951
55.5		121.951
55.625		121.951
55.75		121.951
55.875		121.951
56		121.951
56.125		121.951
56.25		121.951
56.375		121.951
56.5		121.951
56.625		121.951
56.75		121.951
56.875		121.951
57		121.951
57.125		121.951
57.25		121.951
57.375		121.951
57.5		121.951
57.625		121.951
57.75		121.951
57.875		121.951
58		121.951
58.125		121.951
58.25		121.951
58.375		121.951
58.5		121.951
58.625		121.951
58.75		121.951
58.875		121.951
59		121.951
59.125		243.902
59.25		243.902
59.375		243.902
59.5		243.902
59.625		243.902
59.75		243.902
59.875		243.902
60		243.902
60.125		243.902
60.25		243.902
60.375		243.902
60.5		243.902
60.625		243.902
60.75		243.902
60.875		243.902
61		243.902
61.125		243.902
61.25		243.902
61.375		243.902
61.5		243.902
61.625		243.902
61.75		243.902
61.875		243.902
62		243.902
62.125		243.902
62.25		243.902
62.375		243.902
62.5		243.902
62.625		243.902
62.75		243.902
62.875		243.902
63		243.902
63.125		243.902
63.25		243.902
63.375		243.902
63.5		243.902
63.625		243.902
63.75		243.902
63.875		243.902
64		243.902
64.125		243.902
64.25		243.902
64.375		243.902
64.5		243.902
64.625		243.902
64.75		243.902
64.875		243.902
65		243.902
65.125		243.902
65.25		243.902
65.375		243.902
65.5		243.902
65.625		243.902
65.75		243.902
65.875		243.902
66		243.902
66.125		243.902
66.25		243.902
66.375		243.902
66.5		243.902
66.625		243.902
66.75		243.902
66.875		243.902
67		243.902
67.125		243.902
67.25		243.902
67.375		243.902
67.5		243.902
67.625		243.902
67.75		243.902
67.875		243.902
68		243.902
68.125		243.902
68.25		243.902
68.375		243.902
68.5		243.902
68.625		243.902
68.75		243.902
68.875		243.902
69		243.902
69.125		243.902
69.25		243.902
69.375		243.902
69.5		243.902
69.625		243.902
69.75		243.902
69.875		243.902
70		243.902
70.125		243.902
70.25		243.902
70.375		243.902
70.5		243.902
70.625		243.902
70.75		243.902
70.875		243.902
71		243.902
71.125		243.902
71.25		243.902
71.375		243.902
71.5		243.902
71.625		243.902
71.75		243.902
71.875		243.902
72		243.902
72.125		243.902
72.25		243.902
72.375		243.902
72.5		243.902
72.625		243.902
72.75		243.902
72.875		243.902
73		243.902
73.125		365.854
73.25		365.854
73.375		365.854
73.5		365.854
73.625		365.854
73.75		365.854
73.875		365.854
74		365.854
74.125		365.854
74.25		365.854
74.375		365.854
74.5		365.854
74.625		365.854
74.75		365.854
74.875		365.854
75		365.854
75.125		365.854
75.25		365.854
75.375		365.854
75.5		365.854
75.625		365.854
75.75		365.854
75.875		365.854
76		365.854
76.125		365.854
76.25		365.854
76.375		365.854
76.5		365.854
76.625		365.854
76.75		365.854
76.875		365.854
77		365.854
77.125		487.805
77.25		487.805
77.375		487.805
77.5		487.805
77.625		487.805
77.75		487.805
77.875		487.805
78		487.805
78.125		487.805
78.25		487.805
78.375		487.805
78.5		487.805
78.625		487.805
78.75		487.805
78.875		487.805
79		487.805
79.125		487.805
79.25		487.805
79.375		487.805
79.5		487.805
79.625		487.805
79.75		487.805
79.875		487.805
80		487.805
80.125		487.805
80.25		487.805
80.375		487.805
80.5		487.805
80.625		487.805
80.75		487.805
80.875		487.805
81		487.805
81.125		487.805
81.25		487.805
81.375		487.805
81.5		487.805
81.625		487.805
81.75		487.805
81.875		487.805
82		487.805
82.125		487.805
82.25		487.805
82.375		487.805
82.5		487.805
82.625		487.805
82.75		487.805
82.875		487.805
83		487.805
83.125		487.805
83.25		487.805
83.375		487.805
83.5		487.805
83.625		487.805
83.75		487.805
83.875		487.805
84		487.805
84.125		487.805
84.25		487.805
84.375		487.805
84.5		487.805
84.625		487.805
84.75		487.805
84.875		487.805
85		487.805
85.125		609.756
85.25		609.756
85.375		609.756
85.5		609.756
85.625		609.756
85.75		609.756
85.875		609.756
86		609.756
86.125		609.756
86.25		609.756
86.375		609.756
86.5		609.756
86.625		609.756
86.75		609.756
86.875		609.756
87		609.756
87.125		609.756
87.25		609.756
87.375		609.756
87.5		609.756
87.625		609.756
87.75		609.756
87.875		609.756
88		609.756
88.125		609.756
88.25		609.756
88.375		609.756
88.5		609.756
88.625		609.756
88.75		609.756
88.875		609.756
89		609.756
89.125		609.756
89.25		609.756
89.375		609.756
89.5		609.756
89.625		609.756
89.75		609.756
89.875		609.756
90		609.756
90.125		609.756
90.25		609.756
90.375		609.756
90.5		609.756
90.625		609.756
90.75		609.756
90.875		609.756
91		609.756
91.125		609.756
91.25		609.756
91.375		609.756
91.5		609.756
91.625		609.756
91.75		609.756
91.875		609.756
92		609.756
92.125		609.756
92.25		609.756
92.375		609.756
92.5		609.756
92.625		609.756
92.75		609.756
92.875		609.756
93		609.756
93.125		609.756
93.25		609.756
93.375		609.756
93.5		609.756
93.625		609.756
93.75		609.756
93.875		609.756
94		609.756
94.125		609.756
94.25		609.756
94.375		609.756
94.5		609.756
94.625		609.756
94.75		609.756
94.875		609.756
95		609.756
95.125		609.756
95.25		609.756
95.375		609.756
95.5		609.756
95.625		609.756
95.75		609.756
95.875		609.756
96		609.756
96.125		609.756
96.25		609.756
96.375		609.756
96.5		609.756
96.625		609.756
96.75		609.756
96.875		609.756
97		609.756
97.125		731.707
97.25		731.707
97.375		731.707
97.5		731.707
97.625		731.707
97.75		731.707
97.875		731.707
98		731.707
98.125		731.707
98.25		731.707
98.375		731.707
98.5		731.707
98.625		731.707
98.75		731.707
98.875		731.707
99		731.707
99.125		731.707
99.25		731.707
99.375		731.707
99.5		731.707
99.625		731.707
99.75		731.707
99.875		731.707
100		731.707
100.125		731.707
100.25		731.707
100.375		731.707
100.5		731.707
100.625		731.707
100.75		731.707
100.875		731.707
101		731.707
101.125		731.707
101.25		731.707
101.375		731.707
101.5		731.707
101.625		731.707
101.75		731.707
101.875		731.707
102		731.707
102.125		731.707
102.25		731.707
102.375		731.707
102.5		731.707
102.625		731.707
102.75		731.707
102.875		731.707
103		731.707
103.125		853.659
103.25		853.659
103.375		853.659
103.5		853.659
103.625		853.659
103.75		853.659
103.875		853.659
104		853.659
104.125		853.659
104.25		853.659
104.375		853.659
104.5		853.659
104.625		853.659
104.75		853.659
104.875		853.659
105		853.659
105.125		853.659
105.25		853.659
105.375		853.659
105.5		853.659
105.625		853.659
105.75		853.659
105.875		853.659
106		853.659
106.125		853.659
106.25		853.659
106.375		853.659
106.5		853.659
106.625		853.659
106.75		853.659
106.875		853.659
107		853.659
107.125		853.659
107.25		853.659
107.375		853.659
107.5		853.659
107.625		853.659
107.75		853.659
107.875		853.659
108		853.659
108.125		853.659
108.25		853.659
108.375		853.659
108.5		853.659
108.625		853.659
108.75		853.659
108.875		853.659
109		853.659
109.125		853.659
109.25		853.659
109.375		853.659
109.5		853.659
109.625		853.659
109.75		853.659
109.875		853.659
110		853.659
110.125		853.659
110.25		853.659
110.375		853.659
110.5		853.659
110.625		853.659
110.75		853.659
110.875		853.659
111		853.659
111.125		853.659
111.25		853.659
111.375		853.659
111.5		853.659
111.625		853.659
111.75		853.659
111.875		853.659
112		853.659
112.125		853.659
112.25		853.659
112.375		853.659
112.5		853.659
112.625		853.659
112.75		853.659
112.875		853.659
113		853.659
113.125		853.659
113.25		853.659
113.375		853.659
113.5		853.659
113.625		853.659
113.75		853.659
113.875		853.659
114		853.659
114.125		853.659
114.25		853.659
114.375		853.659
114.5		853.659
114.625		853.659
114.75		853.659
114.875		853.659
115		853.659
115.125		853.659
115.25		853.659
115.375		853.659
115.5		853.659
115.625		853.659
115.75		853.659
115.875		853.659
116		853.659
116.125		853.659
116.25		853.659
116.375		853.659
116.5		853.659
116.625		853.659
116.75		853.659
116.875		853.659
117		853.659
117.125		853.659
117.25		853.659
117.375		853.659
117.5		853.659
117.625		853.659
117.75		853.659
117.875		853.659
118		853.659
118.125		853.659
118.25		853.659
118.375		853.659
118.5		853.659
118.625		853.659
118.75		853.659
118.875		853.659
119		853.659
119.125		975.61
119.25		975.61
119.375		975.61
119.5		975.61
119.625		975.61
119.75		975.61
119.875		975.61
120		975.61
120.125		975.61
120.25		975.61
120.375		975.61
120.5		975.61
120.625		975.61
120.75		975.61
120.875		975.61
121		975.61
121.125		975.61
121.25		975.61
121.375		975.61
121.5		975.61
121.625		975.61
121.75		975.61
121.875		975.61
122		975.61
122.125		975.61
122.25		975.61
122.375		975.61
122.5		975.61
122.625		975.61
122.75		975.61
122.875		975.61
123		975.61
123.125		1097.56
123.25		1097.56
123.375		1097.56
123.5		1097.56
123.625		1097.56
123.75		1097.56
123.875		1097.56
124		1097.56
124.125		1097.56
124.25		1097.56
124.375		1097.56
124.5		1097.56
124.625		1097.56
124.75		1097.56
124.875		1097.56
125		1097.56
125.125		1097.56
125.25		1097.56
125.375		1097.56
125.5		1097.56
125.625		1097.56
125.75		1097.56
125.875		1097.56
126		1097.56
126.125		1097.56
126.25		1097.56
126.375		1097.56
126.5		1097.56
126.625		1097.56
126.75		1097.56
126.875		1097.56
127		1097.56
127.125		1097.56
127.25		1097.56
127.375		1097.56
127.5		1097.56
127.625		1097.56
127.75		1097.56
127.875		1097.56
128		1097.56
128.125		1097.56
128.25		1097.56
128.375		1097.56
128.5		1097.56
128.625		1097.56
128.75		1097.56
128.875		1097.56
129		1097.56
129.125		1097.56
129.25		1097.56
129.375		1097.56
129.5		1097.56
129.625		1097.56
129.75		1097.56
129.875		1097.56
130		1097.56
130.125		1097.56
130.25		1097.56
130.375		1097.56
130.5		1097.56
130.625		1097.56
130.75		1097.56
130.875		1097.56
131		1097.56
131.125		1219.51
131.25		1219.51
131.375		1219.51
131.5		1219.51
131.625		1219.51
131.75		1219.51
131.875		1219.51
132		1219.51
132.125		1219.51
132.25		1219.51
132.375		1219.51
132.5		1219.51
132.625		1219.51
132.75		1219.51
132.875		1219.51
133		1219.51
133.125		1219.51
133.25		1219.51
133.375		1219.51
133.5		1219.51
133.625		1219.51
133.75		1219.51
133.875		1219.51
134		1219.51
134.125		1219.51
134.25		1219.51
134.375		1219.51
134.5		1219.51
134.625		1219.51
134.75		1219.51
134.875		1219.51
135		1219.51
135.125		1219.51
135.25		1219.51
135.375		1219.51
135.5		1219.51
135.625		1219.51
135.75		1219.51
135.875		1219.51
136		1219.51
136.125		1341.46
136.25		1341.46
136.375		1341.46
136.5		1341.46
136.625		1341.46
136.75		1341.46
136.875		1341.46
137		1341.46
137.125		1341.46
137.25		1341.46
137.375		1341.46
137.5		1341.46
137.625		1341.46
137.75		1341.46
137.875		1341.46
138		1341.46
138.125		1341.46
138.25		1341.46
138.375		1341.46
138.5		1341.46
138.625		1341.46
138.75		1341.46
138.875		1341.46
139		1341.46
139.125		1463.41
139.25		1463.41
139.375		1463.41
139.5		1463.41
139.625		1463.41
139.75		1463.41
139.875		1463.41
140		1463.41
140.125		1463.41
140.25		1463.41
140.375		1463.41
140.5		1463.41
140.625		1463.41
140.75		1463.41
140.875		1463.41
141		1463.41
141.125		1463.41
141.25		1463.41
141.375		1463.41
141.5		1463.41
141.625		1463.41
141.75		1463.41
141.875		1463.41
142		1463.41
142.125		1463.41
142.25		1463.41
142.375		1463.41
142.5		1463.41
142.625		1463.41
142.75		1463.41
142.875		1463.41
143		1463.41
143.125		1463.41
143.25		1463.41
143.375		1463.41
143.5		1463.41
143.625		1463.41
143.75		1463.41
143.875		1463.41
144		1463.41
144.125		1463.41
144.25		1463.41
144.375		1463.41
144.5		1463.41
144.625		1463.41
144.75		1463.41
144.875		1463.41
145		1463.41
145.125		1463.41
145.25		1463.41
145.375		1463.41
145.5		1463.41
145.625		1463.41
145.75		1463.41
145.875		1463.41
146		1463.41
146.125		1463.41
146.25		1463.41
146.375		1463.41
146.5		1463.41
146.625		1463.41
146.75		1463.41
146.875		1463.41
147		1463.41
147.125		1463.41
147.25		1463.41
147.375		1463.41
147.5		1463.41
147.625		1463.41
147.75		1463.41
147.875		1463.41
148		1463.41
148.125		1463.41
148.25		1463.41
148.375		1463.41
148.5		1463.41
148.625		1463.41
148.75		1463.41
148.875		1463.41
149		1463.41
149.125		1463.41
149.25		1463.41
149.375		1463.41
149.5		1463.41
149.625		1463.41
149.75		1463.41
149.875		1463.41
150		1463.41
150.125		1463.41
150.25		1463.41
150.375		1463.41
150.5		1463.41
150.625		1463.41
150.75		1463.41
150.875		1463.41
151		1463.41
151.125		1463.41
151.25		1463.41
151.375		1463.41
151.5		1463.41
151.625		1463.41
151.75		1463.41
151.875		1463.41
152		1463.41
152.125		1463.41
152.25		1463.41
152.375		1463.41
152.5		1463.41
152.625		1463.41
152.75		1463.41
152.875		1463.41
153		1463.41
153.125		1463.41
153.25		1463.41
153.375		1463.41
153.5		1463.41
153.625		1463.41
153.75		1463.41
153.875		1463.41
154		1463.41
154.125		1463.41
154.25		1463.41
154.375		1463.41
154.5		1463.41
154.625		1463.41
154.75		1463.41
154.875		1463.41
155		1463.41
155.125		1463.41
155.25		1463.41
155.375		1463.41
155.5		1463.41
155.625		1463.41
155.75		1463.41
155.875		1463.41
156		1463.41
156.125		1463.41
156.25		1463.41
156.375		1463.41
156.5		1463.41
156.625		1463.41
156.75		1463.41
156.875		1463.41
157		1463.41
157.125		1463.41
157.25		1463.41
157.375		1463.41
157.5		1463.41
157.625		1463.41
157.75		1463.41
157.875		1463.41
158		1463.41
158.125		1463.41
158.25		1463.41
158.375		1463.41
158.5		1463.41
158.625		1463.41
158.75		1463.41
158.875		1463.41
159		1463.41
159.125		1463.41
159.25		1463.41
159.375		1463.41
159.5		1463.41
159.625		1463.41
159.75		1463.41
159.875		1463.41
160		1463.41
160.125		1463.41
160.25		1463.41
160.375		1463.41
160.5		1463.41
160.625		1463.41
160.75		1463.41
160.875		1463.41
161		1463.41
161.125		1463.41
161.25		1463.41
161.375		1463.41
161.5		1463.41
161.625		1463.41
161.75		1463.41
161.875		1463.41
162		1463.41
162.125		1463.41
162.25		1463.41
162.375		1463.41
162.5		1463.41
162.625		1463.41
162.75		1463.41
162.875		1463.41
163		1463.41
163.125		1463.41
163.25		1463.41
163.375		1463.41
163.5		1463.41
163.625		1463.41
163.75		1463.41
163.875		1463.41
164		1463.41
164.125		1463.41
164.25		1463.41
164.375		1463.41
164.5		1463.41
164.625		1463.41
164.75		1463.41
164.875		1463.41
165		1463.41
165.125		1585.37
165.25		1585.37
165.375		1585.37
165.5		1585.37
165.625		1585.37
165.75		1585.37
165.875		1585.37
166		1585.37
166.125		1585.37
166.25		1585.37
166.375		1585.37
166.5		1585.37
166.625		1585.37
166.75		1585.37
166.875		1585.37
167		1585.37
167.125		1585.37
167.25		1585.37
167.375		1585.37
167.5		1585.37
167.625		1585.37
167.75		1585.37
167.875		1585.37
168		1585.37
168.125		1585.37
168.25		1585.37
168.375		1585.37
168.5		1585.37
168.625		1585.37
168.75		1585.37
168.875		1585.37
169		1585.37
169.125		1585.37
169.25		1585.37
169.375		1585.37
169.5		1585.37
169.625		1585.37
169.75		1585.37
169.875		1585.37
170		1585.37
170.125		1585.37
170.25		1585.37
170.375		1585.37
170.5		1585.37
170.625		1585.37
170.75		1585.37
170.875		1585.37
171		1585.37
171.125		1585.37
171.25		1585.37
171.375		1585.37
171.5		1585.37
171.625		1585.37
171.75		1585.37
171.875		1585.37
172		1585.37
172.125		1585.37
172.25		1585.37
172.375		1585.37
172.5		1585.37
172.625		1585.37
172.75		1585.37
172.875		1585.37
173		1585.37
173.125		1585.37
173.25		1585.37
173.375		1585.37
173.5		1585.37
173.625		1585.37
173.75		1585.37
173.875		1585.37
174		1585.37
174.125		1585.37
174.25		1585.37
174.375		1585.37
174.5		1585.37
174.625		1585.37
174.75		1585.37
174.875		1585.37
175		1585.37
175.125		1707.32
175.25		1707.32
175.375		1707.32
175.5		1707.32
175.625		1707.32
175.75		1707.32
175.875		1707.32
176		1707.32
176.125		1707.32
176.25		1707.32
176.375		1707.32
176.5		1707.32
176.625		1707.32
176.75		1707.32
176.875		1707.32
177		1707.32
177.125		1707.32
177.25		1707.32
177.375		1707.32
177.5		1707.32
177.625		1707.32
177.75		1707.32
177.875		1707.32
178		1707.32
178.125		1707.32
178.25		1707.32
178.375		1707.32
178.5		1707.32
178.625		1707.32
178.75		1707.32
178.875		1707.32
179		1707.32
179.125		1707.32
179.25		1707.32
179.375		1707.32
179.5		1707.32
179.625		1707.32
179.75		1707.32
179.875		1707.32
180		1707.32
180.125		1829.27
180.25		1829.27
180.375		1829.27
180.5		1829.27
180.625		1829.27
180.75		1829.27
180.875		1829.27
181		1829.27
181.125		1829.27
181.25		1829.27
181.375		1829.27
181.5		1829.27
181.625		1829.27
181.75		1829.27
181.875		1829.27
182		1829.27
182.125		1829.27
182.25		1829.27
182.375		1829.27
182.5		1829.27
182.625		1829.27
182.75		1829.27
182.875		1829.27
183		1829.27
183.125		1829.27
183.25		1829.27
183.375		1829.27
183.5		1829.27
183.625		1829.27
183.75		1829.27
183.875		1829.27
184		1829.27
184.125		1829.27
184.25		1829.27
184.375		1829.27
184.5		1829.27
184.625		1829.27
184.75		1829.27
184.875		1829.27
185		1829.27
185.125		1829.27
185.25		1829.27
185.375		1829.27
185.5		1829.27
185.625		1829.27
185.75		1829.27
185.875		1829.27
186		1829.27
186.125		1829.27
186.25		1829.27
186.375		1829.27
186.5		1829.27
186.625		1829.27
186.75		1829.27
186.875		1829.27
187		1829.27
187.125		1829.27
187.25		1829.27
187.375		1829.27
187.5		1829.27
187.625		1829.27
187.75		1829.27
187.875		1829.27
188		1829.27
188.125		1829.27
188.25		1829.27
188.375		1829.27
188.5		1829.27
188.625		1829.27
188.75		1829.27
188.875		1829.27
189		1829.27
189.125		1829.27
189.25		1829.27
189.375		1829.27
189.5		1829.27
189.625		1829.27
189.75		1829.27
189.875		1829.27
190		1829.27
190.125		1829.27
190.25		1829.27
190.375		1829.27
190.5		1829.27
190.625		1829.27
190.75		1829.27
190.875		1829.27
191		1829.27
191.125		1951.22
191.25		1951.22
191.375		1951.22
191.5		1951.22
191.625		1951.22
191.75		1951.22
191.875		1951.22
192		1951.22
192.125		1951.22
192.25		1951.22
192.375		1951.22
192.5		1951.22
192.625		1951.22
192.75		1951.22
192.875		1951.22
193		1951.22
193.125		1951.22
193.25		1951.22
193.375		1951.22
193.5		1951.22
193.625		1951.22
193.75		1951.22
193.875		1951.22
194		1951.22
194.125		1951.22
194.25		1951.22
194.375		1951.22
194.5		1951.22
194.625		1951.22
194.75		1951.22
194.875		1951.22
195		1951.22
195.125		1951.22
195.25		1951.22
195.375		1951.22
195.5		1951.22
195.625		1951.22
195.75		1951.22
195.875		1951.22
196		1951.22
196.125		1951.22
196.25		1951.22
196.375		1951.22
196.5		1951.22
196.625		1951.22
196.75		1951.22
196.875		1951.22
197		1951.22
197.125		1951.22
197.25		1951.22
197.375		1951.22
197.5		1951.22
197.625		1951.22
197.75		1951.22
197.875		1951.22
198		1951.22
198.125		1951.22
198.25		1951.22
198.375		1951.22
198.5		1951.22
198.625		1951.22
198.75		1951.22
198.875		1951.22
199		1951.22
199.125		1951.22
199.25		1951.22
199.375		1951.22
199.5		1951.22
199.625		1951.22
199.75		1951.22
199.875		1951.22
200		1951.22
200.125		1951.22
200.25		1951.22
200.375		1951.22
200.5		1951.22
200.625		1951.22
200.75		1951.22
200.875		1951.22
201		1951.22
201.125		1951.22
201.25		1951.22
201.375		1951.22
201.5		1951.22
201.625		1951.22
201.75		1951.22
201.875		1951.22
202		1951.22
202.125		1951.22
202.25		1951.22
202.375		1951.22
202.5		1951.22
202.625		1951.22
202.75		1951.22
202.875		1951.22
203		1951.22
203.125		1951.22
203.25		1951.22
203.375		1951.22
203.5		1951.22
203.625		1951.22
203.75		1951.22
203.875		1951.22
204		1951.22
204.125		2073.17
204.25		2073.17
204.375		2073.17
204.5		2073.17
204.625		2073.17
204.75		2073.17
204.875		2073.17
205		2073.17
205.125		2195.12
205.25		2195.12
205.375		2195.12
205.5		2195.12
205.625		2195.12
205.75		2195.12
205.875		2195.12
206		2195.12
206.125		2195.12
206.25		2195.12
206.375		2195.12
206.5		2195.12
206.625		2195.12
206.75		2195.12
206.875		2195.12
207		2195.12
207.125		2195.12
207.25		2195.12
207.375		2195.12
207.5		2195.12
207.625		2195.12
207.75		2195.12
207.875		2195.12
208		2195.12
208.125		2195.12
208.25		2195.12
208.375		2195.12
208.5		2195.12
208.625		2195.12
208.75		2195.12
208.875		2195.12
209		2195.12
209.125		2195.12
209.25		2195.12
209.375		2195.12
209.5		2195.12
209.625		2195.12
209.75		2195.12
209.875		2195.12
210		2195.12
210.125		2195.12
210.25		2195.12
210.375		2195.12
210.5		2195.12
210.625		2195.12
210.75		2195.12
210.875		2195.12
211		2195.12
211.125		2195.12
211.25		2195.12
211.375		2195.12
211.5		2195.12
211.625		2195.12
211.75		2195.12
211.875		2195.12
212		2195.12
212.125		2195.12
212.25		2195.12
212.375		2195.12
212.5		2195.12
212.625		2195.12
212.75		2195.12
212.875		2195.12
213		2195.12
213.125		2195.12
213.25		2195.12
213.375		2195.12
213.5		2195.12
213.625		2195.12
213.75		2195.12
213.875		2195.12
214		2195.12
214.125		2195.12
214.25		2195.12
214.375		2195.12
214.5		2195.12
214.625		2195.12
214.75		2195.12
214.875		2195.12
215		2195.12
215.125		2195.12
215.25		2195.12
215.375		2195.12
215.5		2195.12
215.625		2195.12
215.75		2195.12
215.875		2195.12
216		2195.12
216.125		2195.12
216.25		2195.12
216.375		2195.12
216.5		2195.12
216.625		2195.12
216.75		2195.12
216.875		2195.12
217		2195.12
217.125		2195.12
217.25		2195.12
217.375		2195.12
217.5		2195.12
217.625		2195.12
217.75		2195.12
217.875		2195.12
218		2195.12
218.125		2195.12
218.25		2195.12
218.375		2195.12
218.5		2195.12
218.625		2195.12
218.75		2195.12
218.875		2195.12
219		2195.12
219.125		2195.12
219.25		2195.12
219.375		2195.12
219.5		2195.12
219.625		2195.12
219.75		2195.12
219.875		2195.12
220		2195.12
220.125		2195.12
220.25		2195.12
220.375		2195.12
220.5		2195.12
220.625		2195.12
220.75		2195.12
220.875		2195.12
221		2195.12
221.125		2195.12
221.25		2195.12
221.375		2195.12
221.5		2195.12
221.625		2195.12
221.75		2195.12
221.875		2195.12
222		2195.12
222.125		2195.12
222.25		2195.12
222.375		2195.12
222.5		2195.12
222.625		2195.12
222.75		2195.12
222.875		2195.12
223		2195.12
223.125		2195.12
223.25		2195.12
223.375		2195.12
223.5		2195.12
223.625		2195.12
223.75		2195.12
223.875		2195.12
224		2195.12
224.125		2195.12
224.25		2195.12
224.375		2195.12
224.5		2195.12
224.625		2195.12
224.75		2195.12
224.875		2195.12
225		2195.12
225.125		2195.12
225.25		2195.12
225.375		2195.12
225.5		2195.12
225.625		2195.12
225.75		2195.12
225.875		2195.12
226		2195.12
226.125		2195.12
226.25		2195.12
226.375		2195.12
226.5		2195.12
226.625		2195.12
226.75		2195.12
226.875		2195.12
227		2195.12
227.125		2317.07
227.25		2317.07
227.375		2317.07
227.5		2317.07
227.625		2317.07
227.75		2317.07
227.875		2317.07
228		2317.07
228.125		2317.07
228.25		2317.07
228.375		2317.07
228.5		2317.07
228.625		2317.07
228.75		2317.07
228.875		2317.07
229		2317.07
229.125		2439.02
229.25		2439.02
229.375		2439.02
229.5		2439.02
229.625		2439.02
229.75		2439.02
229.875		2439.02
230		2439.02
230.125		2560.98
230.25		2560.98
230.375		2560.98
230.5		2560.98
230.625		2560.98
230.75		2560.98
230.875		2560.98
231		2560.98
231.125		2560.98
231.25		2560.98
231.375		2560.98
231.5		2560.98
231.625		2560.98
231.75		2560.98
231.875		2560.98
232		2560.98
232.125		2560.98
232.25		2560.98
232.375		2560.98
232.5		2560.98
232.625		2560.98
232.75		2560.98
232.875		2560.98
233		2560.98
233.125		2560.98
233.25		2560.98
233.375		2560.98
233.5		2560.98
233.625		2560.98
233.75		2560.98
233.875		2560.98
234		2560.98
234.125		2560.98
234.25		2560.98
234.375		2560.98
234.5		2560.98
234.625		2560.98
234.75		2560.98
234.875		2560.98
235		2560.98
235.125		2560.98
235.25		2560.98
235.375		2560.98
235.5		2560.98
235.625		2560.98
235.75		2560.98
235.875		2560.98
236		2560.98
236.125		2560.98
236.25		2560.98
236.375		2560.98
236.5		2560.98
236.625		2560.98
236.75		2560.98
236.875		2560.98
237		2560.98
237.125		2560.98
237.25		2560.98
237.375		2560.98
237.5		2560.98
237.625		2560.98
237.75		2560.98
237.875		2560.98
238		2560.98
238.125		2560.98
238.25		2560.98
238.375		2560.98
238.5		2560.98
238.625		2560.98
238.75		2560.98
238.875		2560.98
239		2560.98
239.125		2560.98
239.25		2560.98
239.375		2560.98
239.5		2560.98
239.625		2560.98
239.75		2560.98
239.875		2560.98
240		2560.98
240.125		2560.98
240.25		2560.98
240.375		2560.98
240.5		2560.98
240.625		2560.98
240.75		2560.98
240.875		2560.98
241		2560.98
241.125		2560.98
241.25		2560.98
241.375		2560.98
241.5		2560.98
241.625		2560.98
241.75		2560.98
241.875		2560.98
242		2560.98
242.125		2560.98
242.25		2560.98
242.375		2560.98
242.5		2560.98
242.625		2560.98
242.75		2560.98
242.875		2560.98
243		2560.98
243.125		2560.98
243.25		2560.98
243.375		2560.98
243.5		2560.98
243.625		2560.98
243.75		2560.98
243.875		2560.98
244		2560.98
244.125		2560.98
244.25		2560.98
244.375		2560.98
244.5		2560.98
244.625		2560.98
244.75		2560.98
244.875		2560.98
245		2560.98
245.125		2560.98
245.25		2560.98
245.375		2560.98
245.5		2560.98
245.625		2560.98
245.75		2560.98
245.875		2560.98
246		2560.98
246.125		2560.98
246.25		2560.98
246.375		2560.98
246.5		2560.98
246.625		2560.98
246.75		2560.98
246.875		2560.98
247		2560.98
247.125		2560.98
247.25		2560.98
247.375		2560.98
247.5		2560.98
247.625		2560.98
247.75		2560.98
247.875		2560.98
248		2560.98
248.125		2560.98
248.25		2560.98
248.375		2560.98
248.5		2560.98
248.625		2560.98
248.75		2560.98
248.875		2560.98
249		2560.98
249.125		2560.98
249.25		2560.98
249.375		2560.98
249.5		2560.98
249.625		2560.98
249.75		2560.98
249.875		2560.98
250		2560.98
250.125		2560.98
250.25		2560.98
250.375		2560.98
250.5		2560.98
250.625		2560.98
250.75		2560.98
250.875		2560.98
251		2560.98
251.125		2560.98
251.25		2560.98
251.375		2560.98
251.5		2560.98
251.625		2560.98
251.75		2560.98
251.875		2560.98
252		2560.98
252.125		2560.98
252.25		2560.98
252.375		2560.98
252.5		2560.98
252.625		2560.98
252.75		2560.98
252.875		2560.98
253		2560.98
253.125		2560.98
253.25		2560.98
253.375		2560.98
253.5		2560.98
253.625		2560.98
253.75		2560.98
253.875		2560.98
254		2560.98
254.125		2560.98
254.25		2560.98
254.375		2560.98
254.5		2560.98
254.625		2560.98
254.75		2560.98
254.875		2560.98
255		2560.98
255.125		2560.98
255.25		2560.98
255.375		2560.98
255.5		2560.98
255.625		2560.98
255.75		2560.98
255.875		2560.98
256		2560.98
256.125		2560.98
256.25		2560.98
256.375		2560.98
256.5		2560.98
256.625		2560.98
256.75		2560.98
256.875		2560.98
257		2560.98
257.125		2560.98
257.25		2560.98
257.375		2560.98
257.5		2560.98
257.625		2560.98
257.75		2560.98
257.875		2560.98
258		2560.98
258.125		2560.98
258.25		2560.98
258.375		2560.98
258.5		2560.98
258.625		2560.98
258.75		2560.98
258.875		2560.98
259		2560.98
259.125		2560.98
259.25		2560.98
259.375		2560.98
259.5		2560.98
259.625		2560.98
259.75		2560.98
259.875		2560.98
260		2560.98
260.125		2560.98
260.25		2560.98
260.375		2560.98
260.5		2560.98
260.625		2560.98
260.75		2560.98
260.875		2560.98
261		2560.98
261.125		2560.98
261.25		2560.98
261.375		2560.98
261.5		2560.98
261.625		2560.98
261.75		2560.98
261.875		2560.98
262		2560.98
262.125		2560.98
262.25		2560.98
262.375		2560.98
262.5		2560.98
262.625		2560.98
262.75		2560.98
262.875		2560.98
263		2560.98
263.125		2560.98
263.25		2560.98
263.375		2560.98
263.5		2560.98
263.625		2560.98
263.75		2560.98
263.875		2560.98
264		2560.98
264.125		2560.98
264.25		2560.98
264.375		2560.98
264.5		2560.98
264.625		2560.98
264.75		2560.98
264.875		2560.98
265		2560.98
265.125		2560.98
265.25		2560.98
265.375		2560.98
265.5		2560.98
265.625		2560.98
265.75		2560.98
265.875		2560.98
266		2560.98
266.125		2682.93
266.25		2682.93
266.375		2682.93
266.5		2682.93
266.625		2682.93
266.75		2682.93
266.875		2682.93
267		2682.93
267.125		2682.93
267.25		2682.93
267.375		2682.93
267.5		2682.93
267.625		2682.93
267.75		2682.93
267.875		2682.93
268		2682.93
268.125		2682.93
268.25		2682.93
268.375		2682.93
268.5		2682.93
268.625		2682.93
268.75		2682.93
268.875		2682.93
269		2682.93
269.125		2682.93
269.25		2682.93
269.375		2682.93
269.5		2682.93
269.625		2682.93
269.75		2682.93
269.875		2682.93
270		2682.93
270.125		2682.93
270.25		2682.93
270.375		2682.93
270.5		2682.93
270.625		2682.93
270.75		2682.93
270.875		2682.93
271		2682.93
271.125		2682.93
271.25		2682.93
271.375		2682.93
271.5		2682.93
271.625		2682.93
271.75		2682.93
271.875		2682.93
272		2682.93
272.125		2682.93
272.25		2682.93
272.375		2682.93
272.5		2682.93
272.625		2682.93
272.75		2682.93
272.875		2682.93
273		2682.93
273.125		2682.93
273.25		2682.93
273.375		2682.93
273.5		2682.93
273.625		2682.93
273.75		2682.93
273.875		2682.93
274		2682.93
274.125		2682.93
274.25		2682.93
274.375		2682.93
274.5		2682.93
274.625		2682.93
274.75		2682.93
274.875		2682.93
275		2682.93
275.125		2682.93
275.25		2682.93
275.375		2682.93
275.5		2682.93
275.625		2682.93
275.75		2682.93
275.875		2682.93
276		2682.93
276.125		2682.93
276.25		2682.93
276.375		2682.93
276.5		2682.93
276.625		2682.93
276.75		2682.93
276.875		2682.93
277		2682.93
277.125		2682.93
277.25		2682.93
277.375		2682.93
277.5		2682.93
277.625		2682.93
277.75		2682.93
277.875		2682.93
278		2682.93
278.125		2682.93
278.25		2682.93
278.375		2682.93
278.5		2682.93
278.625		2682.93
278.75		2682.93
278.875		2682.93
279		2682.93
279.125		2804.88
279.25		2804.88
279.375		2804.88
279.5		2804.88
279.625		2804.88
279.75		2804.88
279.875		2804.88
280		2804.88
280.125		2804.88
280.25		2804.88
280.375		2804.88
280.5		2804.88
280.625		2804.88
280.75		2804.88
280.875		2804.88
281		2804.88
281.125		2804.88
281.25		2804.88
281.375		2804.88
281.5		2804.88
281.625		2804.88
281.75		2804.88
281.875		2804.88
282		2804.88
282.125		2804.88
282.25		2804.88
282.375		2804.88
282.5		2804.88
282.625		2804.88
282.75		2804.88
282.875		2804.88
283		2804.88
283.125		2804.88
283.25		2804.88
283.375		2804.88
283.5		2804.88
283.625		2804.88
283.75		2804.88
283.875		2804.88
284		2804.88
284.125		2804.88
284.25		2804.88
284.375		2804.88
284.5		2804.88
284.625		2804.88
284.75		2804.88
284.875		2804.88
285		2804.88
285.125		2804.88
285.25		2804.88
285.375		2804.88
285.5		2804.88
285.625		2804.88
285.75		2804.88
285.875		2804.88
286		2804.88
286.125		2804.88
286.25		2804.88
286.375		2804.88
286.5		2804.88
286.625		2804.88
286.75		2804.88
286.875		2804.88
287		2804.88
287.125		2804.88
287.25		2804.88
287.375		2804.88
287.5		2804.88
287.625		2804.88
287.75		2804.88
287.875		2804.88
288		2804.88
288.125		2804.88
288.25		2804.88
288.375		2804.88
288.5		2804.88
288.625		2804.88
288.75		2804.88
288.875		2804.88
289		2804.88
289.125		2804.88
289.25		2804.88
289.375		2804.88
289.5		2804.88
289.625		2804.88
289.75		2804.88
289.875		2804.88
290		2804.88
290.125		2804.88
290.25		2804.88
290.375		2804.88
290.5		2804.88
290.625		2804.88
290.75		2804.88
290.875		2804.88
291		2804.88
291.125		2804.88
291.25		2804.88
291.375		2804.88
291.5		2804.88
291.625		2804.88
291.75		2804.88
291.875		2804.88
292		2804.88
292.125		2804.88
292.25		2804.88
292.375		2804.88
292.5		2804.88
292.625		2804.88
292.75		2804.88
292.875		2804.88
293		2804.88
293.125		2804.88
293.25		2804.88
293.375		2804.88
293.5		2804.88
293.625		2804.88
293.75		2804.88
293.875		2804.88
294		2804.88
294.125		2804.88
294.25		2804.88
294.375		2804.88
294.5		2804.88
294.625		2804.88
294.75		2804.88
294.875		2804.88
295		2804.88
295.125		2804.88
295.25		2804.88
295.375		2804.88
295.5		2804.88
295.625		2804.88
295.75		2804.88
295.875		2804.88
296		2804.88
296.125		2804.88
296.25		2804.88
296.375		2804.88
296.5		2804.88
296.625		2804.88
296.75		2804.88
296.875		2804.88
297		2804.88
297.125		2804.88
297.25		2804.88
297.375		2804.88
297.5		2804.88
297.625		2804.88
297.75		2804.88
297.875		2804.88
298		2804.88
298.125		2804.88
298.25		2804.88
298.375		2804.88
298.5		2804.88
298.625		2804.88
298.75		2804.88
298.875		2804.88
299		2804.88
299.125		2804.88
299.25		2804.88
299.375		2804.88
299.5		2804.88
299.625		2804.88
299.75		2804.88
299.875		2804.88
300		2804.88
300.125		2804.88
300.25		2804.88
300.375		2804.88
300.5		2804.88
300.625		2804.88
300.75		2804.88
300.875		2804.88
301		2804.88
301.125		2804.88
301.25		2804.88
301.375		2804.88
301.5		2804.88
301.625		2804.88
301.75		2804.88
301.875		2804.88
302		2804.88
302.125		2804.88
302.25		2804.88
302.375		2804.88
302.5		2804.88
302.625		2804.88
302.75		2804.88
302.875		2804.88
303		2804.88
303.125		2804.88
303.25		2804.88
303.375		2804.88
303.5		2804.88
303.625		2804.88
303.75		2804.88
303.875		2804.88
304		2804.88
304.125		2804.88
304.25		2804.88
304.375		2804.88
304.5		2804.88
304.625		2804.88
304.75		2804.88
304.875		2804.88
305		2804.88
305.125		2926.83
305.25		2926.83
305.375		2926.83
305.5		2926.83
305.625		2926.83
305.75		2926.83
305.875		2926.83
306		2926.83
306.125		2926.83
306.25		2926.83
306.375		2926.83
306.5		2926.83
306.625		2926.83
306.75		2926.83
306.875		2926.83
307		2926.83
307.125		2926.83
307.25		2926.83
307.375		2926.83
307.5		2926.83
307.625		2926.83
307.75		2926.83
307.875		2926.83
308		2926.83
308.125		3048.78
308.25		3048.78
308.375		3048.78
308.5		3048.78
308.625		3048.78
308.75		3048.78
308.875		3048.78
309		3048.78
309.125		3048.78
309.25		3048.78
309.375		3048.78
309.5		3048.78
309.625		3048.78
309.75		3048.78
309.875		3048.78
310		3048.78
310.125		3048.78
310.25		3048.78
310.375		3048.78
310.5		3048.78
310.625		3048.78
310.75		3048.78
310.875		3048.78
311		3048.78
311.125		3048.78
311.25		3048.78
311.375		3048.78
311.5		3048.78
311.625		3048.78
311.75		3048.78
311.875		3048.78
312		3048.78
312.125		3048.78
312.25		3048.78
312.375		3048.78
312.5		3048.78
312.625		3048.78
312.75		3048.78
312.875		3048.78
313		3048.78
313.125		3170.73
313.25		3170.73
313.375		3170.73
313.5		3170.73
313.625		3170.73
313.75		3170.73
313.875		3170.73
314		3170.73
314.125		3170.73
314.25		3170.73
314.375		3170.73
314.5		3170.73
314.625		3170.73
314.75		3170.73
314.875		3170.73
315		3170.73
315.125		3170.73
315.25		3170.73
315.375		3170.73
315.5		3170.73
315.625		3170.73
315.75		3170.73
315.875		3170.73
316		3170.73
316.125		3170.73
316.25		3170.73
316.375		3170.73
316.5		3170.73
316.625		3170.73
316.75		3170.73
316.875		3170.73
317		3170.73
317.125		3170.73
317.25		3170.73
317.375		3170.73
317.5		3170.73
317.625		3170.73
317.75		3170.73
317.875		3170.73
318		3170.73
318.125		3170.73
318.25		3170.73
318.375		3170.73
318.5		3170.73
318.625		3170.73
318.75		3170.73
318.875		3170.73
319		3170.73
319.125		3170.73
319.25		3170.73
319.375		3170.73
319.5		3170.73
319.625		3170.73
319.75		3170.73
319.875		3170.73
320		3170.73
320.125		3170.73
320.25		3170.73
320.375		3170.73
320.5		3170.73
320.625		3170.73
320.75		3170.73
320.875		3170.73
321		3170.73
321.125		3292.68
321.25		3292.68
321.375		3292.68
321.5		3292.68
321.625		3292.68
321.75		3292.68
321.875		3292.68
322		3292.68
322.125		3414.63
322.25		3414.63
322.375		3414.63
322.5		3414.63
322.625		3414.63
322.75		3414.63
322.875		3414.63
323		3414.63
323.125		3414.63
323.25		3414.63
323.375		3414.63
323.5		3414.63
323.625		3414.63
323.75		3414.63
323.875		3414.63
324		3414.63
324.125		3414.63
324.25		3414.63
324.375		3414.63
324.5		3414.63
324.625		3414.63
324.75		3414.63
324.875		3414.63
325		3414.63
325.125		3414.63
325.25		3414.63
325.375		3414.63
325.5		3414.63
325.625		3414.63
325.75		3414.63
325.875		3414.63
326		3414.63
326.125		3414.63
326.25		3414.63
326.375		3414.63
326.5		3414.63
326.625		3414.63
326.75		3414.63
326.875		3414.63
327		3414.63
327.125		3414.63
327.25		3414.63
327.375		3414.63
327.5		3414.63
327.625		3414.63
327.75		3414.63
327.875		3414.63
328		3414.63
328.125		3414.63
328.25		3414.63
328.375		3414.63
328.5		3414.63
328.625		3414.63
328.75		3414.63
328.875		3414.63
329		3414.63
329.125		3414.63
329.25		3414.63
329.375		3414.63
329.5		3414.63
329.625		3414.63
329.75		3414.63
329.875		3414.63
330		3414.63
330.125		3414.63
330.25		3414.63
330.375		3414.63
330.5		3414.63
330.625		3414.63
330.75		3414.63
330.875		3414.63
331		3414.63
331.125		3414.63
331.25		3414.63
331.375		3414.63
331.5		3414.63
331.625		3414.63
331.75		3414.63
331.875		3414.63
332		3414.63
332.125		3414.63
332.25		3414.63
332.375		3414.63
332.5		3414.63
332.625		3414.63
332.75		3414.63
332.875		3414.63
333		3414.63
333.125		3414.63
333.25		3414.63
333.375		3414.63
333.5		3414.63
333.625		3414.63
333.75		3414.63
333.875		3414.63
334		3414.63
334.125		3414.63
334.25		3414.63
334.375		3414.63
334.5		3414.63
334.625		3414.63
334.75		3414.63
334.875		3414.63
335		3414.63
335.125		3414.63
335.25		3414.63
335.375		3414.63
335.5		3414.63
335.625		3414.63
335.75		3414.63
335.875		3414.63
336		3414.63
336.125		3414.63
336.25		3414.63
336.375		3414.63
336.5		3414.63
336.625		3414.63
336.75		3414.63
336.875		3414.63
337		3414.63
337.125		3414.63
337.25		3414.63
337.375		3414.63
337.5		3414.63
337.625		3414.63
337.75		3414.63
337.875		3414.63
338		3414.63
338.125		3414.63
338.25		3414.63
338.375		3414.63
338.5		3414.63
338.625		3414.63
338.75		3414.63
338.875		3414.63
339		3414.63
339.125		3536.59
339.25		3536.59
339.375		3536.59
339.5		3536.59
339.625		3536.59
339.75		3536.59
339.875		3536.59
340		3536.59
340.125		3536.59
340.25		3536.59
340.375		3536.59
340.5		3536.59
340.625		3536.59
340.75		3536.59
340.875		3536.59
341		3536.59
341.125		3536.59
341.25		3536.59
341.375		3536.59
341.5		3536.59
341.625		3536.59
341.75		3536.59
341.875		3536.59
342		3536.59
342.125		3536.59
342.25		3536.59
342.375		3536.59
342.5		3536.59
342.625		3536.59
342.75		3536.59
342.875		3536.59
343		3536.59
343.125		3658.54
343.25		3658.54
343.375		3658.54
343.5		3658.54
343.625		3658.54
343.75		3658.54
343.875		3658.54
344		3658.54
344.125		3658.54
344.25		3658.54
344.375		3658.54
344.5		3658.54
344.625		3658.54
344.75		3658.54
344.875		3658.54
345		3658.54
345.125		3658.54
345.25		3658.54
345.375		3658.54
345.5		3658.54
345.625		3658.54
345.75		3658.54
345.875		3658.54
346		3658.54
346.125		3658.54
346.25		3658.54
346.375		3658.54
346.5		3658.54
346.625		3658.54
346.75		3658.54
346.875		3658.54
347		3658.54
347.125		3658.54
347.25		3658.54
347.375		3658.54
347.5		3658.54
347.625		3658.54
347.75		3658.54
347.875		3658.54
348		3658.54
348.125		3658.54
348.25		3658.54
348.375		3658.54
348.5		3658.54
348.625		3658.54
348.75		3658.54
348.875		3658.54
349		3658.54
349.125		3658.54
349.25		3658.54
349.375		3658.54
349.5		3658.54
349.625		3658.54
349.75		3658.54
349.875		3658.54
350		3658.54
350.125		3658.54
350.25		3658.54
350.375		3658.54
350.5		3658.54
350.625		3658.54
350.75		3658.54
350.875		3658.54
351		3658.54
351.125		3658.54
351.25		3658.54
351.375		3658.54
351.5		3658.54
351.625		3658.54
351.75		3658.54
351.875		3658.54
352		3658.54
352.125		3658.54
352.25		3658.54
352.375		3658.54
352.5		3658.54
352.625		3658.54
352.75		3658.54
352.875		3658.54
353		3658.54
353.125		3658.54
353.25		3658.54
353.375		3658.54
353.5		3658.54
353.625		3658.54
353.75		3658.54
353.875		3658.54
354		3658.54
354.125		3658.54
354.25		3658.54
354.375		3658.54
354.5		3658.54
354.625		3658.54
354.75		3658.54
354.875		3658.54
355		3658.54
355.125		3780.49
355.25		3780.49
355.375		3780.49
355.5		3780.49
355.625		3780.49
355.75		3780.49
355.875		3780.49
356		3780.49
356.125		3780.49
356.25		3780.49
356.375		3780.49
356.5		3780.49
356.625		3780.49
356.75		3780.49
356.875		3780.49
357		3780.49
357.125		3780.49
357.25		3780.49
357.375		3780.49
357.5		3780.49
357.625		3780.49
357.75		3780.49
357.875		3780.49
358		3780.49
358.125		3780.49
358.25		3780.49
358.375		3780.49
358.5		3780.49
358.625		3780.49
358.75		3780.49
358.875		3780.49
359		3780.49
359.125		3780.49
359.25		3780.49
359.375		3780.49
359.5		3780.49
359.625		3780.49
359.75		3780.49
359.875		3780.49
360		3780.49
360.125		3780.49
360.25		3780.49
360.375		3780.49
360.5		3780.49
360.625		3780.49
360.75		3780.49
360.875		3780.49
361		3780.49
361.125		3780.49
361.25		3780.49
361.375		3780.49
361.5		3780.49
361.625		3780.49
361.75		3780.49
361.875		3780.49
362		3780.49
362.125		3780.49
362.25		3780.49
362.375		3780.49
362.5		3780.49
362.625		3780.49
362.75		3780.49
362.875		3780.49
363		3780.49
363.125		3780.49
363.25		3780.49
363.375		3780.49
363.5		3780.49
363.625		3780.49
363.75		3780.49
363.875		3780.49
364		3780.49
364.125		3780.49
364.25		3780.49
364.375		3780.49
364.5		3780.49
364.625		3780.49
364.75		3780.49
364.875		3780.49
365		3780.49
365.125		3780.49
365.25		3780.49
365.375		3780.49
365.5		3780.49
365.625		3780.49
365.75		3780.49
365.875		3780.49
366		3780.49
366.125		3780.49
366.25		3780.49
366.375		3780.49
366.5		3780.49
366.625		3780.49
366.75		3780.49
366.875		3780.49
367		3780.49
367.125		3780.49
367.25		3780.49
367.375		3780.49
367.5		3780.49
367.625		3780.49
367.75		3780.49
367.875		3780.49
368		3780.49
368.125		3902.44
368.25		3902.44
368.375		3902.44
368.5		3902.44
368.625		3902.44
368.75		3902.44
368.875		3902.44
369		3902.44
369.125		3902.44
369.25		3902.44
369.375		3902.44
369.5		3902.44
369.625		3902.44
369.75		3902.44
369.875		3902.44
370		3902.44
370.125		3902.44
370.25		3902.44
370.375		3902.44
370.5		3902.44
370.625		3902.44
370.75		3902.44
370.875		3902.44
371		3902.44
371.125		4024.39
371.25		4024.39
371.375		4024.39
371.5		4024.39
371.625		4024.39
371.75		4024.39
371.875		4024.39
372		4024.39
372.125		4024.39
372.25		4024.39
372.375		4024.39
372.5		4024.39
372.625		4024.39
372.75		4024.39
372.875		4024.39
373		4024.39
373.125		4024.39
373.25		4024.39
373.375		4024.39
373.5		4024.39
373.625		4024.39
373.75		4024.39
373.875		4024.39
374		4024.39
374.125		4024.39
374.25		4024.39
374.375		4024.39
374.5		4024.39
374.625		4024.39
374.75		4024.39
374.875		4024.39
375		4024.39
375.125		4024.39
375.25		4024.39
375.375		4024.39
375.5		4024.39
375.625		4024.39
375.75		4024.39
375.875		4024.39
376		4024.39
376.125		4024.39
376.25		4024.39
376.375		4024.39
376.5		4024.39
376.625		4024.39
376.75		4024.39
376.875		4024.39
377		4024.39
377.125		4146.34
377.25		4146.34
377.375		4146.34
377.5		4146.34
377.625		4146.34
377.75		4146.34
377.875		4146.34
378		4146.34
378.125		4146.34
378.25		4146.34
378.375		4146.34
378.5		4146.34
378.625		4146.34
378.75		4146.34
378.875		4146.34
379		4146.34
379.125		4146.34
379.25		4146.34
379.375		4146.34
379.5		4146.34
379.625		4146.34
379.75		4146.34
379.875		4146.34
380		4146.34
380.125		4146.34
380.25		4146.34
380.375		4146.34
380.5		4146.34
380.625		4146.34
380.75		4146.34
380.875		4146.34
381		4146.34
381.125		4146.34
381.25		4146.34
381.375		4146.34
381.5		4146.34
381.625		4146.34
381.75		4146.34
381.875		4146.34
382		4146.34
382.125		4146.34
382.25		4146.34
382.375		4146.34
382.5		4146.34
382.625		4146.34
382.75		4146.34
382.875		4146.34
383		4146.34
383.125		4146.34
383.25		4146.34
383.375		4146.34
383.5		4146.34
383.625		4146.34
383.75		4146.34
383.875		4146.34
384		4146.34
384.125		4146.34
384.25		4146.34
384.375		4146.34
384.5		4146.34
384.625		4146.34
384.75		4146.34
384.875		4146.34
385		4146.34
385.125		4146.34
385.25		4146.34
385.375		4146.34
385.5		4146.34
385.625		4146.34
385.75		4146.34
385.875		4146.34
386		4146.34
386.125		4146.34
386.25		4146.34
386.375		4146.34
386.5		4146.34
386.625		4146.34
386.75		4146.34
386.875		4146.34
387		4146.34
387.125		4146.34
387.25		4146.34
387.375		4146.34
387.5		4146.34
387.625		4146.34
387.75		4146.34
387.875		4146.34
388		4146.34
388.125		4146.34
388.25		4146.34
388.375		4146.34
388.5		4146.34
388.625		4146.34
388.75		4146.34
388.875		4146.34
389		4146.34
389.125		4146.34
389.25		4146.34
389.375		4146.34
389.5		4146.34
389.625		4146.34
389.75		4146.34
389.875		4146.34
390		4146.34
390.125		4146.34
390.25		4146.34
390.375		4146.34
390.5		4146.34
390.625		4146.34
390.75		4146.34
390.875		4146.34
391		4146.34
391.125		4146.34
391.25		4146.34
391.375		4146.34
391.5		4146.34
391.625		4146.34
391.75		4146.34
391.875		4146.34
392		4146.34
392.125		4146.34
392.25		4146.34
392.375		4146.34
392.5		4146.34
392.625		4146.34
392.75		4146.34
392.875		4146.34
393		4146.34
393.125		4268.29
393.25		4268.29
393.375		4268.29
393.5		4268.29
393.625		4268.29
393.75		4268.29
393.875		4268.29
394		4268.29
394.125		4268.29
394.25		4268.29
394.375		4268.29
394.5		4268.29
394.625		4268.29
394.75		4268.29
394.875		4268.29
395		4268.29
395.125		4268.29
395.25		4268.29
395.375		4268.29
395.5		4268.29
395.625		4268.29
395.75		4268.29
395.875		4268.29
396		4268.29
396.125		4390.24
396.25		4390.24
396.375		4390.24
396.5		4390.24
396.625		4390.24
396.75		4390.24
396.875		4390.24
397		4390.24
397.125		4390.24
397.25		4390.24
397.375		4390.24
397.5		4390.24
397.625		4390.24
397.75		4390.24
397.875		4390.24
398		4390.24
398.125		4390.24
398.25		4390.24
398.375		4390.24
398.5		4390.24
398.625		4390.24
398.75		4390.24
398.875		4390.24
399		4390.24
399.125		4390.24
399.25		4390.24
399.375		4390.24
399.5		4390.24
399.625		4390.24
399.75		4390.24
399.875		4390.24
400		4390.24
400.125		4390.24
400.25		4390.24
400.375		4390.24
400.5		4390.24
400.625		4390.24
400.75		4390.24
400.875		4390.24
401		4390.24
401.125		4390.24
401.25		4390.24
401.375		4390.24
401.5		4390.24
401.625		4390.24
401.75		4390.24
401.875		4390.24
402		4390.24
402.125		4390.24
402.25		4390.24
402.375		4390.24
402.5		4390.24
402.625		4390.24
402.75		4390.24
402.875		4390.24
403		4390.24
403.125		4390.24
403.25		4390.24
403.375		4390.24
403.5		4390.24
403.625		4390.24
403.75		4390.24
403.875		4390.24
404		4390.24
404.125		4390.24
404.25		4390.24
404.375		4390.24
404.5		4390.24
404.625		4390.24
404.75		4390.24
404.875		4390.24
405		4390.24
405.125		4390.24
405.25		4390.24
405.375		4390.24
405.5		4390.24
405.625		4390.24
405.75		4390.24
405.875		4390.24
406		4390.24
406.125		4634.15
406.25		4634.15
406.375		4634.15
406.5		4634.15
406.625		4634.15
406.75		4634.15
406.875		4634.15
407		4634.15
407.125		4634.15
407.25		4634.15
407.375		4634.15
407.5		4634.15
407.625		4634.15
407.75		4634.15
407.875		4634.15
408		4634.15
408.125		4634.15
408.25		4634.15
408.375		4634.15
408.5		4634.15
408.625		4634.15
408.75		4634.15
408.875		4634.15
409		4634.15
409.125		4634.15
409.25		4634.15
409.375		4634.15
409.5		4634.15
409.625		4634.15
409.75		4634.15
409.875		4634.15
410		4634.15
410.125		4634.15
410.25		4634.15
410.375		4634.15
410.5		4634.15
410.625		4634.15
410.75		4634.15
410.875		4634.15
411		4634.15
411.125		4634.15
411.25		4634.15
411.375		4634.15
411.5		4634.15
411.625		4634.15
411.75		4634.15
411.875		4634.15
412		4634.15
412.125		4634.15
412.25		4634.15
412.375		4634.15
412.5		4634.15
412.625		4634.15
412.75		4634.15
412.875		4634.15
413		4634.15
413.125		4634.15
413.25		4634.15
413.375		4634.15
413.5		4634.15
413.625		4634.15
413.75		4634.15
413.875		4634.15
414		4634.15
414.125		4634.15
414.25		4634.15
414.375		4634.15
414.5		4634.15
414.625		4634.15
414.75		4634.15
414.875		4634.15
415		4634.15
415.125		4634.15
415.25		4634.15
415.375		4634.15
415.5		4634.15
415.625		4634.15
415.75		4634.15
415.875		4634.15
416		4634.15
416.125		4634.15
416.25		4634.15
416.375		4634.15
416.5		4634.15
416.625		4634.15
416.75		4634.15
416.875		4634.15
417		4634.15
417.125		4634.15
417.25		4634.15
417.375		4634.15
417.5		4634.15
417.625		4634.15
417.75		4634.15
417.875		4634.15
418		4634.15
418.125		4756.1
418.25		4756.1
418.375		4756.1
418.5		4756.1
418.625		4756.1
418.75		4756.1
418.875		4756.1
419		4756.1
419.125		4756.1
419.25		4756.1
419.375		4756.1
419.5		4756.1
419.625		4756.1
419.75		4756.1
419.875		4756.1
420		4756.1
420.125		4756.1
420.25		4756.1
420.375		4756.1
420.5		4756.1
420.625		4756.1
420.75		4756.1
420.875		4756.1
421		4756.1
421.125		4756.1
421.25		4756.1
421.375		4756.1
421.5		4756.1
421.625		4756.1
421.75		4756.1
421.875		4756.1
422		4756.1
422.125		4756.1
422.25		4756.1
422.375		4756.1
422.5		4756.1
422.625		4756.1
422.75		4756.1
422.875		4756.1
423		4756.1
423.125		4756.1
423.25		4756.1
423.375		4756.1
423.5		4756.1
423.625		4756.1
423.75		4756.1
423.875		4756.1
424		4756.1
424.125		4878.05
424.25		4878.05
424.375		4878.05
424.5		4878.05
424.625		4878.05
424.75		4878.05
424.875		4878.05
425		4878.05
425.125		4878.05
425.25		4878.05
425.375		4878.05
425.5		4878.05
425.625		4878.05
425.75		4878.05
425.875		4878.05
426		4878.05
426.125		4878.05
426.25		4878.05
426.375		4878.05
426.5		4878.05
426.625		4878.05
426.75		4878.05
426.875		4878.05
427		4878.05
427.125		4878.05
427.25		4878.05
427.375		4878.05
427.5		4878.05
427.625		4878.05
427.75		4878.05
427.875		4878.05
428		4878.05
428.125		4878.05
428.25		4878.05
428.375		4878.05
428.5		4878.05
428.625		4878.05
428.75		4878.05
428.875		4878.05
429		4878.05
429.125		4878.05
429.25		4878.05
429.375		4878.05
429.5		4878.05
429.625		4878.05
429.75		4878.05
429.875		4878.05
430		4878.05
430.125		4878.05
430.25		4878.05
430.375		4878.05
430.5		4878.05
430.625		4878.05
430.75		4878.05
430.875		4878.05
431		4878.05
431.125		4878.05
431.25		4878.05
431.375		4878.05
431.5		4878.05
431.625		4878.05
431.75		4878.05
431.875		4878.05
432		4878.05
432.125		4878.05
432.25		4878.05
432.375		4878.05
432.5		4878.05
432.625		4878.05
432.75		4878.05
432.875		4878.05
433		4878.05
433.125		4878.05
433.25		4878.05
433.375		4878.05
433.5		4878.05
433.625		4878.05
433.75		4878.05
433.875		4878.05
434		4878.05
434.125		4878.05
434.25		4878.05
434.375		4878.05
434.5		4878.05
434.625		4878.05
434.75		4878.05
434.875		4878.05
435		4878.05
435.125		4878.05
435.25		4878.05
435.375		4878.05
435.5		4878.05
435.625		4878.05
435.75		4878.05
435.875		4878.05
436		4878.05
436.125		4878.05
436.25		4878.05
436.375		4878.05
436.5		4878.05
436.625		4878.05
436.75		4878.05
436.875		4878.05
437		4878.05
437.125		4878.05
437.25		4878.05
437.375		4878.05
437.5		4878.05
437.625		4878.05
437.75		4878.05
437.875		4878.05
438		4878.05
438.125		4878.05
438.25		4878.05
438.375		4878.05
438.5		4878.05
438.625		4878.05
438.75		4878.05
438.875		4878.05
439		4878.05
439.125		0
439.25		0
439.375		0
439.5		0
439.625		0
439.75		0
439.875		0
440		0
440.125		0
440.25		0
440.375		0
440.5		0
440.625		0
440.75		0
440.875		0
441		0
441.125		0
441.25		0
441.375		0
441.5		0
441.625		0
441.75		0
441.875		0
442		0
442.125		0
442.25		0
442.375		0
442.5		0
442.625		0
442.75		0
442.875		0
443		0
443.125		0
443.25		0
443.375		0
443.5		0
443.625		0
443.75		0
443.875		0
444		0
444.125		0
444.25		0
444.375		0
444.5		0
444.625		0
444.75		0
444.875		0
445		0
445.125		0
445.25		0
445.375		0
445.5		0
445.625		0
445.75		0
445.875		0
446		0
446.125		0
446.25		0
446.375		0
446.5		0
446.625		0
446.75		0
446.875		0
447		0
447.125		0
447.25		0
447.375		0
447.5		0
447.625		0
447.75		0
447.875		0
448		0
448.125		0
448.25		0
448.375		0
448.5		0
448.625		0
448.75		0
448.875		0
449		0
449.125		0
449.25		0
449.375		0
449.5		0
449.625		0
449.75		0
449.875		0
450		0
450.125		0
450.25		0
450.375		0
450.5		0
450.625		0
450.75		0
450.875		0
451		0
451.125		0
451.25		0
451.375		0
451.5		0
451.625		0
451.75		0
451.875		0
452		0
452.125		0
452.25		0
452.375		0
452.5		0
452.625		0
452.75		0
452.875		0
453		0
453.125		0
453.25		0
453.375		0
453.5		0
453.625		0
453.75		0
453.875		0
454		0
454.125		0
454.25		0
454.375		0
454.5		0
454.625		0
454.75		0
454.875		0
455		0
455.125		0
455.25		0
455.375		0
455.5		0
455.625		0
455.75		0
455.875		0
456		0
456.125		0
456.25		0
456.375		0
456.5		0
456.625		0
456.75		0
456.875		0
457		0
457.125		0
457.25		0
457.375		0
457.5		0
457.625		0
457.75		0
457.875		0
458		0
458.125		0
458.25		0
458.375		0
458.5		0
458.625		0
458.75		0
458.875		0
459		0
459.125		0
459.25		0
459.375		0
459.5		0
459.625		0
459.75		0
459.875		0
460		0
460.125		0
460.25		0
460.375		0
460.5		0
460.625		0
460.75		0
460.875		0
461		0
461.125		0
461.25		0
461.375		0
461.5		0
461.625		0
461.75		0
461.875		0
462		0
462.125		0
462.25		0
462.375		0
462.5		0
462.625		0
462.75		0
462.875		0
463		0
463.125		0
463.25		0
463.375		0
463.5		0
463.625		0
463.75		0
463.875		0
464		0
464.125		0
464.25		0
464.375		0
464.5		0
464.625		0
464.75		0
464.875		0
465		0
465.125		0
465.25		0
465.375		0
465.5		0
465.625		0
465.75		0
465.875		0
466		0
466.125		0
466.25		0
466.375		0
466.5		0
466.625		0
466.75		0
466.875		0
467		0
467.125		0
467.25		0
467.375		0
467.5		0
467.625		0
467.75		0
467.875		0
468		0
468.125		0
468.25		0
468.375		0
468.5		0
468.625		0
468.75		0
468.875		0
469		0
469.125		0
469.25		0
469.375		0
469.5		0
469.625		0
469.75		0
469.875		0
470		0
470.125		0
470.25		0
470.375		0
470.5		0
470.625		0
470.75		0
470.875		0
471		0
471.125		0
471.25		0
471.375		0
471.5		0
471.625		0
471.75		0
471.875		0
472		0
472.125		0
472.25		0
472.375		0
472.5		0
472.625		0
472.75		0
472.875		0
473		0
473.125		0
473.25		0
473.375		0
473.5		0
473.625		0
473.75		0
473.875		0
474		0
474.125		0
474.25		0
474.375		0
474.5		0
474.625		0
474.75		0
474.875		0
475		0
475.125		0
475.25		0
475.375		0
475.5		0
475.625		0
475.75		0
475.875		0
476		0
476.125		0
476.25		0
476.375		0
476.5		0
476.625		0
476.75		0
476.875		0
477		0
477.125		0
477.25		0
477.375		0
477.5		0
477.625		0
477.75		0
477.875		0
478		0
478.125		0
478.25		0
478.375		0
478.5		0
478.625		0
478.75		0
478.875		0
479		0
479.125		0
479.25		0
479.375		0
479.5		0
479.625		0
479.75		0
479.875		0
480		0
480.125		0
480.25		0
480.375		0
480.5		0
480.625		0
480.75		0
480.875		0
481		0
481.125		0
481.25		0
481.375		0
481.5		0
481.625		0
481.75		0
481.875		0
482		0
482.125		0
482.25		0
482.375		0
482.5		0
482.625		0
482.75		0
482.875		0
483		0
483.125		0
483.25		0
483.375		0
483.5		0
483.625		0
483.75		0
483.875		0
484		0
484.125		0
484.25		0
484.375		0
484.5		0
484.625		0
484.75		0
484.875		0
485		0
485.125		0
485.25		0
485.375		0
485.5		0
485.625		0
485.75		0
485.875		0
486		0
486.125		0
486.25		0
486.375		0
486.5		0
486.625		0
486.75		0
486.875		0
487		0
487.125		0
487.25		0
487.375		0
487.5		0
487.625		0
487.75		0
487.875		0
488		0
488.125		0
488.25		0
488.375		0
488.5		0
488.625		0
488.75		0
488.875		0
489		0
489.125		0
489.25		0
489.375		0
489.5		0
489.625		0
489.75		0
489.875		0
490		0
490.125		0
490.25		0
490.375		0
490.5		0
490.625		0
490.75		0
490.875		0
491		0
491.125		0
491.25		0
491.375		0
491.5		0
491.625		0
491.75		0
491.875		0
492		0
492.125		0
492.25		0
492.375		0
492.5		0
492.625		0
492.75		0
492.875		0
493		0
493.125		0
493.25		0
493.375		0
493.5		0
493.625		0
493.75		0
493.875		0
494		0
494.125		0
494.25		0
494.375		0
494.5		0
494.625		0
494.75		0
494.875		0
495		0
495.125		0
495.25		0
495.375		0
495.5		0
495.625		0
495.75		0
495.875		0
496		0
496.125		0
496.25		0
496.375		0
496.5		0
496.625		0
496.75		0
496.875		0
497		0
497.125		0
497.25		0
497.375		0
497.5		0
497.625		0
497.75		0
497.875		0
498		0
498.125		0
498.25		0
498.375		0
498.5		0
498.625		0
498.75		0
498.875		0
499		0
499.125		0
499.25		0
499.375		0
499.5		0
499.625		0
499.75		0
499.875		0
500		0
