# Calibration file of tamex_id 0 @ channel 14
# fine_T bin		 Calibration value
0.125		0
0.25		0
0.375		0
0.5		0
0.625		0
0.75		0
0.875		0
1		0
1.125		0
1.25		0
1.375		0
1.5		0
1.625		0
1.75		0
1.875		0
2		0
2.125		0
2.25		0
2.375		0
2.5		0
2.625		0
2.75		0
2.875		0
3		0
3.125		0
3.25		0
3.375		0
3.5		0
3.625		0
3.75		0
3.875		0
4		0
4.125		0
4.25		0
4.375		0
4.5		0
4.625		0
4.75		0
4.875		0
5		0
5.125		0
5.25		0
5.375		0
5.5		0
5.625		0
5.75		0
5.875		0
6		0
6.125		0
6.25		0
6.375		0
6.5		0
6.625		0
6.75		0
6.875		0
7		0
7.125		0
7.25		0
7.375		0
7.5		0
7.625		0
7.75		0
7.875		0
8		0
8.125		0
8.25		0
8.375		0
8.5		0
8.625		0
8.75		0
8.875		0
9		0
9.125		0
9.25		0
9.375		0
9.5		0
9.625		0
9.75		0
9.875		0
10		0
10.125		0
10.25		0
10.375		0
10.5		0
10.625		0
10.75		0
10.875		0
11		0
11.125		0
11.25		0
11.375		0
11.5		0
11.625		0
11.75		0
11.875		0
12		0
12.125		0
12.25		0
12.375		0
12.5		0
12.625		0
12.75		0
12.875		0
13		0
13.125		0
13.25		0
13.375		0
13.5		0
13.625		0
13.75		0
13.875		0
14		0
14.125		0
14.25		0
14.375		0
14.5		0
14.625		0
14.75		0
14.875		0
15		0
15.125		0
15.25		0
15.375		0
15.5		0
15.625		0
15.75		0
15.875		0
16		0
16.125		0
16.25		0
16.375		0
16.5		0
16.625		0
16.75		0
16.875		0
17		0
17.125		0
17.25		0
17.375		0
17.5		0
17.625		0
17.75		0
17.875		0
18		0
18.125		0
18.25		0
18.375		0
18.5		0
18.625		0
18.75		0
18.875		0
19		0
19.125		0
19.25		0
19.375		0
19.5		0
19.625		0
19.75		0
19.875		0
20		0
20.125		0
20.25		0
20.375		0
20.5		0
20.625		0
20.75		0
20.875		0
21		0
21.125		0
21.25		0
21.375		0
21.5		0
21.625		0
21.75		0
21.875		0
22		0
22.125		0
22.25		0
22.375		0
22.5		0
22.625		0
22.75		0
22.875		0
23		0
23.125		0
23.25		0
23.375		0
23.5		0
23.625		0
23.75		0
23.875		0
24		0
24.125		0
24.25		0
24.375		0
24.5		0
24.625		0
24.75		0
24.875		0
25		0
25.125		0
25.25		0
25.375		0
25.5		0
25.625		0
25.75		0
25.875		0
26		0
26.125		0
26.25		0
26.375		0
26.5		0
26.625		0
26.75		0
26.875		0
27		0
27.125		0
27.25		0
27.375		0
27.5		0
27.625		0
27.75		0
27.875		0
28		0
28.125		0
28.25		0
28.375		0
28.5		0
28.625		0
28.75		0
28.875		0
29		0
29.125		0
29.25		0
29.375		0
29.5		0
29.625		0
29.75		0
29.875		0
30		0
30.125		0
30.25		0
30.375		0
30.5		0
30.625		0
30.75		0
30.875		0
31		0
31.125		0.0185185
31.25		0.0185185
31.375		0.0185185
31.5		0.0185185
31.625		0.0185185
31.75		0.0185185
31.875		0.0185185
32		0.0185185
32.125		0.037037
32.25		0.037037
32.375		0.037037
32.5		0.037037
32.625		0.037037
32.75		0.037037
32.875		0.037037
33		0.037037
33.125		0.037037
33.25		0.037037
33.375		0.037037
33.5		0.037037
33.625		0.037037
33.75		0.037037
33.875		0.037037
34		0.037037
34.125		0.037037
34.25		0.037037
34.375		0.037037
34.5		0.037037
34.625		0.037037
34.75		0.037037
34.875		0.037037
35		0.037037
35.125		0.037037
35.25		0.037037
35.375		0.037037
35.5		0.037037
35.625		0.037037
35.75		0.037037
35.875		0.037037
36		0.037037
36.125		0.037037
36.25		0.037037
36.375		0.037037
36.5		0.037037
36.625		0.037037
36.75		0.037037
36.875		0.037037
37		0.037037
37.125		0.037037
37.25		0.037037
37.375		0.037037
37.5		0.037037
37.625		0.037037
37.75		0.037037
37.875		0.037037
38		0.037037
38.125		0.037037
38.25		0.037037
38.375		0.037037
38.5		0.037037
38.625		0.037037
38.75		0.037037
38.875		0.037037
39		0.037037
39.125		0.037037
39.25		0.037037
39.375		0.037037
39.5		0.037037
39.625		0.037037
39.75		0.037037
39.875		0.037037
40		0.037037
40.125		0.037037
40.25		0.037037
40.375		0.037037
40.5		0.037037
40.625		0.037037
40.75		0.037037
40.875		0.037037
41		0.037037
41.125		0.037037
41.25		0.037037
41.375		0.037037
41.5		0.037037
41.625		0.037037
41.75		0.037037
41.875		0.037037
42		0.037037
42.125		0.037037
42.25		0.037037
42.375		0.037037
42.5		0.037037
42.625		0.037037
42.75		0.037037
42.875		0.037037
43		0.037037
43.125		0.037037
43.25		0.037037
43.375		0.037037
43.5		0.037037
43.625		0.037037
43.75		0.037037
43.875		0.037037
44		0.037037
44.125		0.0555556
44.25		0.0555556
44.375		0.0555556
44.5		0.0555556
44.625		0.0555556
44.75		0.0555556
44.875		0.0555556
45		0.0555556
45.125		0.0740741
45.25		0.0740741
45.375		0.0740741
45.5		0.0740741
45.625		0.0740741
45.75		0.0740741
45.875		0.0740741
46		0.0740741
46.125		0.0740741
46.25		0.0740741
46.375		0.0740741
46.5		0.0740741
46.625		0.0740741
46.75		0.0740741
46.875		0.0740741
47		0.0740741
47.125		0.0740741
47.25		0.0740741
47.375		0.0740741
47.5		0.0740741
47.625		0.0740741
47.75		0.0740741
47.875		0.0740741
48		0.0740741
48.125		0.0740741
48.25		0.0740741
48.375		0.0740741
48.5		0.0740741
48.625		0.0740741
48.75		0.0740741
48.875		0.0740741
49		0.0740741
49.125		0.0740741
49.25		0.0740741
49.375		0.0740741
49.5		0.0740741
49.625		0.0740741
49.75		0.0740741
49.875		0.0740741
50		0.0740741
50.125		0.0740741
50.25		0.0740741
50.375		0.0740741
50.5		0.0740741
50.625		0.0740741
50.75		0.0740741
50.875		0.0740741
51		0.0740741
51.125		0.0740741
51.25		0.0740741
51.375		0.0740741
51.5		0.0740741
51.625		0.0740741
51.75		0.0740741
51.875		0.0740741
52		0.0740741
52.125		0.0740741
52.25		0.0740741
52.375		0.0740741
52.5		0.0740741
52.625		0.0740741
52.75		0.0740741
52.875		0.0740741
53		0.0740741
53.125		0.0740741
53.25		0.0740741
53.375		0.0740741
53.5		0.0740741
53.625		0.0740741
53.75		0.0740741
53.875		0.0740741
54		0.0740741
54.125		0.0740741
54.25		0.0740741
54.375		0.0740741
54.5		0.0740741
54.625		0.0740741
54.75		0.0740741
54.875		0.0740741
55		0.0740741
55.125		0.0925926
55.25		0.0925926
55.375		0.0925926
55.5		0.0925926
55.625		0.0925926
55.75		0.0925926
55.875		0.0925926
56		0.0925926
56.125		0.0925926
56.25		0.0925926
56.375		0.0925926
56.5		0.0925926
56.625		0.0925926
56.75		0.0925926
56.875		0.0925926
57		0.0925926
57.125		0.0925926
57.25		0.0925926
57.375		0.0925926
57.5		0.0925926
57.625		0.0925926
57.75		0.0925926
57.875		0.0925926
58		0.0925926
58.125		0.0925926
58.25		0.0925926
58.375		0.0925926
58.5		0.0925926
58.625		0.0925926
58.75		0.0925926
58.875		0.0925926
59		0.0925926
59.125		0.0925926
59.25		0.0925926
59.375		0.0925926
59.5		0.0925926
59.625		0.0925926
59.75		0.0925926
59.875		0.0925926
60		0.0925926
60.125		0.0925926
60.25		0.0925926
60.375		0.0925926
60.5		0.0925926
60.625		0.0925926
60.75		0.0925926
60.875		0.0925926
61		0.0925926
61.125		0.0925926
61.25		0.0925926
61.375		0.0925926
61.5		0.0925926
61.625		0.0925926
61.75		0.0925926
61.875		0.0925926
62		0.0925926
62.125		0.0925926
62.25		0.0925926
62.375		0.0925926
62.5		0.0925926
62.625		0.0925926
62.75		0.0925926
62.875		0.0925926
63		0.0925926
63.125		0.0925926
63.25		0.0925926
63.375		0.0925926
63.5		0.0925926
63.625		0.0925926
63.75		0.0925926
63.875		0.0925926
64		0.0925926
64.125		0.0925926
64.25		0.0925926
64.375		0.0925926
64.5		0.0925926
64.625		0.0925926
64.75		0.0925926
64.875		0.0925926
65		0.0925926
65.125		0.0925926
65.25		0.0925926
65.375		0.0925926
65.5		0.0925926
65.625		0.0925926
65.75		0.0925926
65.875		0.0925926
66		0.0925926
66.125		0.0925926
66.25		0.0925926
66.375		0.0925926
66.5		0.0925926
66.625		0.0925926
66.75		0.0925926
66.875		0.0925926
67		0.0925926
67.125		0.0925926
67.25		0.0925926
67.375		0.0925926
67.5		0.0925926
67.625		0.0925926
67.75		0.0925926
67.875		0.0925926
68		0.0925926
68.125		0.0925926
68.25		0.0925926
68.375		0.0925926
68.5		0.0925926
68.625		0.0925926
68.75		0.0925926
68.875		0.0925926
69		0.0925926
69.125		0.0925926
69.25		0.0925926
69.375		0.0925926
69.5		0.0925926
69.625		0.0925926
69.75		0.0925926
69.875		0.0925926
70		0.0925926
70.125		0.0925926
70.25		0.0925926
70.375		0.0925926
70.5		0.0925926
70.625		0.0925926
70.75		0.0925926
70.875		0.0925926
71		0.0925926
71.125		0.0925926
71.25		0.0925926
71.375		0.0925926
71.5		0.0925926
71.625		0.0925926
71.75		0.0925926
71.875		0.0925926
72		0.0925926
72.125		0.0925926
72.25		0.0925926
72.375		0.0925926
72.5		0.0925926
72.625		0.0925926
72.75		0.0925926
72.875		0.0925926
73		0.0925926
73.125		0.0925926
73.25		0.0925926
73.375		0.0925926
73.5		0.0925926
73.625		0.0925926
73.75		0.0925926
73.875		0.0925926
74		0.0925926
74.125		0.0925926
74.25		0.0925926
74.375		0.0925926
74.5		0.0925926
74.625		0.0925926
74.75		0.0925926
74.875		0.0925926
75		0.0925926
75.125		0.0925926
75.25		0.0925926
75.375		0.0925926
75.5		0.0925926
75.625		0.0925926
75.75		0.0925926
75.875		0.0925926
76		0.0925926
76.125		0.0925926
76.25		0.0925926
76.375		0.0925926
76.5		0.0925926
76.625		0.0925926
76.75		0.0925926
76.875		0.0925926
77		0.0925926
77.125		0.0925926
77.25		0.0925926
77.375		0.0925926
77.5		0.0925926
77.625		0.0925926
77.75		0.0925926
77.875		0.0925926
78		0.0925926
78.125		0.0925926
78.25		0.0925926
78.375		0.0925926
78.5		0.0925926
78.625		0.0925926
78.75		0.0925926
78.875		0.0925926
79		0.0925926
79.125		0.0925926
79.25		0.0925926
79.375		0.0925926
79.5		0.0925926
79.625		0.0925926
79.75		0.0925926
79.875		0.0925926
80		0.0925926
80.125		0.0925926
80.25		0.0925926
80.375		0.0925926
80.5		0.0925926
80.625		0.0925926
80.75		0.0925926
80.875		0.0925926
81		0.0925926
81.125		0.111111
81.25		0.111111
81.375		0.111111
81.5		0.111111
81.625		0.111111
81.75		0.111111
81.875		0.111111
82		0.111111
82.125		0.111111
82.25		0.111111
82.375		0.111111
82.5		0.111111
82.625		0.111111
82.75		0.111111
82.875		0.111111
83		0.111111
83.125		0.111111
83.25		0.111111
83.375		0.111111
83.5		0.111111
83.625		0.111111
83.75		0.111111
83.875		0.111111
84		0.111111
84.125		0.111111
84.25		0.111111
84.375		0.111111
84.5		0.111111
84.625		0.111111
84.75		0.111111
84.875		0.111111
85		0.111111
85.125		0.111111
85.25		0.111111
85.375		0.111111
85.5		0.111111
85.625		0.111111
85.75		0.111111
85.875		0.111111
86		0.111111
86.125		0.111111
86.25		0.111111
86.375		0.111111
86.5		0.111111
86.625		0.111111
86.75		0.111111
86.875		0.111111
87		0.111111
87.125		0.111111
87.25		0.111111
87.375		0.111111
87.5		0.111111
87.625		0.111111
87.75		0.111111
87.875		0.111111
88		0.111111
88.125		0.111111
88.25		0.111111
88.375		0.111111
88.5		0.111111
88.625		0.111111
88.75		0.111111
88.875		0.111111
89		0.111111
89.125		0.111111
89.25		0.111111
89.375		0.111111
89.5		0.111111
89.625		0.111111
89.75		0.111111
89.875		0.111111
90		0.111111
90.125		0.111111
90.25		0.111111
90.375		0.111111
90.5		0.111111
90.625		0.111111
90.75		0.111111
90.875		0.111111
91		0.111111
91.125		0.111111
91.25		0.111111
91.375		0.111111
91.5		0.111111
91.625		0.111111
91.75		0.111111
91.875		0.111111
92		0.111111
92.125		0.111111
92.25		0.111111
92.375		0.111111
92.5		0.111111
92.625		0.111111
92.75		0.111111
92.875		0.111111
93		0.111111
93.125		0.111111
93.25		0.111111
93.375		0.111111
93.5		0.111111
93.625		0.111111
93.75		0.111111
93.875		0.111111
94		0.111111
94.125		0.111111
94.25		0.111111
94.375		0.111111
94.5		0.111111
94.625		0.111111
94.75		0.111111
94.875		0.111111
95		0.111111
95.125		0.111111
95.25		0.111111
95.375		0.111111
95.5		0.111111
95.625		0.111111
95.75		0.111111
95.875		0.111111
96		0.111111
96.125		0.12963
96.25		0.12963
96.375		0.12963
96.5		0.12963
96.625		0.12963
96.75		0.12963
96.875		0.12963
97		0.12963
97.125		0.12963
97.25		0.12963
97.375		0.12963
97.5		0.12963
97.625		0.12963
97.75		0.12963
97.875		0.12963
98		0.12963
98.125		0.12963
98.25		0.12963
98.375		0.12963
98.5		0.12963
98.625		0.12963
98.75		0.12963
98.875		0.12963
99		0.12963
99.125		0.12963
99.25		0.12963
99.375		0.12963
99.5		0.12963
99.625		0.12963
99.75		0.12963
99.875		0.12963
100		0.12963
100.125		0.166667
100.25		0.166667
100.375		0.166667
100.5		0.166667
100.625		0.166667
100.75		0.166667
100.875		0.166667
101		0.166667
101.125		0.166667
101.25		0.166667
101.375		0.166667
101.5		0.166667
101.625		0.166667
101.75		0.166667
101.875		0.166667
102		0.166667
102.125		0.166667
102.25		0.166667
102.375		0.166667
102.5		0.166667
102.625		0.166667
102.75		0.166667
102.875		0.166667
103		0.166667
103.125		0.166667
103.25		0.166667
103.375		0.166667
103.5		0.166667
103.625		0.166667
103.75		0.166667
103.875		0.166667
104		0.166667
104.125		0.185185
104.25		0.185185
104.375		0.185185
104.5		0.185185
104.625		0.185185
104.75		0.185185
104.875		0.185185
105		0.185185
105.125		0.185185
105.25		0.185185
105.375		0.185185
105.5		0.185185
105.625		0.185185
105.75		0.185185
105.875		0.185185
106		0.185185
106.125		0.185185
106.25		0.185185
106.375		0.185185
106.5		0.185185
106.625		0.185185
106.75		0.185185
106.875		0.185185
107		0.185185
107.125		0.185185
107.25		0.185185
107.375		0.185185
107.5		0.185185
107.625		0.185185
107.75		0.185185
107.875		0.185185
108		0.185185
108.125		0.203704
108.25		0.203704
108.375		0.203704
108.5		0.203704
108.625		0.203704
108.75		0.203704
108.875		0.203704
109		0.203704
109.125		0.203704
109.25		0.203704
109.375		0.203704
109.5		0.203704
109.625		0.203704
109.75		0.203704
109.875		0.203704
110		0.203704
110.125		0.203704
110.25		0.203704
110.375		0.203704
110.5		0.203704
110.625		0.203704
110.75		0.203704
110.875		0.203704
111		0.203704
111.125		0.203704
111.25		0.203704
111.375		0.203704
111.5		0.203704
111.625		0.203704
111.75		0.203704
111.875		0.203704
112		0.203704
112.125		0.203704
112.25		0.203704
112.375		0.203704
112.5		0.203704
112.625		0.203704
112.75		0.203704
112.875		0.203704
113		0.203704
113.125		0.203704
113.25		0.203704
113.375		0.203704
113.5		0.203704
113.625		0.203704
113.75		0.203704
113.875		0.203704
114		0.203704
114.125		0.203704
114.25		0.203704
114.375		0.203704
114.5		0.203704
114.625		0.203704
114.75		0.203704
114.875		0.203704
115		0.203704
115.125		0.222222
115.25		0.222222
115.375		0.222222
115.5		0.222222
115.625		0.222222
115.75		0.222222
115.875		0.222222
116		0.222222
116.125		0.222222
116.25		0.222222
116.375		0.222222
116.5		0.222222
116.625		0.222222
116.75		0.222222
116.875		0.222222
117		0.222222
117.125		0.222222
117.25		0.222222
117.375		0.222222
117.5		0.222222
117.625		0.222222
117.75		0.222222
117.875		0.222222
118		0.222222
118.125		0.222222
118.25		0.222222
118.375		0.222222
118.5		0.222222
118.625		0.222222
118.75		0.222222
118.875		0.222222
119		0.222222
119.125		0.222222
119.25		0.222222
119.375		0.222222
119.5		0.222222
119.625		0.222222
119.75		0.222222
119.875		0.222222
120		0.222222
120.125		0.240741
120.25		0.240741
120.375		0.240741
120.5		0.240741
120.625		0.240741
120.75		0.240741
120.875		0.240741
121		0.240741
121.125		0.240741
121.25		0.240741
121.375		0.240741
121.5		0.240741
121.625		0.240741
121.75		0.240741
121.875		0.240741
122		0.240741
122.125		0.240741
122.25		0.240741
122.375		0.240741
122.5		0.240741
122.625		0.240741
122.75		0.240741
122.875		0.240741
123		0.240741
123.125		0.240741
123.25		0.240741
123.375		0.240741
123.5		0.240741
123.625		0.240741
123.75		0.240741
123.875		0.240741
124		0.240741
124.125		0.240741
124.25		0.240741
124.375		0.240741
124.5		0.240741
124.625		0.240741
124.75		0.240741
124.875		0.240741
125		0.240741
125.125		0.240741
125.25		0.240741
125.375		0.240741
125.5		0.240741
125.625		0.240741
125.75		0.240741
125.875		0.240741
126		0.240741
126.125		0.259259
126.25		0.259259
126.375		0.259259
126.5		0.259259
126.625		0.259259
126.75		0.259259
126.875		0.259259
127		0.259259
127.125		0.277778
127.25		0.277778
127.375		0.277778
127.5		0.277778
127.625		0.277778
127.75		0.277778
127.875		0.277778
128		0.277778
128.125		0.277778
128.25		0.277778
128.375		0.277778
128.5		0.277778
128.625		0.277778
128.75		0.277778
128.875		0.277778
129		0.277778
129.125		0.277778
129.25		0.277778
129.375		0.277778
129.5		0.277778
129.625		0.277778
129.75		0.277778
129.875		0.277778
130		0.277778
130.125		0.277778
130.25		0.277778
130.375		0.277778
130.5		0.277778
130.625		0.277778
130.75		0.277778
130.875		0.277778
131		0.277778
131.125		0.277778
131.25		0.277778
131.375		0.277778
131.5		0.277778
131.625		0.277778
131.75		0.277778
131.875		0.277778
132		0.277778
132.125		0.277778
132.25		0.277778
132.375		0.277778
132.5		0.277778
132.625		0.277778
132.75		0.277778
132.875		0.277778
133		0.277778
133.125		0.277778
133.25		0.277778
133.375		0.277778
133.5		0.277778
133.625		0.277778
133.75		0.277778
133.875		0.277778
134		0.277778
134.125		0.277778
134.25		0.277778
134.375		0.277778
134.5		0.277778
134.625		0.277778
134.75		0.277778
134.875		0.277778
135		0.277778
135.125		0.277778
135.25		0.277778
135.375		0.277778
135.5		0.277778
135.625		0.277778
135.75		0.277778
135.875		0.277778
136		0.277778
136.125		0.277778
136.25		0.277778
136.375		0.277778
136.5		0.277778
136.625		0.277778
136.75		0.277778
136.875		0.277778
137		0.277778
137.125		0.277778
137.25		0.277778
137.375		0.277778
137.5		0.277778
137.625		0.277778
137.75		0.277778
137.875		0.277778
138		0.277778
138.125		0.277778
138.25		0.277778
138.375		0.277778
138.5		0.277778
138.625		0.277778
138.75		0.277778
138.875		0.277778
139		0.277778
139.125		0.277778
139.25		0.277778
139.375		0.277778
139.5		0.277778
139.625		0.277778
139.75		0.277778
139.875		0.277778
140		0.277778
140.125		0.296296
140.25		0.296296
140.375		0.296296
140.5		0.296296
140.625		0.296296
140.75		0.296296
140.875		0.296296
141		0.296296
141.125		0.296296
141.25		0.296296
141.375		0.296296
141.5		0.296296
141.625		0.296296
141.75		0.296296
141.875		0.296296
142		0.296296
142.125		0.296296
142.25		0.296296
142.375		0.296296
142.5		0.296296
142.625		0.296296
142.75		0.296296
142.875		0.296296
143		0.296296
143.125		0.296296
143.25		0.296296
143.375		0.296296
143.5		0.296296
143.625		0.296296
143.75		0.296296
143.875		0.296296
144		0.296296
144.125		0.296296
144.25		0.296296
144.375		0.296296
144.5		0.296296
144.625		0.296296
144.75		0.296296
144.875		0.296296
145		0.296296
145.125		0.296296
145.25		0.296296
145.375		0.296296
145.5		0.296296
145.625		0.296296
145.75		0.296296
145.875		0.296296
146		0.296296
146.125		0.296296
146.25		0.296296
146.375		0.296296
146.5		0.296296
146.625		0.296296
146.75		0.296296
146.875		0.296296
147		0.296296
147.125		0.296296
147.25		0.296296
147.375		0.296296
147.5		0.296296
147.625		0.296296
147.75		0.296296
147.875		0.296296
148		0.296296
148.125		0.314815
148.25		0.314815
148.375		0.314815
148.5		0.314815
148.625		0.314815
148.75		0.314815
148.875		0.314815
149		0.314815
149.125		0.333333
149.25		0.333333
149.375		0.333333
149.5		0.333333
149.625		0.333333
149.75		0.333333
149.875		0.333333
150		0.333333
150.125		0.333333
150.25		0.333333
150.375		0.333333
150.5		0.333333
150.625		0.333333
150.75		0.333333
150.875		0.333333
151		0.333333
151.125		0.333333
151.25		0.333333
151.375		0.333333
151.5		0.333333
151.625		0.333333
151.75		0.333333
151.875		0.333333
152		0.333333
152.125		0.351852
152.25		0.351852
152.375		0.351852
152.5		0.351852
152.625		0.351852
152.75		0.351852
152.875		0.351852
153		0.351852
153.125		0.351852
153.25		0.351852
153.375		0.351852
153.5		0.351852
153.625		0.351852
153.75		0.351852
153.875		0.351852
154		0.351852
154.125		0.351852
154.25		0.351852
154.375		0.351852
154.5		0.351852
154.625		0.351852
154.75		0.351852
154.875		0.351852
155		0.351852
155.125		0.351852
155.25		0.351852
155.375		0.351852
155.5		0.351852
155.625		0.351852
155.75		0.351852
155.875		0.351852
156		0.351852
156.125		0.37037
156.25		0.37037
156.375		0.37037
156.5		0.37037
156.625		0.37037
156.75		0.37037
156.875		0.37037
157		0.37037
157.125		0.37037
157.25		0.37037
157.375		0.37037
157.5		0.37037
157.625		0.37037
157.75		0.37037
157.875		0.37037
158		0.37037
158.125		0.37037
158.25		0.37037
158.375		0.37037
158.5		0.37037
158.625		0.37037
158.75		0.37037
158.875		0.37037
159		0.37037
159.125		0.388889
159.25		0.388889
159.375		0.388889
159.5		0.388889
159.625		0.388889
159.75		0.388889
159.875		0.388889
160		0.388889
160.125		0.388889
160.25		0.388889
160.375		0.388889
160.5		0.388889
160.625		0.388889
160.75		0.388889
160.875		0.388889
161		0.388889
161.125		0.388889
161.25		0.388889
161.375		0.388889
161.5		0.388889
161.625		0.388889
161.75		0.388889
161.875		0.388889
162		0.388889
162.125		0.388889
162.25		0.388889
162.375		0.388889
162.5		0.388889
162.625		0.388889
162.75		0.388889
162.875		0.388889
163		0.388889
163.125		0.444444
163.25		0.444444
163.375		0.444444
163.5		0.444444
163.625		0.444444
163.75		0.444444
163.875		0.444444
164		0.444444
164.125		0.444444
164.25		0.444444
164.375		0.444444
164.5		0.444444
164.625		0.444444
164.75		0.444444
164.875		0.444444
165		0.444444
165.125		0.444444
165.25		0.444444
165.375		0.444444
165.5		0.444444
165.625		0.444444
165.75		0.444444
165.875		0.444444
166		0.444444
166.125		0.444444
166.25		0.444444
166.375		0.444444
166.5		0.444444
166.625		0.444444
166.75		0.444444
166.875		0.444444
167		0.444444
167.125		0.444444
167.25		0.444444
167.375		0.444444
167.5		0.444444
167.625		0.444444
167.75		0.444444
167.875		0.444444
168		0.444444
168.125		0.444444
168.25		0.444444
168.375		0.444444
168.5		0.444444
168.625		0.444444
168.75		0.444444
168.875		0.444444
169		0.444444
169.125		0.444444
169.25		0.444444
169.375		0.444444
169.5		0.444444
169.625		0.444444
169.75		0.444444
169.875		0.444444
170		0.444444
170.125		0.444444
170.25		0.444444
170.375		0.444444
170.5		0.444444
170.625		0.444444
170.75		0.444444
170.875		0.444444
171		0.444444
171.125		0.444444
171.25		0.444444
171.375		0.444444
171.5		0.444444
171.625		0.444444
171.75		0.444444
171.875		0.444444
172		0.444444
172.125		0.444444
172.25		0.444444
172.375		0.444444
172.5		0.444444
172.625		0.444444
172.75		0.444444
172.875		0.444444
173		0.444444
173.125		0.444444
173.25		0.444444
173.375		0.444444
173.5		0.444444
173.625		0.444444
173.75		0.444444
173.875		0.444444
174		0.444444
174.125		0.444444
174.25		0.444444
174.375		0.444444
174.5		0.444444
174.625		0.444444
174.75		0.444444
174.875		0.444444
175		0.444444
175.125		0.444444
175.25		0.444444
175.375		0.444444
175.5		0.444444
175.625		0.444444
175.75		0.444444
175.875		0.444444
176		0.444444
176.125		0.444444
176.25		0.444444
176.375		0.444444
176.5		0.444444
176.625		0.444444
176.75		0.444444
176.875		0.444444
177		0.444444
177.125		0.444444
177.25		0.444444
177.375		0.444444
177.5		0.444444
177.625		0.444444
177.75		0.444444
177.875		0.444444
178		0.444444
178.125		0.444444
178.25		0.444444
178.375		0.444444
178.5		0.444444
178.625		0.444444
178.75		0.444444
178.875		0.444444
179		0.444444
179.125		0.444444
179.25		0.444444
179.375		0.444444
179.5		0.444444
179.625		0.444444
179.75		0.444444
179.875		0.444444
180		0.444444
180.125		0.444444
180.25		0.444444
180.375		0.444444
180.5		0.444444
180.625		0.444444
180.75		0.444444
180.875		0.444444
181		0.444444
181.125		0.444444
181.25		0.444444
181.375		0.444444
181.5		0.444444
181.625		0.444444
181.75		0.444444
181.875		0.444444
182		0.444444
182.125		0.444444
182.25		0.444444
182.375		0.444444
182.5		0.444444
182.625		0.444444
182.75		0.444444
182.875		0.444444
183		0.444444
183.125		0.462963
183.25		0.462963
183.375		0.462963
183.5		0.462963
183.625		0.462963
183.75		0.462963
183.875		0.462963
184		0.462963
184.125		0.462963
184.25		0.462963
184.375		0.462963
184.5		0.462963
184.625		0.462963
184.75		0.462963
184.875		0.462963
185		0.462963
185.125		0.462963
185.25		0.462963
185.375		0.462963
185.5		0.462963
185.625		0.462963
185.75		0.462963
185.875		0.462963
186		0.462963
186.125		0.462963
186.25		0.462963
186.375		0.462963
186.5		0.462963
186.625		0.462963
186.75		0.462963
186.875		0.462963
187		0.462963
187.125		0.462963
187.25		0.462963
187.375		0.462963
187.5		0.462963
187.625		0.462963
187.75		0.462963
187.875		0.462963
188		0.462963
188.125		0.462963
188.25		0.462963
188.375		0.462963
188.5		0.462963
188.625		0.462963
188.75		0.462963
188.875		0.462963
189		0.462963
189.125		0.462963
189.25		0.462963
189.375		0.462963
189.5		0.462963
189.625		0.462963
189.75		0.462963
189.875		0.462963
190		0.462963
190.125		0.462963
190.25		0.462963
190.375		0.462963
190.5		0.462963
190.625		0.462963
190.75		0.462963
190.875		0.462963
191		0.462963
191.125		0.462963
191.25		0.462963
191.375		0.462963
191.5		0.462963
191.625		0.462963
191.75		0.462963
191.875		0.462963
192		0.462963
192.125		0.462963
192.25		0.462963
192.375		0.462963
192.5		0.462963
192.625		0.462963
192.75		0.462963
192.875		0.462963
193		0.462963
193.125		0.462963
193.25		0.462963
193.375		0.462963
193.5		0.462963
193.625		0.462963
193.75		0.462963
193.875		0.462963
194		0.462963
194.125		0.462963
194.25		0.462963
194.375		0.462963
194.5		0.462963
194.625		0.462963
194.75		0.462963
194.875		0.462963
195		0.462963
195.125		0.462963
195.25		0.462963
195.375		0.462963
195.5		0.462963
195.625		0.462963
195.75		0.462963
195.875		0.462963
196		0.462963
196.125		0.462963
196.25		0.462963
196.375		0.462963
196.5		0.462963
196.625		0.462963
196.75		0.462963
196.875		0.462963
197		0.462963
197.125		0.481481
197.25		0.481481
197.375		0.481481
197.5		0.481481
197.625		0.481481
197.75		0.481481
197.875		0.481481
198		0.481481
198.125		0.5
198.25		0.5
198.375		0.5
198.5		0.5
198.625		0.5
198.75		0.5
198.875		0.5
199		0.5
199.125		0.5
199.25		0.5
199.375		0.5
199.5		0.5
199.625		0.5
199.75		0.5
199.875		0.5
200		0.5
200.125		0.5
200.25		0.5
200.375		0.5
200.5		0.5
200.625		0.5
200.75		0.5
200.875		0.5
201		0.5
201.125		0.5
201.25		0.5
201.375		0.5
201.5		0.5
201.625		0.5
201.75		0.5
201.875		0.5
202		0.5
202.125		0.5
202.25		0.5
202.375		0.5
202.5		0.5
202.625		0.5
202.75		0.5
202.875		0.5
203		0.5
203.125		0.5
203.25		0.5
203.375		0.5
203.5		0.5
203.625		0.5
203.75		0.5
203.875		0.5
204		0.5
204.125		0.5
204.25		0.5
204.375		0.5
204.5		0.5
204.625		0.5
204.75		0.5
204.875		0.5
205		0.5
205.125		0.5
205.25		0.5
205.375		0.5
205.5		0.5
205.625		0.5
205.75		0.5
205.875		0.5
206		0.5
206.125		0.5
206.25		0.5
206.375		0.5
206.5		0.5
206.625		0.5
206.75		0.5
206.875		0.5
207		0.5
207.125		0.5
207.25		0.5
207.375		0.5
207.5		0.5
207.625		0.5
207.75		0.5
207.875		0.5
208		0.5
208.125		0.5
208.25		0.5
208.375		0.5
208.5		0.5
208.625		0.5
208.75		0.5
208.875		0.5
209		0.5
209.125		0.518519
209.25		0.518519
209.375		0.518519
209.5		0.518519
209.625		0.518519
209.75		0.518519
209.875		0.518519
210		0.518519
210.125		0.518519
210.25		0.518519
210.375		0.518519
210.5		0.518519
210.625		0.518519
210.75		0.518519
210.875		0.518519
211		0.518519
211.125		0.518519
211.25		0.518519
211.375		0.518519
211.5		0.518519
211.625		0.518519
211.75		0.518519
211.875		0.518519
212		0.518519
212.125		0.518519
212.25		0.518519
212.375		0.518519
212.5		0.518519
212.625		0.518519
212.75		0.518519
212.875		0.518519
213		0.518519
213.125		0.518519
213.25		0.518519
213.375		0.518519
213.5		0.518519
213.625		0.518519
213.75		0.518519
213.875		0.518519
214		0.518519
214.125		0.518519
214.25		0.518519
214.375		0.518519
214.5		0.518519
214.625		0.518519
214.75		0.518519
214.875		0.518519
215		0.518519
215.125		0.518519
215.25		0.518519
215.375		0.518519
215.5		0.518519
215.625		0.518519
215.75		0.518519
215.875		0.518519
216		0.518519
216.125		0.518519
216.25		0.518519
216.375		0.518519
216.5		0.518519
216.625		0.518519
216.75		0.518519
216.875		0.518519
217		0.518519
217.125		0.518519
217.25		0.518519
217.375		0.518519
217.5		0.518519
217.625		0.518519
217.75		0.518519
217.875		0.518519
218		0.518519
218.125		0.518519
218.25		0.518519
218.375		0.518519
218.5		0.518519
218.625		0.518519
218.75		0.518519
218.875		0.518519
219		0.518519
219.125		0.518519
219.25		0.518519
219.375		0.518519
219.5		0.518519
219.625		0.518519
219.75		0.518519
219.875		0.518519
220		0.518519
220.125		0.518519
220.25		0.518519
220.375		0.518519
220.5		0.518519
220.625		0.518519
220.75		0.518519
220.875		0.518519
221		0.518519
221.125		0.555556
221.25		0.555556
221.375		0.555556
221.5		0.555556
221.625		0.555556
221.75		0.555556
221.875		0.555556
222		0.555556
222.125		0.555556
222.25		0.555556
222.375		0.555556
222.5		0.555556
222.625		0.555556
222.75		0.555556
222.875		0.555556
223		0.555556
223.125		0.555556
223.25		0.555556
223.375		0.555556
223.5		0.555556
223.625		0.555556
223.75		0.555556
223.875		0.555556
224		0.555556
224.125		0.555556
224.25		0.555556
224.375		0.555556
224.5		0.555556
224.625		0.555556
224.75		0.555556
224.875		0.555556
225		0.555556
225.125		0.574074
225.25		0.574074
225.375		0.574074
225.5		0.574074
225.625		0.574074
225.75		0.574074
225.875		0.574074
226		0.574074
226.125		0.574074
226.25		0.574074
226.375		0.574074
226.5		0.574074
226.625		0.574074
226.75		0.574074
226.875		0.574074
227		0.574074
227.125		0.574074
227.25		0.574074
227.375		0.574074
227.5		0.574074
227.625		0.574074
227.75		0.574074
227.875		0.574074
228		0.574074
228.125		0.574074
228.25		0.574074
228.375		0.574074
228.5		0.574074
228.625		0.574074
228.75		0.574074
228.875		0.574074
229		0.574074
229.125		0.574074
229.25		0.574074
229.375		0.574074
229.5		0.574074
229.625		0.574074
229.75		0.574074
229.875		0.574074
230		0.574074
230.125		0.592593
230.25		0.592593
230.375		0.592593
230.5		0.592593
230.625		0.592593
230.75		0.592593
230.875		0.592593
231		0.592593
231.125		0.592593
231.25		0.592593
231.375		0.592593
231.5		0.592593
231.625		0.592593
231.75		0.592593
231.875		0.592593
232		0.592593
232.125		0.611111
232.25		0.611111
232.375		0.611111
232.5		0.611111
232.625		0.611111
232.75		0.611111
232.875		0.611111
233		0.611111
233.125		0.611111
233.25		0.611111
233.375		0.611111
233.5		0.611111
233.625		0.611111
233.75		0.611111
233.875		0.611111
234		0.611111
234.125		0.611111
234.25		0.611111
234.375		0.611111
234.5		0.611111
234.625		0.611111
234.75		0.611111
234.875		0.611111
235		0.611111
235.125		0.62963
235.25		0.62963
235.375		0.62963
235.5		0.62963
235.625		0.62963
235.75		0.62963
235.875		0.62963
236		0.62963
236.125		0.62963
236.25		0.62963
236.375		0.62963
236.5		0.62963
236.625		0.62963
236.75		0.62963
236.875		0.62963
237		0.62963
237.125		0.62963
237.25		0.62963
237.375		0.62963
237.5		0.62963
237.625		0.62963
237.75		0.62963
237.875		0.62963
238		0.62963
238.125		0.62963
238.25		0.62963
238.375		0.62963
238.5		0.62963
238.625		0.62963
238.75		0.62963
238.875		0.62963
239		0.62963
239.125		0.62963
239.25		0.62963
239.375		0.62963
239.5		0.62963
239.625		0.62963
239.75		0.62963
239.875		0.62963
240		0.62963
240.125		0.62963
240.25		0.62963
240.375		0.62963
240.5		0.62963
240.625		0.62963
240.75		0.62963
240.875		0.62963
241		0.62963
241.125		0.62963
241.25		0.62963
241.375		0.62963
241.5		0.62963
241.625		0.62963
241.75		0.62963
241.875		0.62963
242		0.62963
242.125		0.62963
242.25		0.62963
242.375		0.62963
242.5		0.62963
242.625		0.62963
242.75		0.62963
242.875		0.62963
243		0.62963
243.125		0.62963
243.25		0.62963
243.375		0.62963
243.5		0.62963
243.625		0.62963
243.75		0.62963
243.875		0.62963
244		0.62963
244.125		0.62963
244.25		0.62963
244.375		0.62963
244.5		0.62963
244.625		0.62963
244.75		0.62963
244.875		0.62963
245		0.62963
245.125		0.62963
245.25		0.62963
245.375		0.62963
245.5		0.62963
245.625		0.62963
245.75		0.62963
245.875		0.62963
246		0.62963
246.125		0.62963
246.25		0.62963
246.375		0.62963
246.5		0.62963
246.625		0.62963
246.75		0.62963
246.875		0.62963
247		0.62963
247.125		0.62963
247.25		0.62963
247.375		0.62963
247.5		0.62963
247.625		0.62963
247.75		0.62963
247.875		0.62963
248		0.62963
248.125		0.62963
248.25		0.62963
248.375		0.62963
248.5		0.62963
248.625		0.62963
248.75		0.62963
248.875		0.62963
249		0.62963
249.125		0.62963
249.25		0.62963
249.375		0.62963
249.5		0.62963
249.625		0.62963
249.75		0.62963
249.875		0.62963
250		0.62963
250.125		0.62963
250.25		0.62963
250.375		0.62963
250.5		0.62963
250.625		0.62963
250.75		0.62963
250.875		0.62963
251		0.62963
251.125		0.62963
251.25		0.62963
251.375		0.62963
251.5		0.62963
251.625		0.62963
251.75		0.62963
251.875		0.62963
252		0.62963
252.125		0.62963
252.25		0.62963
252.375		0.62963
252.5		0.62963
252.625		0.62963
252.75		0.62963
252.875		0.62963
253		0.62963
253.125		0.62963
253.25		0.62963
253.375		0.62963
253.5		0.62963
253.625		0.62963
253.75		0.62963
253.875		0.62963
254		0.62963
254.125		0.62963
254.25		0.62963
254.375		0.62963
254.5		0.62963
254.625		0.62963
254.75		0.62963
254.875		0.62963
255		0.62963
255.125		0.62963
255.25		0.62963
255.375		0.62963
255.5		0.62963
255.625		0.62963
255.75		0.62963
255.875		0.62963
256		0.62963
256.125		0.62963
256.25		0.62963
256.375		0.62963
256.5		0.62963
256.625		0.62963
256.75		0.62963
256.875		0.62963
257		0.62963
257.125		0.62963
257.25		0.62963
257.375		0.62963
257.5		0.62963
257.625		0.62963
257.75		0.62963
257.875		0.62963
258		0.62963
258.125		0.62963
258.25		0.62963
258.375		0.62963
258.5		0.62963
258.625		0.62963
258.75		0.62963
258.875		0.62963
259		0.62963
259.125		0.62963
259.25		0.62963
259.375		0.62963
259.5		0.62963
259.625		0.62963
259.75		0.62963
259.875		0.62963
260		0.62963
260.125		0.62963
260.25		0.62963
260.375		0.62963
260.5		0.62963
260.625		0.62963
260.75		0.62963
260.875		0.62963
261		0.62963
261.125		0.62963
261.25		0.62963
261.375		0.62963
261.5		0.62963
261.625		0.62963
261.75		0.62963
261.875		0.62963
262		0.62963
262.125		0.62963
262.25		0.62963
262.375		0.62963
262.5		0.62963
262.625		0.62963
262.75		0.62963
262.875		0.62963
263		0.62963
263.125		0.62963
263.25		0.62963
263.375		0.62963
263.5		0.62963
263.625		0.62963
263.75		0.62963
263.875		0.62963
264		0.62963
264.125		0.62963
264.25		0.62963
264.375		0.62963
264.5		0.62963
264.625		0.62963
264.75		0.62963
264.875		0.62963
265		0.62963
265.125		0.648148
265.25		0.648148
265.375		0.648148
265.5		0.648148
265.625		0.648148
265.75		0.648148
265.875		0.648148
266		0.648148
266.125		0.648148
266.25		0.648148
266.375		0.648148
266.5		0.648148
266.625		0.648148
266.75		0.648148
266.875		0.648148
267		0.648148
267.125		0.648148
267.25		0.648148
267.375		0.648148
267.5		0.648148
267.625		0.648148
267.75		0.648148
267.875		0.648148
268		0.648148
268.125		0.648148
268.25		0.648148
268.375		0.648148
268.5		0.648148
268.625		0.648148
268.75		0.648148
268.875		0.648148
269		0.648148
269.125		0.648148
269.25		0.648148
269.375		0.648148
269.5		0.648148
269.625		0.648148
269.75		0.648148
269.875		0.648148
270		0.648148
270.125		0.648148
270.25		0.648148
270.375		0.648148
270.5		0.648148
270.625		0.648148
270.75		0.648148
270.875		0.648148
271		0.648148
271.125		0.648148
271.25		0.648148
271.375		0.648148
271.5		0.648148
271.625		0.648148
271.75		0.648148
271.875		0.648148
272		0.648148
272.125		0.648148
272.25		0.648148
272.375		0.648148
272.5		0.648148
272.625		0.648148
272.75		0.648148
272.875		0.648148
273		0.648148
273.125		0.648148
273.25		0.648148
273.375		0.648148
273.5		0.648148
273.625		0.648148
273.75		0.648148
273.875		0.648148
274		0.648148
274.125		0.648148
274.25		0.648148
274.375		0.648148
274.5		0.648148
274.625		0.648148
274.75		0.648148
274.875		0.648148
275		0.648148
275.125		0.648148
275.25		0.648148
275.375		0.648148
275.5		0.648148
275.625		0.648148
275.75		0.648148
275.875		0.648148
276		0.648148
276.125		0.648148
276.25		0.648148
276.375		0.648148
276.5		0.648148
276.625		0.648148
276.75		0.648148
276.875		0.648148
277		0.648148
277.125		0.685185
277.25		0.685185
277.375		0.685185
277.5		0.685185
277.625		0.685185
277.75		0.685185
277.875		0.685185
278		0.685185
278.125		0.685185
278.25		0.685185
278.375		0.685185
278.5		0.685185
278.625		0.685185
278.75		0.685185
278.875		0.685185
279		0.685185
279.125		0.685185
279.25		0.685185
279.375		0.685185
279.5		0.685185
279.625		0.685185
279.75		0.685185
279.875		0.685185
280		0.685185
280.125		0.685185
280.25		0.685185
280.375		0.685185
280.5		0.685185
280.625		0.685185
280.75		0.685185
280.875		0.685185
281		0.685185
281.125		0.685185
281.25		0.685185
281.375		0.685185
281.5		0.685185
281.625		0.685185
281.75		0.685185
281.875		0.685185
282		0.685185
282.125		0.685185
282.25		0.685185
282.375		0.685185
282.5		0.685185
282.625		0.685185
282.75		0.685185
282.875		0.685185
283		0.685185
283.125		0.685185
283.25		0.685185
283.375		0.685185
283.5		0.685185
283.625		0.685185
283.75		0.685185
283.875		0.685185
284		0.685185
284.125		0.685185
284.25		0.685185
284.375		0.685185
284.5		0.685185
284.625		0.685185
284.75		0.685185
284.875		0.685185
285		0.685185
285.125		0.685185
285.25		0.685185
285.375		0.685185
285.5		0.685185
285.625		0.685185
285.75		0.685185
285.875		0.685185
286		0.685185
286.125		0.685185
286.25		0.685185
286.375		0.685185
286.5		0.685185
286.625		0.685185
286.75		0.685185
286.875		0.685185
287		0.685185
287.125		0.685185
287.25		0.685185
287.375		0.685185
287.5		0.685185
287.625		0.685185
287.75		0.685185
287.875		0.685185
288		0.685185
288.125		0.703704
288.25		0.703704
288.375		0.703704
288.5		0.703704
288.625		0.703704
288.75		0.703704
288.875		0.703704
289		0.703704
289.125		0.703704
289.25		0.703704
289.375		0.703704
289.5		0.703704
289.625		0.703704
289.75		0.703704
289.875		0.703704
290		0.703704
290.125		0.703704
290.25		0.703704
290.375		0.703704
290.5		0.703704
290.625		0.703704
290.75		0.703704
290.875		0.703704
291		0.703704
291.125		0.703704
291.25		0.703704
291.375		0.703704
291.5		0.703704
291.625		0.703704
291.75		0.703704
291.875		0.703704
292		0.703704
292.125		0.703704
292.25		0.703704
292.375		0.703704
292.5		0.703704
292.625		0.703704
292.75		0.703704
292.875		0.703704
293		0.703704
293.125		0.722222
293.25		0.722222
293.375		0.722222
293.5		0.722222
293.625		0.722222
293.75		0.722222
293.875		0.722222
294		0.722222
294.125		0.722222
294.25		0.722222
294.375		0.722222
294.5		0.722222
294.625		0.722222
294.75		0.722222
294.875		0.722222
295		0.722222
295.125		0.722222
295.25		0.722222
295.375		0.722222
295.5		0.722222
295.625		0.722222
295.75		0.722222
295.875		0.722222
296		0.722222
296.125		0.722222
296.25		0.722222
296.375		0.722222
296.5		0.722222
296.625		0.722222
296.75		0.722222
296.875		0.722222
297		0.722222
297.125		0.722222
297.25		0.722222
297.375		0.722222
297.5		0.722222
297.625		0.722222
297.75		0.722222
297.875		0.722222
298		0.722222
298.125		0.722222
298.25		0.722222
298.375		0.722222
298.5		0.722222
298.625		0.722222
298.75		0.722222
298.875		0.722222
299		0.722222
299.125		0.722222
299.25		0.722222
299.375		0.722222
299.5		0.722222
299.625		0.722222
299.75		0.722222
299.875		0.722222
300		0.722222
300.125		0.722222
300.25		0.722222
300.375		0.722222
300.5		0.722222
300.625		0.722222
300.75		0.722222
300.875		0.722222
301		0.722222
301.125		0.740741
301.25		0.740741
301.375		0.740741
301.5		0.740741
301.625		0.740741
301.75		0.740741
301.875		0.740741
302		0.740741
302.125		0.740741
302.25		0.740741
302.375		0.740741
302.5		0.740741
302.625		0.740741
302.75		0.740741
302.875		0.740741
303		0.740741
303.125		0.759259
303.25		0.759259
303.375		0.759259
303.5		0.759259
303.625		0.759259
303.75		0.759259
303.875		0.759259
304		0.759259
304.125		0.759259
304.25		0.759259
304.375		0.759259
304.5		0.759259
304.625		0.759259
304.75		0.759259
304.875		0.759259
305		0.759259
305.125		0.759259
305.25		0.759259
305.375		0.759259
305.5		0.759259
305.625		0.759259
305.75		0.759259
305.875		0.759259
306		0.759259
306.125		0.759259
306.25		0.759259
306.375		0.759259
306.5		0.759259
306.625		0.759259
306.75		0.759259
306.875		0.759259
307		0.759259
307.125		0.759259
307.25		0.759259
307.375		0.759259
307.5		0.759259
307.625		0.759259
307.75		0.759259
307.875		0.759259
308		0.759259
308.125		0.777778
308.25		0.777778
308.375		0.777778
308.5		0.777778
308.625		0.777778
308.75		0.777778
308.875		0.777778
309		0.777778
309.125		0.777778
309.25		0.777778
309.375		0.777778
309.5		0.777778
309.625		0.777778
309.75		0.777778
309.875		0.777778
310		0.777778
310.125		0.777778
310.25		0.777778
310.375		0.777778
310.5		0.777778
310.625		0.777778
310.75		0.777778
310.875		0.777778
311		0.777778
311.125		0.777778
311.25		0.777778
311.375		0.777778
311.5		0.777778
311.625		0.777778
311.75		0.777778
311.875		0.777778
312		0.777778
312.125		0.777778
312.25		0.777778
312.375		0.777778
312.5		0.777778
312.625		0.777778
312.75		0.777778
312.875		0.777778
313		0.777778
313.125		0.777778
313.25		0.777778
313.375		0.777778
313.5		0.777778
313.625		0.777778
313.75		0.777778
313.875		0.777778
314		0.777778
314.125		0.777778
314.25		0.777778
314.375		0.777778
314.5		0.777778
314.625		0.777778
314.75		0.777778
314.875		0.777778
315		0.777778
315.125		0.777778
315.25		0.777778
315.375		0.777778
315.5		0.777778
315.625		0.777778
315.75		0.777778
315.875		0.777778
316		0.777778
316.125		0.777778
316.25		0.777778
316.375		0.777778
316.5		0.777778
316.625		0.777778
316.75		0.777778
316.875		0.777778
317		0.777778
317.125		0.777778
317.25		0.777778
317.375		0.777778
317.5		0.777778
317.625		0.777778
317.75		0.777778
317.875		0.777778
318		0.777778
318.125		0.777778
318.25		0.777778
318.375		0.777778
318.5		0.777778
318.625		0.777778
318.75		0.777778
318.875		0.777778
319		0.777778
319.125		0.777778
319.25		0.777778
319.375		0.777778
319.5		0.777778
319.625		0.777778
319.75		0.777778
319.875		0.777778
320		0.777778
320.125		0.777778
320.25		0.777778
320.375		0.777778
320.5		0.777778
320.625		0.777778
320.75		0.777778
320.875		0.777778
321		0.777778
321.125		0.777778
321.25		0.777778
321.375		0.777778
321.5		0.777778
321.625		0.777778
321.75		0.777778
321.875		0.777778
322		0.777778
322.125		0.777778
322.25		0.777778
322.375		0.777778
322.5		0.777778
322.625		0.777778
322.75		0.777778
322.875		0.777778
323		0.777778
323.125		0.777778
323.25		0.777778
323.375		0.777778
323.5		0.777778
323.625		0.777778
323.75		0.777778
323.875		0.777778
324		0.777778
324.125		0.777778
324.25		0.777778
324.375		0.777778
324.5		0.777778
324.625		0.777778
324.75		0.777778
324.875		0.777778
325		0.777778
325.125		0.777778
325.25		0.777778
325.375		0.777778
325.5		0.777778
325.625		0.777778
325.75		0.777778
325.875		0.777778
326		0.777778
326.125		0.777778
326.25		0.777778
326.375		0.777778
326.5		0.777778
326.625		0.777778
326.75		0.777778
326.875		0.777778
327		0.777778
327.125		0.777778
327.25		0.777778
327.375		0.777778
327.5		0.777778
327.625		0.777778
327.75		0.777778
327.875		0.777778
328		0.777778
328.125		0.777778
328.25		0.777778
328.375		0.777778
328.5		0.777778
328.625		0.777778
328.75		0.777778
328.875		0.777778
329		0.777778
329.125		0.777778
329.25		0.777778
329.375		0.777778
329.5		0.777778
329.625		0.777778
329.75		0.777778
329.875		0.777778
330		0.777778
330.125		0.777778
330.25		0.777778
330.375		0.777778
330.5		0.777778
330.625		0.777778
330.75		0.777778
330.875		0.777778
331		0.777778
331.125		0.777778
331.25		0.777778
331.375		0.777778
331.5		0.777778
331.625		0.777778
331.75		0.777778
331.875		0.777778
332		0.777778
332.125		0.777778
332.25		0.777778
332.375		0.777778
332.5		0.777778
332.625		0.777778
332.75		0.777778
332.875		0.777778
333		0.777778
333.125		0.777778
333.25		0.777778
333.375		0.777778
333.5		0.777778
333.625		0.777778
333.75		0.777778
333.875		0.777778
334		0.777778
334.125		0.796296
334.25		0.796296
334.375		0.796296
334.5		0.796296
334.625		0.796296
334.75		0.796296
334.875		0.796296
335		0.796296
335.125		0.796296
335.25		0.796296
335.375		0.796296
335.5		0.796296
335.625		0.796296
335.75		0.796296
335.875		0.796296
336		0.796296
336.125		0.796296
336.25		0.796296
336.375		0.796296
336.5		0.796296
336.625		0.796296
336.75		0.796296
336.875		0.796296
337		0.796296
337.125		0.796296
337.25		0.796296
337.375		0.796296
337.5		0.796296
337.625		0.796296
337.75		0.796296
337.875		0.796296
338		0.796296
338.125		0.796296
338.25		0.796296
338.375		0.796296
338.5		0.796296
338.625		0.796296
338.75		0.796296
338.875		0.796296
339		0.796296
339.125		0.796296
339.25		0.796296
339.375		0.796296
339.5		0.796296
339.625		0.796296
339.75		0.796296
339.875		0.796296
340		0.796296
340.125		0.796296
340.25		0.796296
340.375		0.796296
340.5		0.796296
340.625		0.796296
340.75		0.796296
340.875		0.796296
341		0.796296
341.125		0.796296
341.25		0.796296
341.375		0.796296
341.5		0.796296
341.625		0.796296
341.75		0.796296
341.875		0.796296
342		0.796296
342.125		0.796296
342.25		0.796296
342.375		0.796296
342.5		0.796296
342.625		0.796296
342.75		0.796296
342.875		0.796296
343		0.796296
343.125		0.796296
343.25		0.796296
343.375		0.796296
343.5		0.796296
343.625		0.796296
343.75		0.796296
343.875		0.796296
344		0.796296
344.125		0.796296
344.25		0.796296
344.375		0.796296
344.5		0.796296
344.625		0.796296
344.75		0.796296
344.875		0.796296
345		0.796296
345.125		0.796296
345.25		0.796296
345.375		0.796296
345.5		0.796296
345.625		0.796296
345.75		0.796296
345.875		0.796296
346		0.796296
346.125		0.796296
346.25		0.796296
346.375		0.796296
346.5		0.796296
346.625		0.796296
346.75		0.796296
346.875		0.796296
347		0.796296
347.125		0.796296
347.25		0.796296
347.375		0.796296
347.5		0.796296
347.625		0.796296
347.75		0.796296
347.875		0.796296
348		0.796296
348.125		0.796296
348.25		0.796296
348.375		0.796296
348.5		0.796296
348.625		0.796296
348.75		0.796296
348.875		0.796296
349		0.796296
349.125		0.796296
349.25		0.796296
349.375		0.796296
349.5		0.796296
349.625		0.796296
349.75		0.796296
349.875		0.796296
350		0.796296
350.125		0.796296
350.25		0.796296
350.375		0.796296
350.5		0.796296
350.625		0.796296
350.75		0.796296
350.875		0.796296
351		0.796296
351.125		0.796296
351.25		0.796296
351.375		0.796296
351.5		0.796296
351.625		0.796296
351.75		0.796296
351.875		0.796296
352		0.796296
352.125		0.796296
352.25		0.796296
352.375		0.796296
352.5		0.796296
352.625		0.796296
352.75		0.796296
352.875		0.796296
353		0.796296
353.125		0.796296
353.25		0.796296
353.375		0.796296
353.5		0.796296
353.625		0.796296
353.75		0.796296
353.875		0.796296
354		0.796296
354.125		0.796296
354.25		0.796296
354.375		0.796296
354.5		0.796296
354.625		0.796296
354.75		0.796296
354.875		0.796296
355		0.796296
355.125		0.796296
355.25		0.796296
355.375		0.796296
355.5		0.796296
355.625		0.796296
355.75		0.796296
355.875		0.796296
356		0.796296
356.125		0.796296
356.25		0.796296
356.375		0.796296
356.5		0.796296
356.625		0.796296
356.75		0.796296
356.875		0.796296
357		0.796296
357.125		0.796296
357.25		0.796296
357.375		0.796296
357.5		0.796296
357.625		0.796296
357.75		0.796296
357.875		0.796296
358		0.796296
358.125		0.796296
358.25		0.796296
358.375		0.796296
358.5		0.796296
358.625		0.796296
358.75		0.796296
358.875		0.796296
359		0.796296
359.125		0.796296
359.25		0.796296
359.375		0.796296
359.5		0.796296
359.625		0.796296
359.75		0.796296
359.875		0.796296
360		0.796296
360.125		0.796296
360.25		0.796296
360.375		0.796296
360.5		0.796296
360.625		0.796296
360.75		0.796296
360.875		0.796296
361		0.796296
361.125		0.796296
361.25		0.796296
361.375		0.796296
361.5		0.796296
361.625		0.796296
361.75		0.796296
361.875		0.796296
362		0.796296
362.125		0.796296
362.25		0.796296
362.375		0.796296
362.5		0.796296
362.625		0.796296
362.75		0.796296
362.875		0.796296
363		0.796296
363.125		0.796296
363.25		0.796296
363.375		0.796296
363.5		0.796296
363.625		0.796296
363.75		0.796296
363.875		0.796296
364		0.796296
364.125		0.796296
364.25		0.796296
364.375		0.796296
364.5		0.796296
364.625		0.796296
364.75		0.796296
364.875		0.796296
365		0.796296
365.125		0.796296
365.25		0.796296
365.375		0.796296
365.5		0.796296
365.625		0.796296
365.75		0.796296
365.875		0.796296
366		0.796296
366.125		0.796296
366.25		0.796296
366.375		0.796296
366.5		0.796296
366.625		0.796296
366.75		0.796296
366.875		0.796296
367		0.796296
367.125		0.796296
367.25		0.796296
367.375		0.796296
367.5		0.796296
367.625		0.796296
367.75		0.796296
367.875		0.796296
368		0.796296
368.125		0.796296
368.25		0.796296
368.375		0.796296
368.5		0.796296
368.625		0.796296
368.75		0.796296
368.875		0.796296
369		0.796296
369.125		0.796296
369.25		0.796296
369.375		0.796296
369.5		0.796296
369.625		0.796296
369.75		0.796296
369.875		0.796296
370		0.796296
370.125		0.796296
370.25		0.796296
370.375		0.796296
370.5		0.796296
370.625		0.796296
370.75		0.796296
370.875		0.796296
371		0.796296
371.125		0.796296
371.25		0.796296
371.375		0.796296
371.5		0.796296
371.625		0.796296
371.75		0.796296
371.875		0.796296
372		0.796296
372.125		0.796296
372.25		0.796296
372.375		0.796296
372.5		0.796296
372.625		0.796296
372.75		0.796296
372.875		0.796296
373		0.796296
373.125		0.796296
373.25		0.796296
373.375		0.796296
373.5		0.796296
373.625		0.796296
373.75		0.796296
373.875		0.796296
374		0.796296
374.125		0.814815
374.25		0.814815
374.375		0.814815
374.5		0.814815
374.625		0.814815
374.75		0.814815
374.875		0.814815
375		0.814815
375.125		0.814815
375.25		0.814815
375.375		0.814815
375.5		0.814815
375.625		0.814815
375.75		0.814815
375.875		0.814815
376		0.814815
376.125		0.814815
376.25		0.814815
376.375		0.814815
376.5		0.814815
376.625		0.814815
376.75		0.814815
376.875		0.814815
377		0.814815
377.125		0.814815
377.25		0.814815
377.375		0.814815
377.5		0.814815
377.625		0.814815
377.75		0.814815
377.875		0.814815
378		0.814815
378.125		0.814815
378.25		0.814815
378.375		0.814815
378.5		0.814815
378.625		0.814815
378.75		0.814815
378.875		0.814815
379		0.814815
379.125		0.814815
379.25		0.814815
379.375		0.814815
379.5		0.814815
379.625		0.814815
379.75		0.814815
379.875		0.814815
380		0.814815
380.125		0.814815
380.25		0.814815
380.375		0.814815
380.5		0.814815
380.625		0.814815
380.75		0.814815
380.875		0.814815
381		0.814815
381.125		0.814815
381.25		0.814815
381.375		0.814815
381.5		0.814815
381.625		0.814815
381.75		0.814815
381.875		0.814815
382		0.814815
382.125		0.833333
382.25		0.833333
382.375		0.833333
382.5		0.833333
382.625		0.833333
382.75		0.833333
382.875		0.833333
383		0.833333
383.125		0.833333
383.25		0.833333
383.375		0.833333
383.5		0.833333
383.625		0.833333
383.75		0.833333
383.875		0.833333
384		0.833333
384.125		0.833333
384.25		0.833333
384.375		0.833333
384.5		0.833333
384.625		0.833333
384.75		0.833333
384.875		0.833333
385		0.833333
385.125		0.851852
385.25		0.851852
385.375		0.851852
385.5		0.851852
385.625		0.851852
385.75		0.851852
385.875		0.851852
386		0.851852
386.125		0.851852
386.25		0.851852
386.375		0.851852
386.5		0.851852
386.625		0.851852
386.75		0.851852
386.875		0.851852
387		0.851852
387.125		0.851852
387.25		0.851852
387.375		0.851852
387.5		0.851852
387.625		0.851852
387.75		0.851852
387.875		0.851852
388		0.851852
388.125		0.851852
388.25		0.851852
388.375		0.851852
388.5		0.851852
388.625		0.851852
388.75		0.851852
388.875		0.851852
389		0.851852
389.125		0.851852
389.25		0.851852
389.375		0.851852
389.5		0.851852
389.625		0.851852
389.75		0.851852
389.875		0.851852
390		0.851852
390.125		0.851852
390.25		0.851852
390.375		0.851852
390.5		0.851852
390.625		0.851852
390.75		0.851852
390.875		0.851852
391		0.851852
391.125		0.851852
391.25		0.851852
391.375		0.851852
391.5		0.851852
391.625		0.851852
391.75		0.851852
391.875		0.851852
392		0.851852
392.125		0.851852
392.25		0.851852
392.375		0.851852
392.5		0.851852
392.625		0.851852
392.75		0.851852
392.875		0.851852
393		0.851852
393.125		0.851852
393.25		0.851852
393.375		0.851852
393.5		0.851852
393.625		0.851852
393.75		0.851852
393.875		0.851852
394		0.851852
394.125		0.87037
394.25		0.87037
394.375		0.87037
394.5		0.87037
394.625		0.87037
394.75		0.87037
394.875		0.87037
395		0.87037
395.125		0.87037
395.25		0.87037
395.375		0.87037
395.5		0.87037
395.625		0.87037
395.75		0.87037
395.875		0.87037
396		0.87037
396.125		0.87037
396.25		0.87037
396.375		0.87037
396.5		0.87037
396.625		0.87037
396.75		0.87037
396.875		0.87037
397		0.87037
397.125		0.87037
397.25		0.87037
397.375		0.87037
397.5		0.87037
397.625		0.87037
397.75		0.87037
397.875		0.87037
398		0.87037
398.125		0.888889
398.25		0.888889
398.375		0.888889
398.5		0.888889
398.625		0.888889
398.75		0.888889
398.875		0.888889
399		0.888889
399.125		0.888889
399.25		0.888889
399.375		0.888889
399.5		0.888889
399.625		0.888889
399.75		0.888889
399.875		0.888889
400		0.888889
400.125		0.888889
400.25		0.888889
400.375		0.888889
400.5		0.888889
400.625		0.888889
400.75		0.888889
400.875		0.888889
401		0.888889
401.125		0.888889
401.25		0.888889
401.375		0.888889
401.5		0.888889
401.625		0.888889
401.75		0.888889
401.875		0.888889
402		0.888889
402.125		0.888889
402.25		0.888889
402.375		0.888889
402.5		0.888889
402.625		0.888889
402.75		0.888889
402.875		0.888889
403		0.888889
403.125		0.888889
403.25		0.888889
403.375		0.888889
403.5		0.888889
403.625		0.888889
403.75		0.888889
403.875		0.888889
404		0.888889
404.125		0.888889
404.25		0.888889
404.375		0.888889
404.5		0.888889
404.625		0.888889
404.75		0.888889
404.875		0.888889
405		0.888889
405.125		0.888889
405.25		0.888889
405.375		0.888889
405.5		0.888889
405.625		0.888889
405.75		0.888889
405.875		0.888889
406		0.888889
406.125		0.888889
406.25		0.888889
406.375		0.888889
406.5		0.888889
406.625		0.888889
406.75		0.888889
406.875		0.888889
407		0.888889
407.125		0.888889
407.25		0.888889
407.375		0.888889
407.5		0.888889
407.625		0.888889
407.75		0.888889
407.875		0.888889
408		0.888889
408.125		0.888889
408.25		0.888889
408.375		0.888889
408.5		0.888889
408.625		0.888889
408.75		0.888889
408.875		0.888889
409		0.888889
409.125		0.888889
409.25		0.888889
409.375		0.888889
409.5		0.888889
409.625		0.888889
409.75		0.888889
409.875		0.888889
410		0.888889
410.125		0.888889
410.25		0.888889
410.375		0.888889
410.5		0.888889
410.625		0.888889
410.75		0.888889
410.875		0.888889
411		0.888889
411.125		0.888889
411.25		0.888889
411.375		0.888889
411.5		0.888889
411.625		0.888889
411.75		0.888889
411.875		0.888889
412		0.888889
412.125		0.907407
412.25		0.907407
412.375		0.907407
412.5		0.907407
412.625		0.907407
412.75		0.907407
412.875		0.907407
413		0.907407
413.125		0.907407
413.25		0.907407
413.375		0.907407
413.5		0.907407
413.625		0.907407
413.75		0.907407
413.875		0.907407
414		0.907407
414.125		0.907407
414.25		0.907407
414.375		0.907407
414.5		0.907407
414.625		0.907407
414.75		0.907407
414.875		0.907407
415		0.907407
415.125		0.907407
415.25		0.907407
415.375		0.907407
415.5		0.907407
415.625		0.907407
415.75		0.907407
415.875		0.907407
416		0.907407
416.125		0.907407
416.25		0.907407
416.375		0.907407
416.5		0.907407
416.625		0.907407
416.75		0.907407
416.875		0.907407
417		0.907407
417.125		0.907407
417.25		0.907407
417.375		0.907407
417.5		0.907407
417.625		0.907407
417.75		0.907407
417.875		0.907407
418		0.907407
418.125		0.925926
418.25		0.925926
418.375		0.925926
418.5		0.925926
418.625		0.925926
418.75		0.925926
418.875		0.925926
419		0.925926
419.125		0.925926
419.25		0.925926
419.375		0.925926
419.5		0.925926
419.625		0.925926
419.75		0.925926
419.875		0.925926
420		0.925926
420.125		0.925926
420.25		0.925926
420.375		0.925926
420.5		0.925926
420.625		0.925926
420.75		0.925926
420.875		0.925926
421		0.925926
421.125		0.925926
421.25		0.925926
421.375		0.925926
421.5		0.925926
421.625		0.925926
421.75		0.925926
421.875		0.925926
422		0.925926
422.125		0.925926
422.25		0.925926
422.375		0.925926
422.5		0.925926
422.625		0.925926
422.75		0.925926
422.875		0.925926
423		0.925926
423.125		0.925926
423.25		0.925926
423.375		0.925926
423.5		0.925926
423.625		0.925926
423.75		0.925926
423.875		0.925926
424		0.925926
424.125		0.925926
424.25		0.925926
424.375		0.925926
424.5		0.925926
424.625		0.925926
424.75		0.925926
424.875		0.925926
425		0.925926
425.125		0.925926
425.25		0.925926
425.375		0.925926
425.5		0.925926
425.625		0.925926
425.75		0.925926
425.875		0.925926
426		0.925926
426.125		0.944444
426.25		0.944444
426.375		0.944444
426.5		0.944444
426.625		0.944444
426.75		0.944444
426.875		0.944444
427		0.944444
427.125		0.944444
427.25		0.944444
427.375		0.944444
427.5		0.944444
427.625		0.944444
427.75		0.944444
427.875		0.944444
428		0.944444
428.125		0.962963
428.25		0.962963
428.375		0.962963
428.5		0.962963
428.625		0.962963
428.75		0.962963
428.875		0.962963
429		0.962963
429.125		0.962963
429.25		0.962963
429.375		0.962963
429.5		0.962963
429.625		0.962963
429.75		0.962963
429.875		0.962963
430		0.962963
430.125		0.962963
430.25		0.962963
430.375		0.962963
430.5		0.962963
430.625		0.962963
430.75		0.962963
430.875		0.962963
431		0.962963
431.125		0.962963
431.25		0.962963
431.375		0.962963
431.5		0.962963
431.625		0.962963
431.75		0.962963
431.875		0.962963
432		0.962963
432.125		0.962963
432.25		0.962963
432.375		0.962963
432.5		0.962963
432.625		0.962963
432.75		0.962963
432.875		0.962963
433		0.962963
433.125		0.962963
433.25		0.962963
433.375		0.962963
433.5		0.962963
433.625		0.962963
433.75		0.962963
433.875		0.962963
434		0.962963
434.125		0.962963
434.25		0.962963
434.375		0.962963
434.5		0.962963
434.625		0.962963
434.75		0.962963
434.875		0.962963
435		0.962963
435.125		0.962963
435.25		0.962963
435.375		0.962963
435.5		0.962963
435.625		0.962963
435.75		0.962963
435.875		0.962963
436		0.962963
436.125		0.962963
436.25		0.962963
436.375		0.962963
436.5		0.962963
436.625		0.962963
436.75		0.962963
436.875		0.962963
437		0.962963
437.125		0.962963
437.25		0.962963
437.375		0.962963
437.5		0.962963
437.625		0.962963
437.75		0.962963
437.875		0.962963
438		0.962963
438.125		0.962963
438.25		0.962963
438.375		0.962963
438.5		0.962963
438.625		0.962963
438.75		0.962963
438.875		0.962963
439		0.962963
439.125		0.962963
439.25		0.962963
439.375		0.962963
439.5		0.962963
439.625		0.962963
439.75		0.962963
439.875		0.962963
440		0.962963
440.125		0.962963
440.25		0.962963
440.375		0.962963
440.5		0.962963
440.625		0.962963
440.75		0.962963
440.875		0.962963
441		0.962963
441.125		0.962963
441.25		0.962963
441.375		0.962963
441.5		0.962963
441.625		0.962963
441.75		0.962963
441.875		0.962963
442		0.962963
442.125		0.962963
442.25		0.962963
442.375		0.962963
442.5		0.962963
442.625		0.962963
442.75		0.962963
442.875		0.962963
443		0.962963
443.125		0.962963
443.25		0.962963
443.375		0.962963
443.5		0.962963
443.625		0.962963
443.75		0.962963
443.875		0.962963
444		0.962963
444.125		0.962963
444.25		0.962963
444.375		0.962963
444.5		0.962963
444.625		0.962963
444.75		0.962963
444.875		0.962963
445		0.962963
445.125		0.962963
445.25		0.962963
445.375		0.962963
445.5		0.962963
445.625		0.962963
445.75		0.962963
445.875		0.962963
446		0.962963
446.125		0.962963
446.25		0.962963
446.375		0.962963
446.5		0.962963
446.625		0.962963
446.75		0.962963
446.875		0.962963
447		0.962963
447.125		0.962963
447.25		0.962963
447.375		0.962963
447.5		0.962963
447.625		0.962963
447.75		0.962963
447.875		0.962963
448		0.962963
448.125		0.962963
448.25		0.962963
448.375		0.962963
448.5		0.962963
448.625		0.962963
448.75		0.962963
448.875		0.962963
449		0.962963
449.125		0.962963
449.25		0.962963
449.375		0.962963
449.5		0.962963
449.625		0.962963
449.75		0.962963
449.875		0.962963
450		0.962963
450.125		0.962963
450.25		0.962963
450.375		0.962963
450.5		0.962963
450.625		0.962963
450.75		0.962963
450.875		0.962963
451		0.962963
451.125		0.962963
451.25		0.962963
451.375		0.962963
451.5		0.962963
451.625		0.962963
451.75		0.962963
451.875		0.962963
452		0.962963
452.125		0.962963
452.25		0.962963
452.375		0.962963
452.5		0.962963
452.625		0.962963
452.75		0.962963
452.875		0.962963
453		0.962963
453.125		0.981481
453.25		0.981481
453.375		0.981481
453.5		0.981481
453.625		0.981481
453.75		0.981481
453.875		0.981481
454		0.981481
454.125		0.981481
454.25		0.981481
454.375		0.981481
454.5		0.981481
454.625		0.981481
454.75		0.981481
454.875		0.981481
455		0.981481
455.125		0.981481
455.25		0.981481
455.375		0.981481
455.5		0.981481
455.625		0.981481
455.75		0.981481
455.875		0.981481
456		0.981481
456.125		0.981481
456.25		0.981481
456.375		0.981481
456.5		0.981481
456.625		0.981481
456.75		0.981481
456.875		0.981481
457		0.981481
457.125		0.981481
457.25		0.981481
457.375		0.981481
457.5		0.981481
457.625		0.981481
457.75		0.981481
457.875		0.981481
458		0.981481
458.125		1
458.25		1
458.375		1
458.5		1
458.625		1
458.75		1
458.875		1
459		1
459.125		1
459.25		1
459.375		1
459.5		1
459.625		1
459.75		1
459.875		1
460		1
460.125		1
460.25		1
460.375		1
460.5		1
460.625		1
460.75		1
460.875		1
461		1
461.125		1
461.25		1
461.375		1
461.5		1
461.625		1
461.75		1
461.875		1
462		1
462.125		1
462.25		1
462.375		1
462.5		1
462.625		1
462.75		1
462.875		1
463		1
463.125		1
463.25		1
463.375		1
463.5		1
463.625		1
463.75		1
463.875		1
464		1
464.125		1
464.25		1
464.375		1
464.5		1
464.625		1
464.75		1
464.875		1
465		1
465.125		1
465.25		1
465.375		1
465.5		1
465.625		1
465.75		1
465.875		1
466		1
466.125		1
466.25		1
466.375		1
466.5		1
466.625		1
466.75		1
466.875		1
467		1
467.125		1
467.25		1
467.375		1
467.5		1
467.625		1
467.75		1
467.875		1
468		1
468.125		1
468.25		1
468.375		1
468.5		1
468.625		1
468.75		1
468.875		1
469		1
469.125		1
469.25		1
469.375		1
469.5		1
469.625		1
469.75		1
469.875		1
470		1
470.125		1
470.25		1
470.375		1
470.5		1
470.625		1
470.75		1
470.875		1
471		1
471.125		1
471.25		1
471.375		1
471.5		1
471.625		1
471.75		1
471.875		1
472		1
472.125		1
472.25		1
472.375		1
472.5		1
472.625		1
472.75		1
472.875		1
473		1
473.125		1
473.25		1
473.375		1
473.5		1
473.625		1
473.75		1
473.875		1
474		1
474.125		1
474.25		1
474.375		1
474.5		1
474.625		1
474.75		1
474.875		1
475		1
475.125		1
475.25		1
475.375		1
475.5		1
475.625		1
475.75		1
475.875		1
476		1
476.125		1
476.25		1
476.375		1
476.5		1
476.625		1
476.75		1
476.875		1
477		1
477.125		1
477.25		1
477.375		1
477.5		1
477.625		1
477.75		1
477.875		1
478		1
478.125		1
478.25		1
478.375		1
478.5		1
478.625		1
478.75		1
478.875		1
479		1
479.125		1
479.25		1
479.375		1
479.5		1
479.625		1
479.75		1
479.875		1
480		1
480.125		1
480.25		1
480.375		1
480.5		1
480.625		1
480.75		1
480.875		1
481		1
481.125		1
481.25		1
481.375		1
481.5		1
481.625		1
481.75		1
481.875		1
482		1
482.125		1
482.25		1
482.375		1
482.5		1
482.625		1
482.75		1
482.875		1
483		1
483.125		1
483.25		1
483.375		1
483.5		1
483.625		1
483.75		1
483.875		1
484		1
484.125		1
484.25		1
484.375		1
484.5		1
484.625		1
484.75		1
484.875		1
485		1
485.125		1
485.25		1
485.375		1
485.5		1
485.625		1
485.75		1
485.875		1
486		1
486.125		1
486.25		1
486.375		1
486.5		1
486.625		1
486.75		1
486.875		1
487		1
487.125		1
487.25		1
487.375		1
487.5		1
487.625		1
487.75		1
487.875		1
488		1
488.125		1
488.25		1
488.375		1
488.5		1
488.625		1
488.75		1
488.875		1
489		1
489.125		1
489.25		1
489.375		1
489.5		1
489.625		1
489.75		1
489.875		1
490		1
490.125		1
490.25		1
490.375		1
490.5		1
490.625		1
490.75		1
490.875		1
491		1
491.125		1
491.25		1
491.375		1
491.5		1
491.625		1
491.75		1
491.875		1
492		1
492.125		1
492.25		1
492.375		1
492.5		1
492.625		1
492.75		1
492.875		1
493		1
493.125		1
493.25		1
493.375		1
493.5		1
493.625		1
493.75		1
493.875		1
494		1
494.125		1
494.25		1
494.375		1
494.5		1
494.625		1
494.75		1
494.875		1
495		1
495.125		1
495.25		1
495.375		1
495.5		1
495.625		1
495.75		1
495.875		1
496		1
496.125		1
496.25		1
496.375		1
496.5		1
496.625		1
496.75		1
496.875		1
497		1
497.125		1
497.25		1
497.375		1
497.5		1
497.625		1
497.75		1
497.875		1
498		1
498.125		1
498.25		1
498.375		1
498.5		1
498.625		1
498.75		1
498.875		1
499		1
499.125		1
499.25		1
499.375		1
499.5		1
499.625		1
499.75		1
499.875		1
500		1
