# Calibration file of tamex_id 0 @ channel 27
# fine_T bin		 Calibration value
0.125		0
0.25		0
0.375		0
0.5		0
0.625		0
0.75		0
0.875		0
1		0
1.125		0
1.25		0
1.375		0
1.5		0
1.625		0
1.75		0
1.875		0
2		0
2.125		0
2.25		0
2.375		0
2.5		0
2.625		0
2.75		0
2.875		0
3		0
3.125		0
3.25		0
3.375		0
3.5		0
3.625		0
3.75		0
3.875		0
4		0
4.125		0
4.25		0
4.375		0
4.5		0
4.625		0
4.75		0
4.875		0
5		0
5.125		0
5.25		0
5.375		0
5.5		0
5.625		0
5.75		0
5.875		0
6		0
6.125		0
6.25		0
6.375		0
6.5		0
6.625		0
6.75		0
6.875		0
7		0
7.125		0
7.25		0
7.375		0
7.5		0
7.625		0
7.75		0
7.875		0
8		0
8.125		0
8.25		0
8.375		0
8.5		0
8.625		0
8.75		0
8.875		0
9		0
9.125		0
9.25		0
9.375		0
9.5		0
9.625		0
9.75		0
9.875		0
10		0
10.125		0
10.25		0
10.375		0
10.5		0
10.625		0
10.75		0
10.875		0
11		0
11.125		0
11.25		0
11.375		0
11.5		0
11.625		0
11.75		0
11.875		0
12		0
12.125		0
12.25		0
12.375		0
12.5		0
12.625		0
12.75		0
12.875		0
13		0
13.125		0
13.25		0
13.375		0
13.5		0
13.625		0
13.75		0
13.875		0
14		0
14.125		0
14.25		0
14.375		0
14.5		0
14.625		0
14.75		0
14.875		0
15		0
15.125		0
15.25		0
15.375		0
15.5		0
15.625		0
15.75		0
15.875		0
16		0
16.125		0
16.25		0
16.375		0
16.5		0
16.625		0
16.75		0
16.875		0
17		0
17.125		0
17.25		0
17.375		0
17.5		0
17.625		0
17.75		0
17.875		0
18		0
18.125		0
18.25		0
18.375		0
18.5		0
18.625		0
18.75		0
18.875		0
19		0
19.125		0
19.25		0
19.375		0
19.5		0
19.625		0
19.75		0
19.875		0
20		0
20.125		35.7143
20.25		35.7143
20.375		35.7143
20.5		35.7143
20.625		35.7143
20.75		35.7143
20.875		35.7143
21		35.7143
21.125		35.7143
21.25		35.7143
21.375		35.7143
21.5		35.7143
21.625		35.7143
21.75		35.7143
21.875		35.7143
22		35.7143
22.125		35.7143
22.25		35.7143
22.375		35.7143
22.5		35.7143
22.625		35.7143
22.75		35.7143
22.875		35.7143
23		35.7143
23.125		35.7143
23.25		35.7143
23.375		35.7143
23.5		35.7143
23.625		35.7143
23.75		35.7143
23.875		35.7143
24		35.7143
24.125		71.4286
24.25		71.4286
24.375		71.4286
24.5		71.4286
24.625		71.4286
24.75		71.4286
24.875		71.4286
25		71.4286
25.125		71.4286
25.25		71.4286
25.375		71.4286
25.5		71.4286
25.625		71.4286
25.75		71.4286
25.875		71.4286
26		71.4286
26.125		71.4286
26.25		71.4286
26.375		71.4286
26.5		71.4286
26.625		71.4286
26.75		71.4286
26.875		71.4286
27		71.4286
27.125		71.4286
27.25		71.4286
27.375		71.4286
27.5		71.4286
27.625		71.4286
27.75		71.4286
27.875		71.4286
28		71.4286
28.125		107.143
28.25		107.143
28.375		107.143
28.5		107.143
28.625		107.143
28.75		107.143
28.875		107.143
29		107.143
29.125		142.857
29.25		142.857
29.375		142.857
29.5		142.857
29.625		142.857
29.75		142.857
29.875		142.857
30		142.857
30.125		142.857
30.25		142.857
30.375		142.857
30.5		142.857
30.625		142.857
30.75		142.857
30.875		142.857
31		142.857
31.125		178.571
31.25		178.571
31.375		178.571
31.5		178.571
31.625		178.571
31.75		178.571
31.875		178.571
32		178.571
32.125		178.571
32.25		178.571
32.375		178.571
32.5		178.571
32.625		178.571
32.75		178.571
32.875		178.571
33		178.571
33.125		178.571
33.25		178.571
33.375		178.571
33.5		178.571
33.625		178.571
33.75		178.571
33.875		178.571
34		178.571
34.125		178.571
34.25		178.571
34.375		178.571
34.5		178.571
34.625		178.571
34.75		178.571
34.875		178.571
35		178.571
35.125		178.571
35.25		178.571
35.375		178.571
35.5		178.571
35.625		178.571
35.75		178.571
35.875		178.571
36		178.571
36.125		178.571
36.25		178.571
36.375		178.571
36.5		178.571
36.625		178.571
36.75		178.571
36.875		178.571
37		178.571
37.125		178.571
37.25		178.571
37.375		178.571
37.5		178.571
37.625		178.571
37.75		178.571
37.875		178.571
38		178.571
38.125		178.571
38.25		178.571
38.375		178.571
38.5		178.571
38.625		178.571
38.75		178.571
38.875		178.571
39		178.571
39.125		250
39.25		250
39.375		250
39.5		250
39.625		250
39.75		250
39.875		250
40		250
40.125		250
40.25		250
40.375		250
40.5		250
40.625		250
40.75		250
40.875		250
41		250
41.125		250
41.25		250
41.375		250
41.5		250
41.625		250
41.75		250
41.875		250
42		250
42.125		285.714
42.25		285.714
42.375		285.714
42.5		285.714
42.625		285.714
42.75		285.714
42.875		285.714
43		285.714
43.125		285.714
43.25		285.714
43.375		285.714
43.5		285.714
43.625		285.714
43.75		285.714
43.875		285.714
44		285.714
44.125		285.714
44.25		285.714
44.375		285.714
44.5		285.714
44.625		285.714
44.75		285.714
44.875		285.714
45		285.714
45.125		285.714
45.25		285.714
45.375		285.714
45.5		285.714
45.625		285.714
45.75		285.714
45.875		285.714
46		285.714
46.125		285.714
46.25		285.714
46.375		285.714
46.5		285.714
46.625		285.714
46.75		285.714
46.875		285.714
47		285.714
47.125		321.429
47.25		321.429
47.375		321.429
47.5		321.429
47.625		321.429
47.75		321.429
47.875		321.429
48		321.429
48.125		321.429
48.25		321.429
48.375		321.429
48.5		321.429
48.625		321.429
48.75		321.429
48.875		321.429
49		321.429
49.125		357.143
49.25		357.143
49.375		357.143
49.5		357.143
49.625		357.143
49.75		357.143
49.875		357.143
50		357.143
50.125		357.143
50.25		357.143
50.375		357.143
50.5		357.143
50.625		357.143
50.75		357.143
50.875		357.143
51		357.143
51.125		357.143
51.25		357.143
51.375		357.143
51.5		357.143
51.625		357.143
51.75		357.143
51.875		357.143
52		357.143
52.125		357.143
52.25		357.143
52.375		357.143
52.5		357.143
52.625		357.143
52.75		357.143
52.875		357.143
53		357.143
53.125		392.857
53.25		392.857
53.375		392.857
53.5		392.857
53.625		392.857
53.75		392.857
53.875		392.857
54		392.857
54.125		392.857
54.25		392.857
54.375		392.857
54.5		392.857
54.625		392.857
54.75		392.857
54.875		392.857
55		392.857
55.125		392.857
55.25		392.857
55.375		392.857
55.5		392.857
55.625		392.857
55.75		392.857
55.875		392.857
56		392.857
56.125		428.571
56.25		428.571
56.375		428.571
56.5		428.571
56.625		428.571
56.75		428.571
56.875		428.571
57		428.571
57.125		428.571
57.25		428.571
57.375		428.571
57.5		428.571
57.625		428.571
57.75		428.571
57.875		428.571
58		428.571
58.125		428.571
58.25		428.571
58.375		428.571
58.5		428.571
58.625		428.571
58.75		428.571
58.875		428.571
59		428.571
59.125		464.286
59.25		464.286
59.375		464.286
59.5		464.286
59.625		464.286
59.75		464.286
59.875		464.286
60		464.286
60.125		500
60.25		500
60.375		500
60.5		500
60.625		500
60.75		500
60.875		500
61		500
61.125		500
61.25		500
61.375		500
61.5		500
61.625		500
61.75		500
61.875		500
62		500
62.125		500
62.25		500
62.375		500
62.5		500
62.625		500
62.75		500
62.875		500
63		500
63.125		500
63.25		500
63.375		500
63.5		500
63.625		500
63.75		500
63.875		500
64		500
64.125		535.714
64.25		535.714
64.375		535.714
64.5		535.714
64.625		535.714
64.75		535.714
64.875		535.714
65		535.714
65.125		535.714
65.25		535.714
65.375		535.714
65.5		535.714
65.625		535.714
65.75		535.714
65.875		535.714
66		535.714
66.125		535.714
66.25		535.714
66.375		535.714
66.5		535.714
66.625		535.714
66.75		535.714
66.875		535.714
67		535.714
67.125		571.429
67.25		571.429
67.375		571.429
67.5		571.429
67.625		571.429
67.75		571.429
67.875		571.429
68		571.429
68.125		607.143
68.25		607.143
68.375		607.143
68.5		607.143
68.625		607.143
68.75		607.143
68.875		607.143
69		607.143
69.125		607.143
69.25		607.143
69.375		607.143
69.5		607.143
69.625		607.143
69.75		607.143
69.875		607.143
70		607.143
70.125		607.143
70.25		607.143
70.375		607.143
70.5		607.143
70.625		607.143
70.75		607.143
70.875		607.143
71		607.143
71.125		607.143
71.25		607.143
71.375		607.143
71.5		607.143
71.625		607.143
71.75		607.143
71.875		607.143
72		607.143
72.125		678.571
72.25		678.571
72.375		678.571
72.5		678.571
72.625		678.571
72.75		678.571
72.875		678.571
73		678.571
73.125		678.571
73.25		678.571
73.375		678.571
73.5		678.571
73.625		678.571
73.75		678.571
73.875		678.571
74		678.571
74.125		678.571
74.25		678.571
74.375		678.571
74.5		678.571
74.625		678.571
74.75		678.571
74.875		678.571
75		678.571
75.125		678.571
75.25		678.571
75.375		678.571
75.5		678.571
75.625		678.571
75.75		678.571
75.875		678.571
76		678.571
76.125		678.571
76.25		678.571
76.375		678.571
76.5		678.571
76.625		678.571
76.75		678.571
76.875		678.571
77		678.571
77.125		678.571
77.25		678.571
77.375		678.571
77.5		678.571
77.625		678.571
77.75		678.571
77.875		678.571
78		678.571
78.125		678.571
78.25		678.571
78.375		678.571
78.5		678.571
78.625		678.571
78.75		678.571
78.875		678.571
79		678.571
79.125		678.571
79.25		678.571
79.375		678.571
79.5		678.571
79.625		678.571
79.75		678.571
79.875		678.571
80		678.571
80.125		678.571
80.25		678.571
80.375		678.571
80.5		678.571
80.625		678.571
80.75		678.571
80.875		678.571
81		678.571
81.125		714.286
81.25		714.286
81.375		714.286
81.5		714.286
81.625		714.286
81.75		714.286
81.875		714.286
82		714.286
82.125		750
82.25		750
82.375		750
82.5		750
82.625		750
82.75		750
82.875		750
83		750
83.125		821.429
83.25		821.429
83.375		821.429
83.5		821.429
83.625		821.429
83.75		821.429
83.875		821.429
84		821.429
84.125		821.429
84.25		821.429
84.375		821.429
84.5		821.429
84.625		821.429
84.75		821.429
84.875		821.429
85		821.429
85.125		821.429
85.25		821.429
85.375		821.429
85.5		821.429
85.625		821.429
85.75		821.429
85.875		821.429
86		821.429
86.125		857.143
86.25		857.143
86.375		857.143
86.5		857.143
86.625		857.143
86.75		857.143
86.875		857.143
87		857.143
87.125		857.143
87.25		857.143
87.375		857.143
87.5		857.143
87.625		857.143
87.75		857.143
87.875		857.143
88		857.143
88.125		857.143
88.25		857.143
88.375		857.143
88.5		857.143
88.625		857.143
88.75		857.143
88.875		857.143
89		857.143
89.125		857.143
89.25		857.143
89.375		857.143
89.5		857.143
89.625		857.143
89.75		857.143
89.875		857.143
90		857.143
90.125		892.857
90.25		892.857
90.375		892.857
90.5		892.857
90.625		892.857
90.75		892.857
90.875		892.857
91		892.857
91.125		892.857
91.25		892.857
91.375		892.857
91.5		892.857
91.625		892.857
91.75		892.857
91.875		892.857
92		892.857
92.125		892.857
92.25		892.857
92.375		892.857
92.5		892.857
92.625		892.857
92.75		892.857
92.875		892.857
93		892.857
93.125		928.571
93.25		928.571
93.375		928.571
93.5		928.571
93.625		928.571
93.75		928.571
93.875		928.571
94		928.571
94.125		928.571
94.25		928.571
94.375		928.571
94.5		928.571
94.625		928.571
94.75		928.571
94.875		928.571
95		928.571
95.125		928.571
95.25		928.571
95.375		928.571
95.5		928.571
95.625		928.571
95.75		928.571
95.875		928.571
96		928.571
96.125		928.571
96.25		928.571
96.375		928.571
96.5		928.571
96.625		928.571
96.75		928.571
96.875		928.571
97		928.571
97.125		928.571
97.25		928.571
97.375		928.571
97.5		928.571
97.625		928.571
97.75		928.571
97.875		928.571
98		928.571
98.125		1000
98.25		1000
98.375		1000
98.5		1000
98.625		1000
98.75		1000
98.875		1000
99		1000
99.125		1000
99.25		1000
99.375		1000
99.5		1000
99.625		1000
99.75		1000
99.875		1000
100		1000
100.125		1035.71
100.25		1035.71
100.375		1035.71
100.5		1035.71
100.625		1035.71
100.75		1035.71
100.875		1035.71
101		1035.71
101.125		1035.71
101.25		1035.71
101.375		1035.71
101.5		1035.71
101.625		1035.71
101.75		1035.71
101.875		1035.71
102		1035.71
102.125		1035.71
102.25		1035.71
102.375		1035.71
102.5		1035.71
102.625		1035.71
102.75		1035.71
102.875		1035.71
103		1035.71
103.125		1035.71
103.25		1035.71
103.375		1035.71
103.5		1035.71
103.625		1035.71
103.75		1035.71
103.875		1035.71
104		1035.71
104.125		1035.71
104.25		1035.71
104.375		1035.71
104.5		1035.71
104.625		1035.71
104.75		1035.71
104.875		1035.71
105		1035.71
105.125		1035.71
105.25		1035.71
105.375		1035.71
105.5		1035.71
105.625		1035.71
105.75		1035.71
105.875		1035.71
106		1035.71
106.125		1035.71
106.25		1035.71
106.375		1035.71
106.5		1035.71
106.625		1035.71
106.75		1035.71
106.875		1035.71
107		1035.71
107.125		1035.71
107.25		1035.71
107.375		1035.71
107.5		1035.71
107.625		1035.71
107.75		1035.71
107.875		1035.71
108		1035.71
108.125		1071.43
108.25		1071.43
108.375		1071.43
108.5		1071.43
108.625		1071.43
108.75		1071.43
108.875		1071.43
109		1071.43
109.125		1071.43
109.25		1071.43
109.375		1071.43
109.5		1071.43
109.625		1071.43
109.75		1071.43
109.875		1071.43
110		1071.43
110.125		1107.14
110.25		1107.14
110.375		1107.14
110.5		1107.14
110.625		1107.14
110.75		1107.14
110.875		1107.14
111		1107.14
111.125		1107.14
111.25		1107.14
111.375		1107.14
111.5		1107.14
111.625		1107.14
111.75		1107.14
111.875		1107.14
112		1107.14
112.125		1107.14
112.25		1107.14
112.375		1107.14
112.5		1107.14
112.625		1107.14
112.75		1107.14
112.875		1107.14
113		1107.14
113.125		1107.14
113.25		1107.14
113.375		1107.14
113.5		1107.14
113.625		1107.14
113.75		1107.14
113.875		1107.14
114		1107.14
114.125		1142.86
114.25		1142.86
114.375		1142.86
114.5		1142.86
114.625		1142.86
114.75		1142.86
114.875		1142.86
115		1142.86
115.125		1142.86
115.25		1142.86
115.375		1142.86
115.5		1142.86
115.625		1142.86
115.75		1142.86
115.875		1142.86
116		1142.86
116.125		1142.86
116.25		1142.86
116.375		1142.86
116.5		1142.86
116.625		1142.86
116.75		1142.86
116.875		1142.86
117		1142.86
117.125		1142.86
117.25		1142.86
117.375		1142.86
117.5		1142.86
117.625		1142.86
117.75		1142.86
117.875		1142.86
118		1142.86
118.125		1142.86
118.25		1142.86
118.375		1142.86
118.5		1142.86
118.625		1142.86
118.75		1142.86
118.875		1142.86
119		1142.86
119.125		1142.86
119.25		1142.86
119.375		1142.86
119.5		1142.86
119.625		1142.86
119.75		1142.86
119.875		1142.86
120		1142.86
120.125		1142.86
120.25		1142.86
120.375		1142.86
120.5		1142.86
120.625		1142.86
120.75		1142.86
120.875		1142.86
121		1142.86
121.125		1142.86
121.25		1142.86
121.375		1142.86
121.5		1142.86
121.625		1142.86
121.75		1142.86
121.875		1142.86
122		1142.86
122.125		1142.86
122.25		1142.86
122.375		1142.86
122.5		1142.86
122.625		1142.86
122.75		1142.86
122.875		1142.86
123		1142.86
123.125		1142.86
123.25		1142.86
123.375		1142.86
123.5		1142.86
123.625		1142.86
123.75		1142.86
123.875		1142.86
124		1142.86
124.125		1214.29
124.25		1214.29
124.375		1214.29
124.5		1214.29
124.625		1214.29
124.75		1214.29
124.875		1214.29
125		1214.29
125.125		1214.29
125.25		1214.29
125.375		1214.29
125.5		1214.29
125.625		1214.29
125.75		1214.29
125.875		1214.29
126		1214.29
126.125		1214.29
126.25		1214.29
126.375		1214.29
126.5		1214.29
126.625		1214.29
126.75		1214.29
126.875		1214.29
127		1214.29
127.125		1214.29
127.25		1214.29
127.375		1214.29
127.5		1214.29
127.625		1214.29
127.75		1214.29
127.875		1214.29
128		1214.29
128.125		1214.29
128.25		1214.29
128.375		1214.29
128.5		1214.29
128.625		1214.29
128.75		1214.29
128.875		1214.29
129		1214.29
129.125		1214.29
129.25		1214.29
129.375		1214.29
129.5		1214.29
129.625		1214.29
129.75		1214.29
129.875		1214.29
130		1214.29
130.125		1214.29
130.25		1214.29
130.375		1214.29
130.5		1214.29
130.625		1214.29
130.75		1214.29
130.875		1214.29
131		1214.29
131.125		1214.29
131.25		1214.29
131.375		1214.29
131.5		1214.29
131.625		1214.29
131.75		1214.29
131.875		1214.29
132		1214.29
132.125		1214.29
132.25		1214.29
132.375		1214.29
132.5		1214.29
132.625		1214.29
132.75		1214.29
132.875		1214.29
133		1214.29
133.125		1214.29
133.25		1214.29
133.375		1214.29
133.5		1214.29
133.625		1214.29
133.75		1214.29
133.875		1214.29
134		1214.29
134.125		1214.29
134.25		1214.29
134.375		1214.29
134.5		1214.29
134.625		1214.29
134.75		1214.29
134.875		1214.29
135		1214.29
135.125		1214.29
135.25		1214.29
135.375		1214.29
135.5		1214.29
135.625		1214.29
135.75		1214.29
135.875		1214.29
136		1214.29
136.125		1214.29
136.25		1214.29
136.375		1214.29
136.5		1214.29
136.625		1214.29
136.75		1214.29
136.875		1214.29
137		1214.29
137.125		1214.29
137.25		1214.29
137.375		1214.29
137.5		1214.29
137.625		1214.29
137.75		1214.29
137.875		1214.29
138		1214.29
138.125		1214.29
138.25		1214.29
138.375		1214.29
138.5		1214.29
138.625		1214.29
138.75		1214.29
138.875		1214.29
139		1214.29
139.125		1214.29
139.25		1214.29
139.375		1214.29
139.5		1214.29
139.625		1214.29
139.75		1214.29
139.875		1214.29
140		1214.29
140.125		1250
140.25		1250
140.375		1250
140.5		1250
140.625		1250
140.75		1250
140.875		1250
141		1250
141.125		1250
141.25		1250
141.375		1250
141.5		1250
141.625		1250
141.75		1250
141.875		1250
142		1250
142.125		1250
142.25		1250
142.375		1250
142.5		1250
142.625		1250
142.75		1250
142.875		1250
143		1250
143.125		1250
143.25		1250
143.375		1250
143.5		1250
143.625		1250
143.75		1250
143.875		1250
144		1250
144.125		1250
144.25		1250
144.375		1250
144.5		1250
144.625		1250
144.75		1250
144.875		1250
145		1250
145.125		1250
145.25		1250
145.375		1250
145.5		1250
145.625		1250
145.75		1250
145.875		1250
146		1250
146.125		1250
146.25		1250
146.375		1250
146.5		1250
146.625		1250
146.75		1250
146.875		1250
147		1250
147.125		1321.43
147.25		1321.43
147.375		1321.43
147.5		1321.43
147.625		1321.43
147.75		1321.43
147.875		1321.43
148		1321.43
148.125		1321.43
148.25		1321.43
148.375		1321.43
148.5		1321.43
148.625		1321.43
148.75		1321.43
148.875		1321.43
149		1321.43
149.125		1321.43
149.25		1321.43
149.375		1321.43
149.5		1321.43
149.625		1321.43
149.75		1321.43
149.875		1321.43
150		1321.43
150.125		1321.43
150.25		1321.43
150.375		1321.43
150.5		1321.43
150.625		1321.43
150.75		1321.43
150.875		1321.43
151		1321.43
151.125		1321.43
151.25		1321.43
151.375		1321.43
151.5		1321.43
151.625		1321.43
151.75		1321.43
151.875		1321.43
152		1321.43
152.125		1321.43
152.25		1321.43
152.375		1321.43
152.5		1321.43
152.625		1321.43
152.75		1321.43
152.875		1321.43
153		1321.43
153.125		1321.43
153.25		1321.43
153.375		1321.43
153.5		1321.43
153.625		1321.43
153.75		1321.43
153.875		1321.43
154		1321.43
154.125		1321.43
154.25		1321.43
154.375		1321.43
154.5		1321.43
154.625		1321.43
154.75		1321.43
154.875		1321.43
155		1321.43
155.125		1321.43
155.25		1321.43
155.375		1321.43
155.5		1321.43
155.625		1321.43
155.75		1321.43
155.875		1321.43
156		1321.43
156.125		1321.43
156.25		1321.43
156.375		1321.43
156.5		1321.43
156.625		1321.43
156.75		1321.43
156.875		1321.43
157		1321.43
157.125		1321.43
157.25		1321.43
157.375		1321.43
157.5		1321.43
157.625		1321.43
157.75		1321.43
157.875		1321.43
158		1321.43
158.125		1321.43
158.25		1321.43
158.375		1321.43
158.5		1321.43
158.625		1321.43
158.75		1321.43
158.875		1321.43
159		1321.43
159.125		1321.43
159.25		1321.43
159.375		1321.43
159.5		1321.43
159.625		1321.43
159.75		1321.43
159.875		1321.43
160		1321.43
160.125		1392.86
160.25		1392.86
160.375		1392.86
160.5		1392.86
160.625		1392.86
160.75		1392.86
160.875		1392.86
161		1392.86
161.125		1392.86
161.25		1392.86
161.375		1392.86
161.5		1392.86
161.625		1392.86
161.75		1392.86
161.875		1392.86
162		1392.86
162.125		1392.86
162.25		1392.86
162.375		1392.86
162.5		1392.86
162.625		1392.86
162.75		1392.86
162.875		1392.86
163		1392.86
163.125		1392.86
163.25		1392.86
163.375		1392.86
163.5		1392.86
163.625		1392.86
163.75		1392.86
163.875		1392.86
164		1392.86
164.125		1392.86
164.25		1392.86
164.375		1392.86
164.5		1392.86
164.625		1392.86
164.75		1392.86
164.875		1392.86
165		1392.86
165.125		1392.86
165.25		1392.86
165.375		1392.86
165.5		1392.86
165.625		1392.86
165.75		1392.86
165.875		1392.86
166		1392.86
166.125		1392.86
166.25		1392.86
166.375		1392.86
166.5		1392.86
166.625		1392.86
166.75		1392.86
166.875		1392.86
167		1392.86
167.125		1464.29
167.25		1464.29
167.375		1464.29
167.5		1464.29
167.625		1464.29
167.75		1464.29
167.875		1464.29
168		1464.29
168.125		1500
168.25		1500
168.375		1500
168.5		1500
168.625		1500
168.75		1500
168.875		1500
169		1500
169.125		1500
169.25		1500
169.375		1500
169.5		1500
169.625		1500
169.75		1500
169.875		1500
170		1500
170.125		1500
170.25		1500
170.375		1500
170.5		1500
170.625		1500
170.75		1500
170.875		1500
171		1500
171.125		1535.71
171.25		1535.71
171.375		1535.71
171.5		1535.71
171.625		1535.71
171.75		1535.71
171.875		1535.71
172		1535.71
172.125		1535.71
172.25		1535.71
172.375		1535.71
172.5		1535.71
172.625		1535.71
172.75		1535.71
172.875		1535.71
173		1535.71
173.125		1535.71
173.25		1535.71
173.375		1535.71
173.5		1535.71
173.625		1535.71
173.75		1535.71
173.875		1535.71
174		1535.71
174.125		1535.71
174.25		1535.71
174.375		1535.71
174.5		1535.71
174.625		1535.71
174.75		1535.71
174.875		1535.71
175		1535.71
175.125		1535.71
175.25		1535.71
175.375		1535.71
175.5		1535.71
175.625		1535.71
175.75		1535.71
175.875		1535.71
176		1535.71
176.125		1535.71
176.25		1535.71
176.375		1535.71
176.5		1535.71
176.625		1535.71
176.75		1535.71
176.875		1535.71
177		1535.71
177.125		1571.43
177.25		1571.43
177.375		1571.43
177.5		1571.43
177.625		1571.43
177.75		1571.43
177.875		1571.43
178		1571.43
178.125		1571.43
178.25		1571.43
178.375		1571.43
178.5		1571.43
178.625		1571.43
178.75		1571.43
178.875		1571.43
179		1571.43
179.125		1571.43
179.25		1571.43
179.375		1571.43
179.5		1571.43
179.625		1571.43
179.75		1571.43
179.875		1571.43
180		1571.43
180.125		1571.43
180.25		1571.43
180.375		1571.43
180.5		1571.43
180.625		1571.43
180.75		1571.43
180.875		1571.43
181		1571.43
181.125		1642.86
181.25		1642.86
181.375		1642.86
181.5		1642.86
181.625		1642.86
181.75		1642.86
181.875		1642.86
182		1642.86
182.125		1750
182.25		1750
182.375		1750
182.5		1750
182.625		1750
182.75		1750
182.875		1750
183		1750
183.125		1750
183.25		1750
183.375		1750
183.5		1750
183.625		1750
183.75		1750
183.875		1750
184		1750
184.125		1750
184.25		1750
184.375		1750
184.5		1750
184.625		1750
184.75		1750
184.875		1750
185		1750
185.125		1750
185.25		1750
185.375		1750
185.5		1750
185.625		1750
185.75		1750
185.875		1750
186		1750
186.125		1785.71
186.25		1785.71
186.375		1785.71
186.5		1785.71
186.625		1785.71
186.75		1785.71
186.875		1785.71
187		1785.71
187.125		1785.71
187.25		1785.71
187.375		1785.71
187.5		1785.71
187.625		1785.71
187.75		1785.71
187.875		1785.71
188		1785.71
188.125		1785.71
188.25		1785.71
188.375		1785.71
188.5		1785.71
188.625		1785.71
188.75		1785.71
188.875		1785.71
189		1785.71
189.125		1785.71
189.25		1785.71
189.375		1785.71
189.5		1785.71
189.625		1785.71
189.75		1785.71
189.875		1785.71
190		1785.71
190.125		1785.71
190.25		1785.71
190.375		1785.71
190.5		1785.71
190.625		1785.71
190.75		1785.71
190.875		1785.71
191		1785.71
191.125		1785.71
191.25		1785.71
191.375		1785.71
191.5		1785.71
191.625		1785.71
191.75		1785.71
191.875		1785.71
192		1785.71
192.125		1785.71
192.25		1785.71
192.375		1785.71
192.5		1785.71
192.625		1785.71
192.75		1785.71
192.875		1785.71
193		1785.71
193.125		1785.71
193.25		1785.71
193.375		1785.71
193.5		1785.71
193.625		1785.71
193.75		1785.71
193.875		1785.71
194		1785.71
194.125		1785.71
194.25		1785.71
194.375		1785.71
194.5		1785.71
194.625		1785.71
194.75		1785.71
194.875		1785.71
195		1785.71
195.125		1785.71
195.25		1785.71
195.375		1785.71
195.5		1785.71
195.625		1785.71
195.75		1785.71
195.875		1785.71
196		1785.71
196.125		1785.71
196.25		1785.71
196.375		1785.71
196.5		1785.71
196.625		1785.71
196.75		1785.71
196.875		1785.71
197		1785.71
197.125		1785.71
197.25		1785.71
197.375		1785.71
197.5		1785.71
197.625		1785.71
197.75		1785.71
197.875		1785.71
198		1785.71
198.125		1857.14
198.25		1857.14
198.375		1857.14
198.5		1857.14
198.625		1857.14
198.75		1857.14
198.875		1857.14
199		1857.14
199.125		1857.14
199.25		1857.14
199.375		1857.14
199.5		1857.14
199.625		1857.14
199.75		1857.14
199.875		1857.14
200		1857.14
200.125		1857.14
200.25		1857.14
200.375		1857.14
200.5		1857.14
200.625		1857.14
200.75		1857.14
200.875		1857.14
201		1857.14
201.125		1892.86
201.25		1892.86
201.375		1892.86
201.5		1892.86
201.625		1892.86
201.75		1892.86
201.875		1892.86
202		1892.86
202.125		1892.86
202.25		1892.86
202.375		1892.86
202.5		1892.86
202.625		1892.86
202.75		1892.86
202.875		1892.86
203		1892.86
203.125		1892.86
203.25		1892.86
203.375		1892.86
203.5		1892.86
203.625		1892.86
203.75		1892.86
203.875		1892.86
204		1892.86
204.125		2000
204.25		2000
204.375		2000
204.5		2000
204.625		2000
204.75		2000
204.875		2000
205		2000
205.125		2000
205.25		2000
205.375		2000
205.5		2000
205.625		2000
205.75		2000
205.875		2000
206		2000
206.125		2000
206.25		2000
206.375		2000
206.5		2000
206.625		2000
206.75		2000
206.875		2000
207		2000
207.125		2000
207.25		2000
207.375		2000
207.5		2000
207.625		2000
207.75		2000
207.875		2000
208		2000
208.125		2000
208.25		2000
208.375		2000
208.5		2000
208.625		2000
208.75		2000
208.875		2000
209		2000
209.125		2000
209.25		2000
209.375		2000
209.5		2000
209.625		2000
209.75		2000
209.875		2000
210		2000
210.125		2000
210.25		2000
210.375		2000
210.5		2000
210.625		2000
210.75		2000
210.875		2000
211		2000
211.125		2000
211.25		2000
211.375		2000
211.5		2000
211.625		2000
211.75		2000
211.875		2000
212		2000
212.125		2035.71
212.25		2035.71
212.375		2035.71
212.5		2035.71
212.625		2035.71
212.75		2035.71
212.875		2035.71
213		2035.71
213.125		2035.71
213.25		2035.71
213.375		2035.71
213.5		2035.71
213.625		2035.71
213.75		2035.71
213.875		2035.71
214		2035.71
214.125		2035.71
214.25		2035.71
214.375		2035.71
214.5		2035.71
214.625		2035.71
214.75		2035.71
214.875		2035.71
215		2035.71
215.125		2071.43
215.25		2071.43
215.375		2071.43
215.5		2071.43
215.625		2071.43
215.75		2071.43
215.875		2071.43
216		2071.43
216.125		2071.43
216.25		2071.43
216.375		2071.43
216.5		2071.43
216.625		2071.43
216.75		2071.43
216.875		2071.43
217		2071.43
217.125		2071.43
217.25		2071.43
217.375		2071.43
217.5		2071.43
217.625		2071.43
217.75		2071.43
217.875		2071.43
218		2071.43
218.125		2071.43
218.25		2071.43
218.375		2071.43
218.5		2071.43
218.625		2071.43
218.75		2071.43
218.875		2071.43
219		2071.43
219.125		2071.43
219.25		2071.43
219.375		2071.43
219.5		2071.43
219.625		2071.43
219.75		2071.43
219.875		2071.43
220		2071.43
220.125		2071.43
220.25		2071.43
220.375		2071.43
220.5		2071.43
220.625		2071.43
220.75		2071.43
220.875		2071.43
221		2071.43
221.125		2142.86
221.25		2142.86
221.375		2142.86
221.5		2142.86
221.625		2142.86
221.75		2142.86
221.875		2142.86
222		2142.86
222.125		2178.57
222.25		2178.57
222.375		2178.57
222.5		2178.57
222.625		2178.57
222.75		2178.57
222.875		2178.57
223		2178.57
223.125		2178.57
223.25		2178.57
223.375		2178.57
223.5		2178.57
223.625		2178.57
223.75		2178.57
223.875		2178.57
224		2178.57
224.125		2178.57
224.25		2178.57
224.375		2178.57
224.5		2178.57
224.625		2178.57
224.75		2178.57
224.875		2178.57
225		2178.57
225.125		2178.57
225.25		2178.57
225.375		2178.57
225.5		2178.57
225.625		2178.57
225.75		2178.57
225.875		2178.57
226		2178.57
226.125		2178.57
226.25		2178.57
226.375		2178.57
226.5		2178.57
226.625		2178.57
226.75		2178.57
226.875		2178.57
227		2178.57
227.125		2178.57
227.25		2178.57
227.375		2178.57
227.5		2178.57
227.625		2178.57
227.75		2178.57
227.875		2178.57
228		2178.57
228.125		2178.57
228.25		2178.57
228.375		2178.57
228.5		2178.57
228.625		2178.57
228.75		2178.57
228.875		2178.57
229		2178.57
229.125		2178.57
229.25		2178.57
229.375		2178.57
229.5		2178.57
229.625		2178.57
229.75		2178.57
229.875		2178.57
230		2178.57
230.125		2178.57
230.25		2178.57
230.375		2178.57
230.5		2178.57
230.625		2178.57
230.75		2178.57
230.875		2178.57
231		2178.57
231.125		2178.57
231.25		2178.57
231.375		2178.57
231.5		2178.57
231.625		2178.57
231.75		2178.57
231.875		2178.57
232		2178.57
232.125		2214.29
232.25		2214.29
232.375		2214.29
232.5		2214.29
232.625		2214.29
232.75		2214.29
232.875		2214.29
233		2214.29
233.125		2214.29
233.25		2214.29
233.375		2214.29
233.5		2214.29
233.625		2214.29
233.75		2214.29
233.875		2214.29
234		2214.29
234.125		2214.29
234.25		2214.29
234.375		2214.29
234.5		2214.29
234.625		2214.29
234.75		2214.29
234.875		2214.29
235		2214.29
235.125		2214.29
235.25		2214.29
235.375		2214.29
235.5		2214.29
235.625		2214.29
235.75		2214.29
235.875		2214.29
236		2214.29
236.125		2214.29
236.25		2214.29
236.375		2214.29
236.5		2214.29
236.625		2214.29
236.75		2214.29
236.875		2214.29
237		2214.29
237.125		2214.29
237.25		2214.29
237.375		2214.29
237.5		2214.29
237.625		2214.29
237.75		2214.29
237.875		2214.29
238		2214.29
238.125		2214.29
238.25		2214.29
238.375		2214.29
238.5		2214.29
238.625		2214.29
238.75		2214.29
238.875		2214.29
239		2214.29
239.125		2214.29
239.25		2214.29
239.375		2214.29
239.5		2214.29
239.625		2214.29
239.75		2214.29
239.875		2214.29
240		2214.29
240.125		2214.29
240.25		2214.29
240.375		2214.29
240.5		2214.29
240.625		2214.29
240.75		2214.29
240.875		2214.29
241		2214.29
241.125		2214.29
241.25		2214.29
241.375		2214.29
241.5		2214.29
241.625		2214.29
241.75		2214.29
241.875		2214.29
242		2214.29
242.125		2214.29
242.25		2214.29
242.375		2214.29
242.5		2214.29
242.625		2214.29
242.75		2214.29
242.875		2214.29
243		2214.29
243.125		2214.29
243.25		2214.29
243.375		2214.29
243.5		2214.29
243.625		2214.29
243.75		2214.29
243.875		2214.29
244		2214.29
244.125		2214.29
244.25		2214.29
244.375		2214.29
244.5		2214.29
244.625		2214.29
244.75		2214.29
244.875		2214.29
245		2214.29
245.125		2214.29
245.25		2214.29
245.375		2214.29
245.5		2214.29
245.625		2214.29
245.75		2214.29
245.875		2214.29
246		2214.29
246.125		2250
246.25		2250
246.375		2250
246.5		2250
246.625		2250
246.75		2250
246.875		2250
247		2250
247.125		2285.71
247.25		2285.71
247.375		2285.71
247.5		2285.71
247.625		2285.71
247.75		2285.71
247.875		2285.71
248		2285.71
248.125		2285.71
248.25		2285.71
248.375		2285.71
248.5		2285.71
248.625		2285.71
248.75		2285.71
248.875		2285.71
249		2285.71
249.125		2285.71
249.25		2285.71
249.375		2285.71
249.5		2285.71
249.625		2285.71
249.75		2285.71
249.875		2285.71
250		2285.71
250.125		2321.43
250.25		2321.43
250.375		2321.43
250.5		2321.43
250.625		2321.43
250.75		2321.43
250.875		2321.43
251		2321.43
251.125		2357.14
251.25		2357.14
251.375		2357.14
251.5		2357.14
251.625		2357.14
251.75		2357.14
251.875		2357.14
252		2357.14
252.125		2357.14
252.25		2357.14
252.375		2357.14
252.5		2357.14
252.625		2357.14
252.75		2357.14
252.875		2357.14
253		2357.14
253.125		2392.86
253.25		2392.86
253.375		2392.86
253.5		2392.86
253.625		2392.86
253.75		2392.86
253.875		2392.86
254		2392.86
254.125		2428.57
254.25		2428.57
254.375		2428.57
254.5		2428.57
254.625		2428.57
254.75		2428.57
254.875		2428.57
255		2428.57
255.125		2428.57
255.25		2428.57
255.375		2428.57
255.5		2428.57
255.625		2428.57
255.75		2428.57
255.875		2428.57
256		2428.57
256.125		2428.57
256.25		2428.57
256.375		2428.57
256.5		2428.57
256.625		2428.57
256.75		2428.57
256.875		2428.57
257		2428.57
257.125		2428.57
257.25		2428.57
257.375		2428.57
257.5		2428.57
257.625		2428.57
257.75		2428.57
257.875		2428.57
258		2428.57
258.125		2428.57
258.25		2428.57
258.375		2428.57
258.5		2428.57
258.625		2428.57
258.75		2428.57
258.875		2428.57
259		2428.57
259.125		2464.29
259.25		2464.29
259.375		2464.29
259.5		2464.29
259.625		2464.29
259.75		2464.29
259.875		2464.29
260		2464.29
260.125		2464.29
260.25		2464.29
260.375		2464.29
260.5		2464.29
260.625		2464.29
260.75		2464.29
260.875		2464.29
261		2464.29
261.125		2500
261.25		2500
261.375		2500
261.5		2500
261.625		2500
261.75		2500
261.875		2500
262		2500
262.125		2500
262.25		2500
262.375		2500
262.5		2500
262.625		2500
262.75		2500
262.875		2500
263		2500
263.125		2571.43
263.25		2571.43
263.375		2571.43
263.5		2571.43
263.625		2571.43
263.75		2571.43
263.875		2571.43
264		2571.43
264.125		2571.43
264.25		2571.43
264.375		2571.43
264.5		2571.43
264.625		2571.43
264.75		2571.43
264.875		2571.43
265		2571.43
265.125		2571.43
265.25		2571.43
265.375		2571.43
265.5		2571.43
265.625		2571.43
265.75		2571.43
265.875		2571.43
266		2571.43
266.125		2571.43
266.25		2571.43
266.375		2571.43
266.5		2571.43
266.625		2571.43
266.75		2571.43
266.875		2571.43
267		2571.43
267.125		2571.43
267.25		2571.43
267.375		2571.43
267.5		2571.43
267.625		2571.43
267.75		2571.43
267.875		2571.43
268		2571.43
268.125		2750
268.25		2750
268.375		2750
268.5		2750
268.625		2750
268.75		2750
268.875		2750
269		2750
269.125		2750
269.25		2750
269.375		2750
269.5		2750
269.625		2750
269.75		2750
269.875		2750
270		2750
270.125		2785.71
270.25		2785.71
270.375		2785.71
270.5		2785.71
270.625		2785.71
270.75		2785.71
270.875		2785.71
271		2785.71
271.125		2785.71
271.25		2785.71
271.375		2785.71
271.5		2785.71
271.625		2785.71
271.75		2785.71
271.875		2785.71
272		2785.71
272.125		2821.43
272.25		2821.43
272.375		2821.43
272.5		2821.43
272.625		2821.43
272.75		2821.43
272.875		2821.43
273		2821.43
273.125		2821.43
273.25		2821.43
273.375		2821.43
273.5		2821.43
273.625		2821.43
273.75		2821.43
273.875		2821.43
274		2821.43
274.125		2821.43
274.25		2821.43
274.375		2821.43
274.5		2821.43
274.625		2821.43
274.75		2821.43
274.875		2821.43
275		2821.43
275.125		2857.14
275.25		2857.14
275.375		2857.14
275.5		2857.14
275.625		2857.14
275.75		2857.14
275.875		2857.14
276		2857.14
276.125		2857.14
276.25		2857.14
276.375		2857.14
276.5		2857.14
276.625		2857.14
276.75		2857.14
276.875		2857.14
277		2857.14
277.125		2857.14
277.25		2857.14
277.375		2857.14
277.5		2857.14
277.625		2857.14
277.75		2857.14
277.875		2857.14
278		2857.14
278.125		2892.86
278.25		2892.86
278.375		2892.86
278.5		2892.86
278.625		2892.86
278.75		2892.86
278.875		2892.86
279		2892.86
279.125		2892.86
279.25		2892.86
279.375		2892.86
279.5		2892.86
279.625		2892.86
279.75		2892.86
279.875		2892.86
280		2892.86
280.125		2892.86
280.25		2892.86
280.375		2892.86
280.5		2892.86
280.625		2892.86
280.75		2892.86
280.875		2892.86
281		2892.86
281.125		2892.86
281.25		2892.86
281.375		2892.86
281.5		2892.86
281.625		2892.86
281.75		2892.86
281.875		2892.86
282		2892.86
282.125		2892.86
282.25		2892.86
282.375		2892.86
282.5		2892.86
282.625		2892.86
282.75		2892.86
282.875		2892.86
283		2892.86
283.125		2892.86
283.25		2892.86
283.375		2892.86
283.5		2892.86
283.625		2892.86
283.75		2892.86
283.875		2892.86
284		2892.86
284.125		2892.86
284.25		2892.86
284.375		2892.86
284.5		2892.86
284.625		2892.86
284.75		2892.86
284.875		2892.86
285		2892.86
285.125		2892.86
285.25		2892.86
285.375		2892.86
285.5		2892.86
285.625		2892.86
285.75		2892.86
285.875		2892.86
286		2892.86
286.125		2928.57
286.25		2928.57
286.375		2928.57
286.5		2928.57
286.625		2928.57
286.75		2928.57
286.875		2928.57
287		2928.57
287.125		2928.57
287.25		2928.57
287.375		2928.57
287.5		2928.57
287.625		2928.57
287.75		2928.57
287.875		2928.57
288		2928.57
288.125		2928.57
288.25		2928.57
288.375		2928.57
288.5		2928.57
288.625		2928.57
288.75		2928.57
288.875		2928.57
289		2928.57
289.125		2928.57
289.25		2928.57
289.375		2928.57
289.5		2928.57
289.625		2928.57
289.75		2928.57
289.875		2928.57
290		2928.57
290.125		2928.57
290.25		2928.57
290.375		2928.57
290.5		2928.57
290.625		2928.57
290.75		2928.57
290.875		2928.57
291		2928.57
291.125		2928.57
291.25		2928.57
291.375		2928.57
291.5		2928.57
291.625		2928.57
291.75		2928.57
291.875		2928.57
292		2928.57
292.125		2964.29
292.25		2964.29
292.375		2964.29
292.5		2964.29
292.625		2964.29
292.75		2964.29
292.875		2964.29
293		2964.29
293.125		2964.29
293.25		2964.29
293.375		2964.29
293.5		2964.29
293.625		2964.29
293.75		2964.29
293.875		2964.29
294		2964.29
294.125		2964.29
294.25		2964.29
294.375		2964.29
294.5		2964.29
294.625		2964.29
294.75		2964.29
294.875		2964.29
295		2964.29
295.125		2964.29
295.25		2964.29
295.375		2964.29
295.5		2964.29
295.625		2964.29
295.75		2964.29
295.875		2964.29
296		2964.29
296.125		2964.29
296.25		2964.29
296.375		2964.29
296.5		2964.29
296.625		2964.29
296.75		2964.29
296.875		2964.29
297		2964.29
297.125		3071.43
297.25		3071.43
297.375		3071.43
297.5		3071.43
297.625		3071.43
297.75		3071.43
297.875		3071.43
298		3071.43
298.125		3107.14
298.25		3107.14
298.375		3107.14
298.5		3107.14
298.625		3107.14
298.75		3107.14
298.875		3107.14
299		3107.14
299.125		3107.14
299.25		3107.14
299.375		3107.14
299.5		3107.14
299.625		3107.14
299.75		3107.14
299.875		3107.14
300		3107.14
300.125		3142.86
300.25		3142.86
300.375		3142.86
300.5		3142.86
300.625		3142.86
300.75		3142.86
300.875		3142.86
301		3142.86
301.125		3178.57
301.25		3178.57
301.375		3178.57
301.5		3178.57
301.625		3178.57
301.75		3178.57
301.875		3178.57
302		3178.57
302.125		3178.57
302.25		3178.57
302.375		3178.57
302.5		3178.57
302.625		3178.57
302.75		3178.57
302.875		3178.57
303		3178.57
303.125		3178.57
303.25		3178.57
303.375		3178.57
303.5		3178.57
303.625		3178.57
303.75		3178.57
303.875		3178.57
304		3178.57
304.125		3214.29
304.25		3214.29
304.375		3214.29
304.5		3214.29
304.625		3214.29
304.75		3214.29
304.875		3214.29
305		3214.29
305.125		3250
305.25		3250
305.375		3250
305.5		3250
305.625		3250
305.75		3250
305.875		3250
306		3250
306.125		3285.71
306.25		3285.71
306.375		3285.71
306.5		3285.71
306.625		3285.71
306.75		3285.71
306.875		3285.71
307		3285.71
307.125		3321.43
307.25		3321.43
307.375		3321.43
307.5		3321.43
307.625		3321.43
307.75		3321.43
307.875		3321.43
308		3321.43
308.125		3321.43
308.25		3321.43
308.375		3321.43
308.5		3321.43
308.625		3321.43
308.75		3321.43
308.875		3321.43
309		3321.43
309.125		3321.43
309.25		3321.43
309.375		3321.43
309.5		3321.43
309.625		3321.43
309.75		3321.43
309.875		3321.43
310		3321.43
310.125		3321.43
310.25		3321.43
310.375		3321.43
310.5		3321.43
310.625		3321.43
310.75		3321.43
310.875		3321.43
311		3321.43
311.125		3357.14
311.25		3357.14
311.375		3357.14
311.5		3357.14
311.625		3357.14
311.75		3357.14
311.875		3357.14
312		3357.14
312.125		3392.86
312.25		3392.86
312.375		3392.86
312.5		3392.86
312.625		3392.86
312.75		3392.86
312.875		3392.86
313		3392.86
313.125		3392.86
313.25		3392.86
313.375		3392.86
313.5		3392.86
313.625		3392.86
313.75		3392.86
313.875		3392.86
314		3392.86
314.125		3392.86
314.25		3392.86
314.375		3392.86
314.5		3392.86
314.625		3392.86
314.75		3392.86
314.875		3392.86
315		3392.86
315.125		3392.86
315.25		3392.86
315.375		3392.86
315.5		3392.86
315.625		3392.86
315.75		3392.86
315.875		3392.86
316		3392.86
316.125		3500
316.25		3500
316.375		3500
316.5		3500
316.625		3500
316.75		3500
316.875		3500
317		3500
317.125		3500
317.25		3500
317.375		3500
317.5		3500
317.625		3500
317.75		3500
317.875		3500
318		3500
318.125		3500
318.25		3500
318.375		3500
318.5		3500
318.625		3500
318.75		3500
318.875		3500
319		3500
319.125		3535.71
319.25		3535.71
319.375		3535.71
319.5		3535.71
319.625		3535.71
319.75		3535.71
319.875		3535.71
320		3535.71
320.125		3571.43
320.25		3571.43
320.375		3571.43
320.5		3571.43
320.625		3571.43
320.75		3571.43
320.875		3571.43
321		3571.43
321.125		3571.43
321.25		3571.43
321.375		3571.43
321.5		3571.43
321.625		3571.43
321.75		3571.43
321.875		3571.43
322		3571.43
322.125		3571.43
322.25		3571.43
322.375		3571.43
322.5		3571.43
322.625		3571.43
322.75		3571.43
322.875		3571.43
323		3571.43
323.125		3571.43
323.25		3571.43
323.375		3571.43
323.5		3571.43
323.625		3571.43
323.75		3571.43
323.875		3571.43
324		3571.43
324.125		3571.43
324.25		3571.43
324.375		3571.43
324.5		3571.43
324.625		3571.43
324.75		3571.43
324.875		3571.43
325		3571.43
325.125		3571.43
325.25		3571.43
325.375		3571.43
325.5		3571.43
325.625		3571.43
325.75		3571.43
325.875		3571.43
326		3571.43
326.125		3571.43
326.25		3571.43
326.375		3571.43
326.5		3571.43
326.625		3571.43
326.75		3571.43
326.875		3571.43
327		3571.43
327.125		3571.43
327.25		3571.43
327.375		3571.43
327.5		3571.43
327.625		3571.43
327.75		3571.43
327.875		3571.43
328		3571.43
328.125		3571.43
328.25		3571.43
328.375		3571.43
328.5		3571.43
328.625		3571.43
328.75		3571.43
328.875		3571.43
329		3571.43
329.125		3571.43
329.25		3571.43
329.375		3571.43
329.5		3571.43
329.625		3571.43
329.75		3571.43
329.875		3571.43
330		3571.43
330.125		3571.43
330.25		3571.43
330.375		3571.43
330.5		3571.43
330.625		3571.43
330.75		3571.43
330.875		3571.43
331		3571.43
331.125		3571.43
331.25		3571.43
331.375		3571.43
331.5		3571.43
331.625		3571.43
331.75		3571.43
331.875		3571.43
332		3571.43
332.125		3571.43
332.25		3571.43
332.375		3571.43
332.5		3571.43
332.625		3571.43
332.75		3571.43
332.875		3571.43
333		3571.43
333.125		3571.43
333.25		3571.43
333.375		3571.43
333.5		3571.43
333.625		3571.43
333.75		3571.43
333.875		3571.43
334		3571.43
334.125		3607.14
334.25		3607.14
334.375		3607.14
334.5		3607.14
334.625		3607.14
334.75		3607.14
334.875		3607.14
335		3607.14
335.125		3607.14
335.25		3607.14
335.375		3607.14
335.5		3607.14
335.625		3607.14
335.75		3607.14
335.875		3607.14
336		3607.14
336.125		3607.14
336.25		3607.14
336.375		3607.14
336.5		3607.14
336.625		3607.14
336.75		3607.14
336.875		3607.14
337		3607.14
337.125		3607.14
337.25		3607.14
337.375		3607.14
337.5		3607.14
337.625		3607.14
337.75		3607.14
337.875		3607.14
338		3607.14
338.125		3607.14
338.25		3607.14
338.375		3607.14
338.5		3607.14
338.625		3607.14
338.75		3607.14
338.875		3607.14
339		3607.14
339.125		3607.14
339.25		3607.14
339.375		3607.14
339.5		3607.14
339.625		3607.14
339.75		3607.14
339.875		3607.14
340		3607.14
340.125		3642.86
340.25		3642.86
340.375		3642.86
340.5		3642.86
340.625		3642.86
340.75		3642.86
340.875		3642.86
341		3642.86
341.125		3678.57
341.25		3678.57
341.375		3678.57
341.5		3678.57
341.625		3678.57
341.75		3678.57
341.875		3678.57
342		3678.57
342.125		3678.57
342.25		3678.57
342.375		3678.57
342.5		3678.57
342.625		3678.57
342.75		3678.57
342.875		3678.57
343		3678.57
343.125		3714.29
343.25		3714.29
343.375		3714.29
343.5		3714.29
343.625		3714.29
343.75		3714.29
343.875		3714.29
344		3714.29
344.125		3714.29
344.25		3714.29
344.375		3714.29
344.5		3714.29
344.625		3714.29
344.75		3714.29
344.875		3714.29
345		3714.29
345.125		3750
345.25		3750
345.375		3750
345.5		3750
345.625		3750
345.75		3750
345.875		3750
346		3750
346.125		3750
346.25		3750
346.375		3750
346.5		3750
346.625		3750
346.75		3750
346.875		3750
347		3750
347.125		3750
347.25		3750
347.375		3750
347.5		3750
347.625		3750
347.75		3750
347.875		3750
348		3750
348.125		3750
348.25		3750
348.375		3750
348.5		3750
348.625		3750
348.75		3750
348.875		3750
349		3750
349.125		3750
349.25		3750
349.375		3750
349.5		3750
349.625		3750
349.75		3750
349.875		3750
350		3750
350.125		3750
350.25		3750
350.375		3750
350.5		3750
350.625		3750
350.75		3750
350.875		3750
351		3750
351.125		3785.71
351.25		3785.71
351.375		3785.71
351.5		3785.71
351.625		3785.71
351.75		3785.71
351.875		3785.71
352		3785.71
352.125		3821.43
352.25		3821.43
352.375		3821.43
352.5		3821.43
352.625		3821.43
352.75		3821.43
352.875		3821.43
353		3821.43
353.125		3821.43
353.25		3821.43
353.375		3821.43
353.5		3821.43
353.625		3821.43
353.75		3821.43
353.875		3821.43
354		3821.43
354.125		3857.14
354.25		3857.14
354.375		3857.14
354.5		3857.14
354.625		3857.14
354.75		3857.14
354.875		3857.14
355		3857.14
355.125		3857.14
355.25		3857.14
355.375		3857.14
355.5		3857.14
355.625		3857.14
355.75		3857.14
355.875		3857.14
356		3857.14
356.125		3892.86
356.25		3892.86
356.375		3892.86
356.5		3892.86
356.625		3892.86
356.75		3892.86
356.875		3892.86
357		3892.86
357.125		3892.86
357.25		3892.86
357.375		3892.86
357.5		3892.86
357.625		3892.86
357.75		3892.86
357.875		3892.86
358		3892.86
358.125		3964.29
358.25		3964.29
358.375		3964.29
358.5		3964.29
358.625		3964.29
358.75		3964.29
358.875		3964.29
359		3964.29
359.125		3964.29
359.25		3964.29
359.375		3964.29
359.5		3964.29
359.625		3964.29
359.75		3964.29
359.875		3964.29
360		3964.29
360.125		3964.29
360.25		3964.29
360.375		3964.29
360.5		3964.29
360.625		3964.29
360.75		3964.29
360.875		3964.29
361		3964.29
361.125		4000
361.25		4000
361.375		4000
361.5		4000
361.625		4000
361.75		4000
361.875		4000
362		4000
362.125		4000
362.25		4000
362.375		4000
362.5		4000
362.625		4000
362.75		4000
362.875		4000
363		4000
363.125		4035.71
363.25		4035.71
363.375		4035.71
363.5		4035.71
363.625		4035.71
363.75		4035.71
363.875		4035.71
364		4035.71
364.125		4035.71
364.25		4035.71
364.375		4035.71
364.5		4035.71
364.625		4035.71
364.75		4035.71
364.875		4035.71
365		4035.71
365.125		4035.71
365.25		4035.71
365.375		4035.71
365.5		4035.71
365.625		4035.71
365.75		4035.71
365.875		4035.71
366		4035.71
366.125		4035.71
366.25		4035.71
366.375		4035.71
366.5		4035.71
366.625		4035.71
366.75		4035.71
366.875		4035.71
367		4035.71
367.125		4035.71
367.25		4035.71
367.375		4035.71
367.5		4035.71
367.625		4035.71
367.75		4035.71
367.875		4035.71
368		4035.71
368.125		4035.71
368.25		4035.71
368.375		4035.71
368.5		4035.71
368.625		4035.71
368.75		4035.71
368.875		4035.71
369		4035.71
369.125		4035.71
369.25		4035.71
369.375		4035.71
369.5		4035.71
369.625		4035.71
369.75		4035.71
369.875		4035.71
370		4035.71
370.125		4071.43
370.25		4071.43
370.375		4071.43
370.5		4071.43
370.625		4071.43
370.75		4071.43
370.875		4071.43
371		4071.43
371.125		4071.43
371.25		4071.43
371.375		4071.43
371.5		4071.43
371.625		4071.43
371.75		4071.43
371.875		4071.43
372		4071.43
372.125		4107.14
372.25		4107.14
372.375		4107.14
372.5		4107.14
372.625		4107.14
372.75		4107.14
372.875		4107.14
373		4107.14
373.125		4142.86
373.25		4142.86
373.375		4142.86
373.5		4142.86
373.625		4142.86
373.75		4142.86
373.875		4142.86
374		4142.86
374.125		4142.86
374.25		4142.86
374.375		4142.86
374.5		4142.86
374.625		4142.86
374.75		4142.86
374.875		4142.86
375		4142.86
375.125		4142.86
375.25		4142.86
375.375		4142.86
375.5		4142.86
375.625		4142.86
375.75		4142.86
375.875		4142.86
376		4142.86
376.125		4142.86
376.25		4142.86
376.375		4142.86
376.5		4142.86
376.625		4142.86
376.75		4142.86
376.875		4142.86
377		4142.86
377.125		4142.86
377.25		4142.86
377.375		4142.86
377.5		4142.86
377.625		4142.86
377.75		4142.86
377.875		4142.86
378		4142.86
378.125		4178.57
378.25		4178.57
378.375		4178.57
378.5		4178.57
378.625		4178.57
378.75		4178.57
378.875		4178.57
379		4178.57
379.125		4178.57
379.25		4178.57
379.375		4178.57
379.5		4178.57
379.625		4178.57
379.75		4178.57
379.875		4178.57
380		4178.57
380.125		4178.57
380.25		4178.57
380.375		4178.57
380.5		4178.57
380.625		4178.57
380.75		4178.57
380.875		4178.57
381		4178.57
381.125		4178.57
381.25		4178.57
381.375		4178.57
381.5		4178.57
381.625		4178.57
381.75		4178.57
381.875		4178.57
382		4178.57
382.125		4178.57
382.25		4178.57
382.375		4178.57
382.5		4178.57
382.625		4178.57
382.75		4178.57
382.875		4178.57
383		4178.57
383.125		4178.57
383.25		4178.57
383.375		4178.57
383.5		4178.57
383.625		4178.57
383.75		4178.57
383.875		4178.57
384		4178.57
384.125		4178.57
384.25		4178.57
384.375		4178.57
384.5		4178.57
384.625		4178.57
384.75		4178.57
384.875		4178.57
385		4178.57
385.125		4178.57
385.25		4178.57
385.375		4178.57
385.5		4178.57
385.625		4178.57
385.75		4178.57
385.875		4178.57
386		4178.57
386.125		4214.29
386.25		4214.29
386.375		4214.29
386.5		4214.29
386.625		4214.29
386.75		4214.29
386.875		4214.29
387		4214.29
387.125		4214.29
387.25		4214.29
387.375		4214.29
387.5		4214.29
387.625		4214.29
387.75		4214.29
387.875		4214.29
388		4214.29
388.125		4214.29
388.25		4214.29
388.375		4214.29
388.5		4214.29
388.625		4214.29
388.75		4214.29
388.875		4214.29
389		4214.29
389.125		4214.29
389.25		4214.29
389.375		4214.29
389.5		4214.29
389.625		4214.29
389.75		4214.29
389.875		4214.29
390		4214.29
390.125		4214.29
390.25		4214.29
390.375		4214.29
390.5		4214.29
390.625		4214.29
390.75		4214.29
390.875		4214.29
391		4214.29
391.125		4214.29
391.25		4214.29
391.375		4214.29
391.5		4214.29
391.625		4214.29
391.75		4214.29
391.875		4214.29
392		4214.29
392.125		4250
392.25		4250
392.375		4250
392.5		4250
392.625		4250
392.75		4250
392.875		4250
393		4250
393.125		4250
393.25		4250
393.375		4250
393.5		4250
393.625		4250
393.75		4250
393.875		4250
394		4250
394.125		4250
394.25		4250
394.375		4250
394.5		4250
394.625		4250
394.75		4250
394.875		4250
395		4250
395.125		4250
395.25		4250
395.375		4250
395.5		4250
395.625		4250
395.75		4250
395.875		4250
396		4250
396.125		4250
396.25		4250
396.375		4250
396.5		4250
396.625		4250
396.75		4250
396.875		4250
397		4250
397.125		4250
397.25		4250
397.375		4250
397.5		4250
397.625		4250
397.75		4250
397.875		4250
398		4250
398.125		4250
398.25		4250
398.375		4250
398.5		4250
398.625		4250
398.75		4250
398.875		4250
399		4250
399.125		4250
399.25		4250
399.375		4250
399.5		4250
399.625		4250
399.75		4250
399.875		4250
400		4250
400.125		4250
400.25		4250
400.375		4250
400.5		4250
400.625		4250
400.75		4250
400.875		4250
401		4250
401.125		4285.71
401.25		4285.71
401.375		4285.71
401.5		4285.71
401.625		4285.71
401.75		4285.71
401.875		4285.71
402		4285.71
402.125		4285.71
402.25		4285.71
402.375		4285.71
402.5		4285.71
402.625		4285.71
402.75		4285.71
402.875		4285.71
403		4285.71
403.125		4285.71
403.25		4285.71
403.375		4285.71
403.5		4285.71
403.625		4285.71
403.75		4285.71
403.875		4285.71
404		4285.71
404.125		4357.14
404.25		4357.14
404.375		4357.14
404.5		4357.14
404.625		4357.14
404.75		4357.14
404.875		4357.14
405		4357.14
405.125		4357.14
405.25		4357.14
405.375		4357.14
405.5		4357.14
405.625		4357.14
405.75		4357.14
405.875		4357.14
406		4357.14
406.125		4392.86
406.25		4392.86
406.375		4392.86
406.5		4392.86
406.625		4392.86
406.75		4392.86
406.875		4392.86
407		4392.86
407.125		4392.86
407.25		4392.86
407.375		4392.86
407.5		4392.86
407.625		4392.86
407.75		4392.86
407.875		4392.86
408		4392.86
408.125		4392.86
408.25		4392.86
408.375		4392.86
408.5		4392.86
408.625		4392.86
408.75		4392.86
408.875		4392.86
409		4392.86
409.125		4392.86
409.25		4392.86
409.375		4392.86
409.5		4392.86
409.625		4392.86
409.75		4392.86
409.875		4392.86
410		4392.86
410.125		4428.57
410.25		4428.57
410.375		4428.57
410.5		4428.57
410.625		4428.57
410.75		4428.57
410.875		4428.57
411		4428.57
411.125		4428.57
411.25		4428.57
411.375		4428.57
411.5		4428.57
411.625		4428.57
411.75		4428.57
411.875		4428.57
412		4428.57
412.125		4535.71
412.25		4535.71
412.375		4535.71
412.5		4535.71
412.625		4535.71
412.75		4535.71
412.875		4535.71
413		4535.71
413.125		4607.14
413.25		4607.14
413.375		4607.14
413.5		4607.14
413.625		4607.14
413.75		4607.14
413.875		4607.14
414		4607.14
414.125		4607.14
414.25		4607.14
414.375		4607.14
414.5		4607.14
414.625		4607.14
414.75		4607.14
414.875		4607.14
415		4607.14
415.125		4607.14
415.25		4607.14
415.375		4607.14
415.5		4607.14
415.625		4607.14
415.75		4607.14
415.875		4607.14
416		4607.14
416.125		4607.14
416.25		4607.14
416.375		4607.14
416.5		4607.14
416.625		4607.14
416.75		4607.14
416.875		4607.14
417		4607.14
417.125		4678.57
417.25		4678.57
417.375		4678.57
417.5		4678.57
417.625		4678.57
417.75		4678.57
417.875		4678.57
418		4678.57
418.125		4678.57
418.25		4678.57
418.375		4678.57
418.5		4678.57
418.625		4678.57
418.75		4678.57
418.875		4678.57
419		4678.57
419.125		4678.57
419.25		4678.57
419.375		4678.57
419.5		4678.57
419.625		4678.57
419.75		4678.57
419.875		4678.57
420		4678.57
420.125		4678.57
420.25		4678.57
420.375		4678.57
420.5		4678.57
420.625		4678.57
420.75		4678.57
420.875		4678.57
421		4678.57
421.125		4714.29
421.25		4714.29
421.375		4714.29
421.5		4714.29
421.625		4714.29
421.75		4714.29
421.875		4714.29
422		4714.29
422.125		4714.29
422.25		4714.29
422.375		4714.29
422.5		4714.29
422.625		4714.29
422.75		4714.29
422.875		4714.29
423		4714.29
423.125		4714.29
423.25		4714.29
423.375		4714.29
423.5		4714.29
423.625		4714.29
423.75		4714.29
423.875		4714.29
424		4714.29
424.125		4714.29
424.25		4714.29
424.375		4714.29
424.5		4714.29
424.625		4714.29
424.75		4714.29
424.875		4714.29
425		4714.29
425.125		4714.29
425.25		4714.29
425.375		4714.29
425.5		4714.29
425.625		4714.29
425.75		4714.29
425.875		4714.29
426		4714.29
426.125		4714.29
426.25		4714.29
426.375		4714.29
426.5		4714.29
426.625		4714.29
426.75		4714.29
426.875		4714.29
427		4714.29
427.125		4714.29
427.25		4714.29
427.375		4714.29
427.5		4714.29
427.625		4714.29
427.75		4714.29
427.875		4714.29
428		4714.29
428.125		4714.29
428.25		4714.29
428.375		4714.29
428.5		4714.29
428.625		4714.29
428.75		4714.29
428.875		4714.29
429		4714.29
429.125		4714.29
429.25		4714.29
429.375		4714.29
429.5		4714.29
429.625		4714.29
429.75		4714.29
429.875		4714.29
430		4714.29
430.125		4714.29
430.25		4714.29
430.375		4714.29
430.5		4714.29
430.625		4714.29
430.75		4714.29
430.875		4714.29
431		4714.29
431.125		4785.71
431.25		4785.71
431.375		4785.71
431.5		4785.71
431.625		4785.71
431.75		4785.71
431.875		4785.71
432		4785.71
432.125		4785.71
432.25		4785.71
432.375		4785.71
432.5		4785.71
432.625		4785.71
432.75		4785.71
432.875		4785.71
433		4785.71
433.125		4785.71
433.25		4785.71
433.375		4785.71
433.5		4785.71
433.625		4785.71
433.75		4785.71
433.875		4785.71
434		4785.71
434.125		4821.43
434.25		4821.43
434.375		4821.43
434.5		4821.43
434.625		4821.43
434.75		4821.43
434.875		4821.43
435		4821.43
435.125		4821.43
435.25		4821.43
435.375		4821.43
435.5		4821.43
435.625		4821.43
435.75		4821.43
435.875		4821.43
436		4821.43
436.125		4821.43
436.25		4821.43
436.375		4821.43
436.5		4821.43
436.625		4821.43
436.75		4821.43
436.875		4821.43
437		4821.43
437.125		4821.43
437.25		4821.43
437.375		4821.43
437.5		4821.43
437.625		4821.43
437.75		4821.43
437.875		4821.43
438		4821.43
438.125		4821.43
438.25		4821.43
438.375		4821.43
438.5		4821.43
438.625		4821.43
438.75		4821.43
438.875		4821.43
439		4821.43
439.125		4857.14
439.25		4857.14
439.375		4857.14
439.5		4857.14
439.625		4857.14
439.75		4857.14
439.875		4857.14
440		4857.14
440.125		4857.14
440.25		4857.14
440.375		4857.14
440.5		4857.14
440.625		4857.14
440.75		4857.14
440.875		4857.14
441		4857.14
441.125		4857.14
441.25		4857.14
441.375		4857.14
441.5		4857.14
441.625		4857.14
441.75		4857.14
441.875		4857.14
442		4857.14
442.125		4857.14
442.25		4857.14
442.375		4857.14
442.5		4857.14
442.625		4857.14
442.75		4857.14
442.875		4857.14
443		4857.14
443.125		4892.86
443.25		4892.86
443.375		4892.86
443.5		4892.86
443.625		4892.86
443.75		4892.86
443.875		4892.86
444		4892.86
444.125		4892.86
444.25		4892.86
444.375		4892.86
444.5		4892.86
444.625		4892.86
444.75		4892.86
444.875		4892.86
445		4892.86
445.125		4892.86
445.25		4892.86
445.375		4892.86
445.5		4892.86
445.625		4892.86
445.75		4892.86
445.875		4892.86
446		4892.86
446.125		4892.86
446.25		4892.86
446.375		4892.86
446.5		4892.86
446.625		4892.86
446.75		4892.86
446.875		4892.86
447		4892.86
447.125		4892.86
447.25		4892.86
447.375		4892.86
447.5		4892.86
447.625		4892.86
447.75		4892.86
447.875		4892.86
448		4892.86
448.125		4928.57
448.25		4928.57
448.375		4928.57
448.5		4928.57
448.625		4928.57
448.75		4928.57
448.875		4928.57
449		4928.57
449.125		4928.57
449.25		4928.57
449.375		4928.57
449.5		4928.57
449.625		4928.57
449.75		4928.57
449.875		4928.57
450		4928.57
450.125		4928.57
450.25		4928.57
450.375		4928.57
450.5		4928.57
450.625		4928.57
450.75		4928.57
450.875		4928.57
451		4928.57
451.125		4928.57
451.25		4928.57
451.375		4928.57
451.5		4928.57
451.625		4928.57
451.75		4928.57
451.875		4928.57
452		4928.57
452.125		4964.29
452.25		4964.29
452.375		4964.29
452.5		4964.29
452.625		4964.29
452.75		4964.29
452.875		4964.29
453		4964.29
453.125		4964.29
453.25		4964.29
453.375		4964.29
453.5		4964.29
453.625		4964.29
453.75		4964.29
453.875		4964.29
454		4964.29
454.125		4964.29
454.25		4964.29
454.375		4964.29
454.5		4964.29
454.625		4964.29
454.75		4964.29
454.875		4964.29
455		4964.29
455.125		4964.29
455.25		4964.29
455.375		4964.29
455.5		4964.29
455.625		4964.29
455.75		4964.29
455.875		4964.29
456		4964.29
456.125		0
456.25		0
456.375		0
456.5		0
456.625		0
456.75		0
456.875		0
457		0
457.125		0
457.25		0
457.375		0
457.5		0
457.625		0
457.75		0
457.875		0
458		0
458.125		0
458.25		0
458.375		0
458.5		0
458.625		0
458.75		0
458.875		0
459		0
459.125		0
459.25		0
459.375		0
459.5		0
459.625		0
459.75		0
459.875		0
460		0
460.125		0
460.25		0
460.375		0
460.5		0
460.625		0
460.75		0
460.875		0
461		0
461.125		0
461.25		0
461.375		0
461.5		0
461.625		0
461.75		0
461.875		0
462		0
462.125		0
462.25		0
462.375		0
462.5		0
462.625		0
462.75		0
462.875		0
463		0
463.125		0
463.25		0
463.375		0
463.5		0
463.625		0
463.75		0
463.875		0
464		0
464.125		0
464.25		0
464.375		0
464.5		0
464.625		0
464.75		0
464.875		0
465		0
465.125		0
465.25		0
465.375		0
465.5		0
465.625		0
465.75		0
465.875		0
466		0
466.125		0
466.25		0
466.375		0
466.5		0
466.625		0
466.75		0
466.875		0
467		0
467.125		0
467.25		0
467.375		0
467.5		0
467.625		0
467.75		0
467.875		0
468		0
468.125		0
468.25		0
468.375		0
468.5		0
468.625		0
468.75		0
468.875		0
469		0
469.125		0
469.25		0
469.375		0
469.5		0
469.625		0
469.75		0
469.875		0
470		0
470.125		0
470.25		0
470.375		0
470.5		0
470.625		0
470.75		0
470.875		0
471		0
471.125		0
471.25		0
471.375		0
471.5		0
471.625		0
471.75		0
471.875		0
472		0
472.125		0
472.25		0
472.375		0
472.5		0
472.625		0
472.75		0
472.875		0
473		0
473.125		0
473.25		0
473.375		0
473.5		0
473.625		0
473.75		0
473.875		0
474		0
474.125		0
474.25		0
474.375		0
474.5		0
474.625		0
474.75		0
474.875		0
475		0
475.125		0
475.25		0
475.375		0
475.5		0
475.625		0
475.75		0
475.875		0
476		0
476.125		0
476.25		0
476.375		0
476.5		0
476.625		0
476.75		0
476.875		0
477		0
477.125		0
477.25		0
477.375		0
477.5		0
477.625		0
477.75		0
477.875		0
478		0
478.125		0
478.25		0
478.375		0
478.5		0
478.625		0
478.75		0
478.875		0
479		0
479.125		0
479.25		0
479.375		0
479.5		0
479.625		0
479.75		0
479.875		0
480		0
480.125		0
480.25		0
480.375		0
480.5		0
480.625		0
480.75		0
480.875		0
481		0
481.125		0
481.25		0
481.375		0
481.5		0
481.625		0
481.75		0
481.875		0
482		0
482.125		0
482.25		0
482.375		0
482.5		0
482.625		0
482.75		0
482.875		0
483		0
483.125		0
483.25		0
483.375		0
483.5		0
483.625		0
483.75		0
483.875		0
484		0
484.125		0
484.25		0
484.375		0
484.5		0
484.625		0
484.75		0
484.875		0
485		0
485.125		0
485.25		0
485.375		0
485.5		0
485.625		0
485.75		0
485.875		0
486		0
486.125		0
486.25		0
486.375		0
486.5		0
486.625		0
486.75		0
486.875		0
487		0
487.125		0
487.25		0
487.375		0
487.5		0
487.625		0
487.75		0
487.875		0
488		0
488.125		0
488.25		0
488.375		0
488.5		0
488.625		0
488.75		0
488.875		0
489		0
489.125		0
489.25		0
489.375		0
489.5		0
489.625		0
489.75		0
489.875		0
490		0
490.125		0
490.25		0
490.375		0
490.5		0
490.625		0
490.75		0
490.875		0
491		0
491.125		0
491.25		0
491.375		0
491.5		0
491.625		0
491.75		0
491.875		0
492		0
492.125		0
492.25		0
492.375		0
492.5		0
492.625		0
492.75		0
492.875		0
493		0
493.125		0
493.25		0
493.375		0
493.5		0
493.625		0
493.75		0
493.875		0
494		0
494.125		0
494.25		0
494.375		0
494.5		0
494.625		0
494.75		0
494.875		0
495		0
495.125		0
495.25		0
495.375		0
495.5		0
495.625		0
495.75		0
495.875		0
496		0
496.125		0
496.25		0
496.375		0
496.5		0
496.625		0
496.75		0
496.875		0
497		0
497.125		0
497.25		0
497.375		0
497.5		0
497.625		0
497.75		0
497.875		0
498		0
498.125		0
498.25		0
498.375		0
498.5		0
498.625		0
498.75		0
498.875		0
499		0
499.125		0
499.25		0
499.375		0
499.5		0
499.625		0
499.75		0
499.875		0
500		0
