# Calibration file of tamex_id 0 @ channel 17
# fine_T bin		 Calibration value
0.125		0
0.25		0
0.375		0
0.5		0
0.625		0
0.75		0
0.875		0
1		0
1.125		0
1.25		0
1.375		0
1.5		0
1.625		0
1.75		0
1.875		0
2		0
2.125		0
2.25		0
2.375		0
2.5		0
2.625		0
2.75		0
2.875		0
3		0
3.125		0
3.25		0
3.375		0
3.5		0
3.625		0
3.75		0
3.875		0
4		0
4.125		0
4.25		0
4.375		0
4.5		0
4.625		0
4.75		0
4.875		0
5		0
5.125		0
5.25		0
5.375		0
5.5		0
5.625		0
5.75		0
5.875		0
6		0
6.125		0
6.25		0
6.375		0
6.5		0
6.625		0
6.75		0
6.875		0
7		0
7.125		0
7.25		0
7.375		0
7.5		0
7.625		0
7.75		0
7.875		0
8		0
8.125		0
8.25		0
8.375		0
8.5		0
8.625		0
8.75		0
8.875		0
9		0
9.125		0
9.25		0
9.375		0
9.5		0
9.625		0
9.75		0
9.875		0
10		0
10.125		0
10.25		0
10.375		0
10.5		0
10.625		0
10.75		0
10.875		0
11		0
11.125		0
11.25		0
11.375		0
11.5		0
11.625		0
11.75		0
11.875		0
12		0
12.125		0
12.25		0
12.375		0
12.5		0
12.625		0
12.75		0
12.875		0
13		0
13.125		0
13.25		0
13.375		0
13.5		0
13.625		0
13.75		0
13.875		0
14		0
14.125		0
14.25		0
14.375		0
14.5		0
14.625		0
14.75		0
14.875		0
15		0
15.125		0
15.25		0
15.375		0
15.5		0
15.625		0
15.75		0
15.875		0
16		0
16.125		0
16.25		0
16.375		0
16.5		0
16.625		0
16.75		0
16.875		0
17		0
17.125		0
17.25		0
17.375		0
17.5		0
17.625		0
17.75		0
17.875		0
18		0
18.125		0
18.25		0
18.375		0
18.5		0
18.625		0
18.75		0
18.875		0
19		0
19.125		0
19.25		0
19.375		0
19.5		0
19.625		0
19.75		0
19.875		0
20		0
20.125		0
20.25		0
20.375		0
20.5		0
20.625		0
20.75		0
20.875		0
21		0
21.125		0
21.25		0
21.375		0
21.5		0
21.625		0
21.75		0
21.875		0
22		0
22.125		0
22.25		0
22.375		0
22.5		0
22.625		0
22.75		0
22.875		0
23		0
23.125		0
23.25		0
23.375		0
23.5		0
23.625		0
23.75		0
23.875		0
24		0
24.125		0
24.25		0
24.375		0
24.5		0
24.625		0
24.75		0
24.875		0
25		0
25.125		0
25.25		0
25.375		0
25.5		0
25.625		0
25.75		0
25.875		0
26		0
26.125		0
26.25		0
26.375		0
26.5		0
26.625		0
26.75		0
26.875		0
27		0
27.125		0
27.25		0
27.375		0
27.5		0
27.625		0
27.75		0
27.875		0
28		0
28.125		0
28.25		0
28.375		0
28.5		0
28.625		0
28.75		0
28.875		0
29		0
29.125		0
29.25		0
29.375		0
29.5		0
29.625		0
29.75		0
29.875		0
30		0
30.125		0
30.25		0
30.375		0
30.5		0
30.625		0
30.75		0
30.875		0
31		0
31.125		151.515
31.25		151.515
31.375		151.515
31.5		151.515
31.625		151.515
31.75		151.515
31.875		151.515
32		151.515
32.125		151.515
32.25		151.515
32.375		151.515
32.5		151.515
32.625		151.515
32.75		151.515
32.875		151.515
33		151.515
33.125		151.515
33.25		151.515
33.375		151.515
33.5		151.515
33.625		151.515
33.75		151.515
33.875		151.515
34		151.515
34.125		151.515
34.25		151.515
34.375		151.515
34.5		151.515
34.625		151.515
34.75		151.515
34.875		151.515
35		151.515
35.125		151.515
35.25		151.515
35.375		151.515
35.5		151.515
35.625		151.515
35.75		151.515
35.875		151.515
36		151.515
36.125		151.515
36.25		151.515
36.375		151.515
36.5		151.515
36.625		151.515
36.75		151.515
36.875		151.515
37		151.515
37.125		151.515
37.25		151.515
37.375		151.515
37.5		151.515
37.625		151.515
37.75		151.515
37.875		151.515
38		151.515
38.125		151.515
38.25		151.515
38.375		151.515
38.5		151.515
38.625		151.515
38.75		151.515
38.875		151.515
39		151.515
39.125		151.515
39.25		151.515
39.375		151.515
39.5		151.515
39.625		151.515
39.75		151.515
39.875		151.515
40		151.515
40.125		151.515
40.25		151.515
40.375		151.515
40.5		151.515
40.625		151.515
40.75		151.515
40.875		151.515
41		151.515
41.125		151.515
41.25		151.515
41.375		151.515
41.5		151.515
41.625		151.515
41.75		151.515
41.875		151.515
42		151.515
42.125		151.515
42.25		151.515
42.375		151.515
42.5		151.515
42.625		151.515
42.75		151.515
42.875		151.515
43		151.515
43.125		151.515
43.25		151.515
43.375		151.515
43.5		151.515
43.625		151.515
43.75		151.515
43.875		151.515
44		151.515
44.125		151.515
44.25		151.515
44.375		151.515
44.5		151.515
44.625		151.515
44.75		151.515
44.875		151.515
45		151.515
45.125		303.03
45.25		303.03
45.375		303.03
45.5		303.03
45.625		303.03
45.75		303.03
45.875		303.03
46		303.03
46.125		303.03
46.25		303.03
46.375		303.03
46.5		303.03
46.625		303.03
46.75		303.03
46.875		303.03
47		303.03
47.125		303.03
47.25		303.03
47.375		303.03
47.5		303.03
47.625		303.03
47.75		303.03
47.875		303.03
48		303.03
48.125		303.03
48.25		303.03
48.375		303.03
48.5		303.03
48.625		303.03
48.75		303.03
48.875		303.03
49		303.03
49.125		303.03
49.25		303.03
49.375		303.03
49.5		303.03
49.625		303.03
49.75		303.03
49.875		303.03
50		303.03
50.125		303.03
50.25		303.03
50.375		303.03
50.5		303.03
50.625		303.03
50.75		303.03
50.875		303.03
51		303.03
51.125		303.03
51.25		303.03
51.375		303.03
51.5		303.03
51.625		303.03
51.75		303.03
51.875		303.03
52		303.03
52.125		303.03
52.25		303.03
52.375		303.03
52.5		303.03
52.625		303.03
52.75		303.03
52.875		303.03
53		303.03
53.125		303.03
53.25		303.03
53.375		303.03
53.5		303.03
53.625		303.03
53.75		303.03
53.875		303.03
54		303.03
54.125		303.03
54.25		303.03
54.375		303.03
54.5		303.03
54.625		303.03
54.75		303.03
54.875		303.03
55		303.03
55.125		303.03
55.25		303.03
55.375		303.03
55.5		303.03
55.625		303.03
55.75		303.03
55.875		303.03
56		303.03
56.125		303.03
56.25		303.03
56.375		303.03
56.5		303.03
56.625		303.03
56.75		303.03
56.875		303.03
57		303.03
57.125		303.03
57.25		303.03
57.375		303.03
57.5		303.03
57.625		303.03
57.75		303.03
57.875		303.03
58		303.03
58.125		303.03
58.25		303.03
58.375		303.03
58.5		303.03
58.625		303.03
58.75		303.03
58.875		303.03
59		303.03
59.125		303.03
59.25		303.03
59.375		303.03
59.5		303.03
59.625		303.03
59.75		303.03
59.875		303.03
60		303.03
60.125		303.03
60.25		303.03
60.375		303.03
60.5		303.03
60.625		303.03
60.75		303.03
60.875		303.03
61		303.03
61.125		303.03
61.25		303.03
61.375		303.03
61.5		303.03
61.625		303.03
61.75		303.03
61.875		303.03
62		303.03
62.125		303.03
62.25		303.03
62.375		303.03
62.5		303.03
62.625		303.03
62.75		303.03
62.875		303.03
63		303.03
63.125		303.03
63.25		303.03
63.375		303.03
63.5		303.03
63.625		303.03
63.75		303.03
63.875		303.03
64		303.03
64.125		303.03
64.25		303.03
64.375		303.03
64.5		303.03
64.625		303.03
64.75		303.03
64.875		303.03
65		303.03
65.125		303.03
65.25		303.03
65.375		303.03
65.5		303.03
65.625		303.03
65.75		303.03
65.875		303.03
66		303.03
66.125		303.03
66.25		303.03
66.375		303.03
66.5		303.03
66.625		303.03
66.75		303.03
66.875		303.03
67		303.03
67.125		303.03
67.25		303.03
67.375		303.03
67.5		303.03
67.625		303.03
67.75		303.03
67.875		303.03
68		303.03
68.125		303.03
68.25		303.03
68.375		303.03
68.5		303.03
68.625		303.03
68.75		303.03
68.875		303.03
69		303.03
69.125		303.03
69.25		303.03
69.375		303.03
69.5		303.03
69.625		303.03
69.75		303.03
69.875		303.03
70		303.03
70.125		303.03
70.25		303.03
70.375		303.03
70.5		303.03
70.625		303.03
70.75		303.03
70.875		303.03
71		303.03
71.125		303.03
71.25		303.03
71.375		303.03
71.5		303.03
71.625		303.03
71.75		303.03
71.875		303.03
72		303.03
72.125		303.03
72.25		303.03
72.375		303.03
72.5		303.03
72.625		303.03
72.75		303.03
72.875		303.03
73		303.03
73.125		303.03
73.25		303.03
73.375		303.03
73.5		303.03
73.625		303.03
73.75		303.03
73.875		303.03
74		303.03
74.125		303.03
74.25		303.03
74.375		303.03
74.5		303.03
74.625		303.03
74.75		303.03
74.875		303.03
75		303.03
75.125		303.03
75.25		303.03
75.375		303.03
75.5		303.03
75.625		303.03
75.75		303.03
75.875		303.03
76		303.03
76.125		303.03
76.25		303.03
76.375		303.03
76.5		303.03
76.625		303.03
76.75		303.03
76.875		303.03
77		303.03
77.125		303.03
77.25		303.03
77.375		303.03
77.5		303.03
77.625		303.03
77.75		303.03
77.875		303.03
78		303.03
78.125		303.03
78.25		303.03
78.375		303.03
78.5		303.03
78.625		303.03
78.75		303.03
78.875		303.03
79		303.03
79.125		303.03
79.25		303.03
79.375		303.03
79.5		303.03
79.625		303.03
79.75		303.03
79.875		303.03
80		303.03
80.125		303.03
80.25		303.03
80.375		303.03
80.5		303.03
80.625		303.03
80.75		303.03
80.875		303.03
81		303.03
81.125		303.03
81.25		303.03
81.375		303.03
81.5		303.03
81.625		303.03
81.75		303.03
81.875		303.03
82		303.03
82.125		303.03
82.25		303.03
82.375		303.03
82.5		303.03
82.625		303.03
82.75		303.03
82.875		303.03
83		303.03
83.125		454.545
83.25		454.545
83.375		454.545
83.5		454.545
83.625		454.545
83.75		454.545
83.875		454.545
84		454.545
84.125		454.545
84.25		454.545
84.375		454.545
84.5		454.545
84.625		454.545
84.75		454.545
84.875		454.545
85		454.545
85.125		454.545
85.25		454.545
85.375		454.545
85.5		454.545
85.625		454.545
85.75		454.545
85.875		454.545
86		454.545
86.125		757.576
86.25		757.576
86.375		757.576
86.5		757.576
86.625		757.576
86.75		757.576
86.875		757.576
87		757.576
87.125		757.576
87.25		757.576
87.375		757.576
87.5		757.576
87.625		757.576
87.75		757.576
87.875		757.576
88		757.576
88.125		757.576
88.25		757.576
88.375		757.576
88.5		757.576
88.625		757.576
88.75		757.576
88.875		757.576
89		757.576
89.125		757.576
89.25		757.576
89.375		757.576
89.5		757.576
89.625		757.576
89.75		757.576
89.875		757.576
90		757.576
90.125		757.576
90.25		757.576
90.375		757.576
90.5		757.576
90.625		757.576
90.75		757.576
90.875		757.576
91		757.576
91.125		757.576
91.25		757.576
91.375		757.576
91.5		757.576
91.625		757.576
91.75		757.576
91.875		757.576
92		757.576
92.125		757.576
92.25		757.576
92.375		757.576
92.5		757.576
92.625		757.576
92.75		757.576
92.875		757.576
93		757.576
93.125		757.576
93.25		757.576
93.375		757.576
93.5		757.576
93.625		757.576
93.75		757.576
93.875		757.576
94		757.576
94.125		909.091
94.25		909.091
94.375		909.091
94.5		909.091
94.625		909.091
94.75		909.091
94.875		909.091
95		909.091
95.125		909.091
95.25		909.091
95.375		909.091
95.5		909.091
95.625		909.091
95.75		909.091
95.875		909.091
96		909.091
96.125		909.091
96.25		909.091
96.375		909.091
96.5		909.091
96.625		909.091
96.75		909.091
96.875		909.091
97		909.091
97.125		1060.61
97.25		1060.61
97.375		1060.61
97.5		1060.61
97.625		1060.61
97.75		1060.61
97.875		1060.61
98		1060.61
98.125		1060.61
98.25		1060.61
98.375		1060.61
98.5		1060.61
98.625		1060.61
98.75		1060.61
98.875		1060.61
99		1060.61
99.125		1212.12
99.25		1212.12
99.375		1212.12
99.5		1212.12
99.625		1212.12
99.75		1212.12
99.875		1212.12
100		1212.12
100.125		1212.12
100.25		1212.12
100.375		1212.12
100.5		1212.12
100.625		1212.12
100.75		1212.12
100.875		1212.12
101		1212.12
101.125		1212.12
101.25		1212.12
101.375		1212.12
101.5		1212.12
101.625		1212.12
101.75		1212.12
101.875		1212.12
102		1212.12
102.125		1212.12
102.25		1212.12
102.375		1212.12
102.5		1212.12
102.625		1212.12
102.75		1212.12
102.875		1212.12
103		1212.12
103.125		1212.12
103.25		1212.12
103.375		1212.12
103.5		1212.12
103.625		1212.12
103.75		1212.12
103.875		1212.12
104		1212.12
104.125		1212.12
104.25		1212.12
104.375		1212.12
104.5		1212.12
104.625		1212.12
104.75		1212.12
104.875		1212.12
105		1212.12
105.125		1363.64
105.25		1363.64
105.375		1363.64
105.5		1363.64
105.625		1363.64
105.75		1363.64
105.875		1363.64
106		1363.64
106.125		1363.64
106.25		1363.64
106.375		1363.64
106.5		1363.64
106.625		1363.64
106.75		1363.64
106.875		1363.64
107		1363.64
107.125		1515.15
107.25		1515.15
107.375		1515.15
107.5		1515.15
107.625		1515.15
107.75		1515.15
107.875		1515.15
108		1515.15
108.125		1515.15
108.25		1515.15
108.375		1515.15
108.5		1515.15
108.625		1515.15
108.75		1515.15
108.875		1515.15
109		1515.15
109.125		1515.15
109.25		1515.15
109.375		1515.15
109.5		1515.15
109.625		1515.15
109.75		1515.15
109.875		1515.15
110		1515.15
110.125		1515.15
110.25		1515.15
110.375		1515.15
110.5		1515.15
110.625		1515.15
110.75		1515.15
110.875		1515.15
111		1515.15
111.125		1515.15
111.25		1515.15
111.375		1515.15
111.5		1515.15
111.625		1515.15
111.75		1515.15
111.875		1515.15
112		1515.15
112.125		1515.15
112.25		1515.15
112.375		1515.15
112.5		1515.15
112.625		1515.15
112.75		1515.15
112.875		1515.15
113		1515.15
113.125		1515.15
113.25		1515.15
113.375		1515.15
113.5		1515.15
113.625		1515.15
113.75		1515.15
113.875		1515.15
114		1515.15
114.125		1515.15
114.25		1515.15
114.375		1515.15
114.5		1515.15
114.625		1515.15
114.75		1515.15
114.875		1515.15
115		1515.15
115.125		1515.15
115.25		1515.15
115.375		1515.15
115.5		1515.15
115.625		1515.15
115.75		1515.15
115.875		1515.15
116		1515.15
116.125		1515.15
116.25		1515.15
116.375		1515.15
116.5		1515.15
116.625		1515.15
116.75		1515.15
116.875		1515.15
117		1515.15
117.125		1515.15
117.25		1515.15
117.375		1515.15
117.5		1515.15
117.625		1515.15
117.75		1515.15
117.875		1515.15
118		1515.15
118.125		1515.15
118.25		1515.15
118.375		1515.15
118.5		1515.15
118.625		1515.15
118.75		1515.15
118.875		1515.15
119		1515.15
119.125		1515.15
119.25		1515.15
119.375		1515.15
119.5		1515.15
119.625		1515.15
119.75		1515.15
119.875		1515.15
120		1515.15
120.125		1515.15
120.25		1515.15
120.375		1515.15
120.5		1515.15
120.625		1515.15
120.75		1515.15
120.875		1515.15
121		1515.15
121.125		1515.15
121.25		1515.15
121.375		1515.15
121.5		1515.15
121.625		1515.15
121.75		1515.15
121.875		1515.15
122		1515.15
122.125		1515.15
122.25		1515.15
122.375		1515.15
122.5		1515.15
122.625		1515.15
122.75		1515.15
122.875		1515.15
123		1515.15
123.125		1515.15
123.25		1515.15
123.375		1515.15
123.5		1515.15
123.625		1515.15
123.75		1515.15
123.875		1515.15
124		1515.15
124.125		1515.15
124.25		1515.15
124.375		1515.15
124.5		1515.15
124.625		1515.15
124.75		1515.15
124.875		1515.15
125		1515.15
125.125		1515.15
125.25		1515.15
125.375		1515.15
125.5		1515.15
125.625		1515.15
125.75		1515.15
125.875		1515.15
126		1515.15
126.125		1666.67
126.25		1666.67
126.375		1666.67
126.5		1666.67
126.625		1666.67
126.75		1666.67
126.875		1666.67
127		1666.67
127.125		1818.18
127.25		1818.18
127.375		1818.18
127.5		1818.18
127.625		1818.18
127.75		1818.18
127.875		1818.18
128		1818.18
128.125		1818.18
128.25		1818.18
128.375		1818.18
128.5		1818.18
128.625		1818.18
128.75		1818.18
128.875		1818.18
129		1818.18
129.125		1818.18
129.25		1818.18
129.375		1818.18
129.5		1818.18
129.625		1818.18
129.75		1818.18
129.875		1818.18
130		1818.18
130.125		1818.18
130.25		1818.18
130.375		1818.18
130.5		1818.18
130.625		1818.18
130.75		1818.18
130.875		1818.18
131		1818.18
131.125		1818.18
131.25		1818.18
131.375		1818.18
131.5		1818.18
131.625		1818.18
131.75		1818.18
131.875		1818.18
132		1818.18
132.125		1818.18
132.25		1818.18
132.375		1818.18
132.5		1818.18
132.625		1818.18
132.75		1818.18
132.875		1818.18
133		1818.18
133.125		1818.18
133.25		1818.18
133.375		1818.18
133.5		1818.18
133.625		1818.18
133.75		1818.18
133.875		1818.18
134		1818.18
134.125		1818.18
134.25		1818.18
134.375		1818.18
134.5		1818.18
134.625		1818.18
134.75		1818.18
134.875		1818.18
135		1818.18
135.125		1818.18
135.25		1818.18
135.375		1818.18
135.5		1818.18
135.625		1818.18
135.75		1818.18
135.875		1818.18
136		1818.18
136.125		1818.18
136.25		1818.18
136.375		1818.18
136.5		1818.18
136.625		1818.18
136.75		1818.18
136.875		1818.18
137		1818.18
137.125		1818.18
137.25		1818.18
137.375		1818.18
137.5		1818.18
137.625		1818.18
137.75		1818.18
137.875		1818.18
138		1818.18
138.125		1818.18
138.25		1818.18
138.375		1818.18
138.5		1818.18
138.625		1818.18
138.75		1818.18
138.875		1818.18
139		1818.18
139.125		1818.18
139.25		1818.18
139.375		1818.18
139.5		1818.18
139.625		1818.18
139.75		1818.18
139.875		1818.18
140		1818.18
140.125		1818.18
140.25		1818.18
140.375		1818.18
140.5		1818.18
140.625		1818.18
140.75		1818.18
140.875		1818.18
141		1818.18
141.125		1818.18
141.25		1818.18
141.375		1818.18
141.5		1818.18
141.625		1818.18
141.75		1818.18
141.875		1818.18
142		1818.18
142.125		1969.7
142.25		1969.7
142.375		1969.7
142.5		1969.7
142.625		1969.7
142.75		1969.7
142.875		1969.7
143		1969.7
143.125		1969.7
143.25		1969.7
143.375		1969.7
143.5		1969.7
143.625		1969.7
143.75		1969.7
143.875		1969.7
144		1969.7
144.125		1969.7
144.25		1969.7
144.375		1969.7
144.5		1969.7
144.625		1969.7
144.75		1969.7
144.875		1969.7
145		1969.7
145.125		1969.7
145.25		1969.7
145.375		1969.7
145.5		1969.7
145.625		1969.7
145.75		1969.7
145.875		1969.7
146		1969.7
146.125		1969.7
146.25		1969.7
146.375		1969.7
146.5		1969.7
146.625		1969.7
146.75		1969.7
146.875		1969.7
147		1969.7
147.125		1969.7
147.25		1969.7
147.375		1969.7
147.5		1969.7
147.625		1969.7
147.75		1969.7
147.875		1969.7
148		1969.7
148.125		1969.7
148.25		1969.7
148.375		1969.7
148.5		1969.7
148.625		1969.7
148.75		1969.7
148.875		1969.7
149		1969.7
149.125		1969.7
149.25		1969.7
149.375		1969.7
149.5		1969.7
149.625		1969.7
149.75		1969.7
149.875		1969.7
150		1969.7
150.125		1969.7
150.25		1969.7
150.375		1969.7
150.5		1969.7
150.625		1969.7
150.75		1969.7
150.875		1969.7
151		1969.7
151.125		1969.7
151.25		1969.7
151.375		1969.7
151.5		1969.7
151.625		1969.7
151.75		1969.7
151.875		1969.7
152		1969.7
152.125		1969.7
152.25		1969.7
152.375		1969.7
152.5		1969.7
152.625		1969.7
152.75		1969.7
152.875		1969.7
153		1969.7
153.125		1969.7
153.25		1969.7
153.375		1969.7
153.5		1969.7
153.625		1969.7
153.75		1969.7
153.875		1969.7
154		1969.7
154.125		1969.7
154.25		1969.7
154.375		1969.7
154.5		1969.7
154.625		1969.7
154.75		1969.7
154.875		1969.7
155		1969.7
155.125		1969.7
155.25		1969.7
155.375		1969.7
155.5		1969.7
155.625		1969.7
155.75		1969.7
155.875		1969.7
156		1969.7
156.125		2121.21
156.25		2121.21
156.375		2121.21
156.5		2121.21
156.625		2121.21
156.75		2121.21
156.875		2121.21
157		2121.21
157.125		2121.21
157.25		2121.21
157.375		2121.21
157.5		2121.21
157.625		2121.21
157.75		2121.21
157.875		2121.21
158		2121.21
158.125		2121.21
158.25		2121.21
158.375		2121.21
158.5		2121.21
158.625		2121.21
158.75		2121.21
158.875		2121.21
159		2121.21
159.125		2121.21
159.25		2121.21
159.375		2121.21
159.5		2121.21
159.625		2121.21
159.75		2121.21
159.875		2121.21
160		2121.21
160.125		2121.21
160.25		2121.21
160.375		2121.21
160.5		2121.21
160.625		2121.21
160.75		2121.21
160.875		2121.21
161		2121.21
161.125		2121.21
161.25		2121.21
161.375		2121.21
161.5		2121.21
161.625		2121.21
161.75		2121.21
161.875		2121.21
162		2121.21
162.125		2121.21
162.25		2121.21
162.375		2121.21
162.5		2121.21
162.625		2121.21
162.75		2121.21
162.875		2121.21
163		2121.21
163.125		2121.21
163.25		2121.21
163.375		2121.21
163.5		2121.21
163.625		2121.21
163.75		2121.21
163.875		2121.21
164		2121.21
164.125		2121.21
164.25		2121.21
164.375		2121.21
164.5		2121.21
164.625		2121.21
164.75		2121.21
164.875		2121.21
165		2121.21
165.125		2121.21
165.25		2121.21
165.375		2121.21
165.5		2121.21
165.625		2121.21
165.75		2121.21
165.875		2121.21
166		2121.21
166.125		2121.21
166.25		2121.21
166.375		2121.21
166.5		2121.21
166.625		2121.21
166.75		2121.21
166.875		2121.21
167		2121.21
167.125		2121.21
167.25		2121.21
167.375		2121.21
167.5		2121.21
167.625		2121.21
167.75		2121.21
167.875		2121.21
168		2121.21
168.125		2121.21
168.25		2121.21
168.375		2121.21
168.5		2121.21
168.625		2121.21
168.75		2121.21
168.875		2121.21
169		2121.21
169.125		2121.21
169.25		2121.21
169.375		2121.21
169.5		2121.21
169.625		2121.21
169.75		2121.21
169.875		2121.21
170		2121.21
170.125		2121.21
170.25		2121.21
170.375		2121.21
170.5		2121.21
170.625		2121.21
170.75		2121.21
170.875		2121.21
171		2121.21
171.125		2121.21
171.25		2121.21
171.375		2121.21
171.5		2121.21
171.625		2121.21
171.75		2121.21
171.875		2121.21
172		2121.21
172.125		2121.21
172.25		2121.21
172.375		2121.21
172.5		2121.21
172.625		2121.21
172.75		2121.21
172.875		2121.21
173		2121.21
173.125		2121.21
173.25		2121.21
173.375		2121.21
173.5		2121.21
173.625		2121.21
173.75		2121.21
173.875		2121.21
174		2121.21
174.125		2121.21
174.25		2121.21
174.375		2121.21
174.5		2121.21
174.625		2121.21
174.75		2121.21
174.875		2121.21
175		2121.21
175.125		2121.21
175.25		2121.21
175.375		2121.21
175.5		2121.21
175.625		2121.21
175.75		2121.21
175.875		2121.21
176		2121.21
176.125		2121.21
176.25		2121.21
176.375		2121.21
176.5		2121.21
176.625		2121.21
176.75		2121.21
176.875		2121.21
177		2121.21
177.125		2121.21
177.25		2121.21
177.375		2121.21
177.5		2121.21
177.625		2121.21
177.75		2121.21
177.875		2121.21
178		2121.21
178.125		2121.21
178.25		2121.21
178.375		2121.21
178.5		2121.21
178.625		2121.21
178.75		2121.21
178.875		2121.21
179		2121.21
179.125		2121.21
179.25		2121.21
179.375		2121.21
179.5		2121.21
179.625		2121.21
179.75		2121.21
179.875		2121.21
180		2121.21
180.125		2121.21
180.25		2121.21
180.375		2121.21
180.5		2121.21
180.625		2121.21
180.75		2121.21
180.875		2121.21
181		2121.21
181.125		2121.21
181.25		2121.21
181.375		2121.21
181.5		2121.21
181.625		2121.21
181.75		2121.21
181.875		2121.21
182		2121.21
182.125		2272.73
182.25		2272.73
182.375		2272.73
182.5		2272.73
182.625		2272.73
182.75		2272.73
182.875		2272.73
183		2272.73
183.125		2272.73
183.25		2272.73
183.375		2272.73
183.5		2272.73
183.625		2272.73
183.75		2272.73
183.875		2272.73
184		2272.73
184.125		2272.73
184.25		2272.73
184.375		2272.73
184.5		2272.73
184.625		2272.73
184.75		2272.73
184.875		2272.73
185		2272.73
185.125		2272.73
185.25		2272.73
185.375		2272.73
185.5		2272.73
185.625		2272.73
185.75		2272.73
185.875		2272.73
186		2272.73
186.125		2272.73
186.25		2272.73
186.375		2272.73
186.5		2272.73
186.625		2272.73
186.75		2272.73
186.875		2272.73
187		2272.73
187.125		2272.73
187.25		2272.73
187.375		2272.73
187.5		2272.73
187.625		2272.73
187.75		2272.73
187.875		2272.73
188		2272.73
188.125		2272.73
188.25		2272.73
188.375		2272.73
188.5		2272.73
188.625		2272.73
188.75		2272.73
188.875		2272.73
189		2272.73
189.125		2272.73
189.25		2272.73
189.375		2272.73
189.5		2272.73
189.625		2272.73
189.75		2272.73
189.875		2272.73
190		2272.73
190.125		2272.73
190.25		2272.73
190.375		2272.73
190.5		2272.73
190.625		2272.73
190.75		2272.73
190.875		2272.73
191		2272.73
191.125		2272.73
191.25		2272.73
191.375		2272.73
191.5		2272.73
191.625		2272.73
191.75		2272.73
191.875		2272.73
192		2272.73
192.125		2272.73
192.25		2272.73
192.375		2272.73
192.5		2272.73
192.625		2272.73
192.75		2272.73
192.875		2272.73
193		2272.73
193.125		2272.73
193.25		2272.73
193.375		2272.73
193.5		2272.73
193.625		2272.73
193.75		2272.73
193.875		2272.73
194		2272.73
194.125		2272.73
194.25		2272.73
194.375		2272.73
194.5		2272.73
194.625		2272.73
194.75		2272.73
194.875		2272.73
195		2272.73
195.125		2272.73
195.25		2272.73
195.375		2272.73
195.5		2272.73
195.625		2272.73
195.75		2272.73
195.875		2272.73
196		2272.73
196.125		2272.73
196.25		2272.73
196.375		2272.73
196.5		2272.73
196.625		2272.73
196.75		2272.73
196.875		2272.73
197		2272.73
197.125		2272.73
197.25		2272.73
197.375		2272.73
197.5		2272.73
197.625		2272.73
197.75		2272.73
197.875		2272.73
198		2272.73
198.125		2272.73
198.25		2272.73
198.375		2272.73
198.5		2272.73
198.625		2272.73
198.75		2272.73
198.875		2272.73
199		2272.73
199.125		2272.73
199.25		2272.73
199.375		2272.73
199.5		2272.73
199.625		2272.73
199.75		2272.73
199.875		2272.73
200		2272.73
200.125		2272.73
200.25		2272.73
200.375		2272.73
200.5		2272.73
200.625		2272.73
200.75		2272.73
200.875		2272.73
201		2272.73
201.125		2272.73
201.25		2272.73
201.375		2272.73
201.5		2272.73
201.625		2272.73
201.75		2272.73
201.875		2272.73
202		2272.73
202.125		2272.73
202.25		2272.73
202.375		2272.73
202.5		2272.73
202.625		2272.73
202.75		2272.73
202.875		2272.73
203		2272.73
203.125		2272.73
203.25		2272.73
203.375		2272.73
203.5		2272.73
203.625		2272.73
203.75		2272.73
203.875		2272.73
204		2272.73
204.125		2272.73
204.25		2272.73
204.375		2272.73
204.5		2272.73
204.625		2272.73
204.75		2272.73
204.875		2272.73
205		2272.73
205.125		2424.24
205.25		2424.24
205.375		2424.24
205.5		2424.24
205.625		2424.24
205.75		2424.24
205.875		2424.24
206		2424.24
206.125		2424.24
206.25		2424.24
206.375		2424.24
206.5		2424.24
206.625		2424.24
206.75		2424.24
206.875		2424.24
207		2424.24
207.125		2424.24
207.25		2424.24
207.375		2424.24
207.5		2424.24
207.625		2424.24
207.75		2424.24
207.875		2424.24
208		2424.24
208.125		2424.24
208.25		2424.24
208.375		2424.24
208.5		2424.24
208.625		2424.24
208.75		2424.24
208.875		2424.24
209		2424.24
209.125		2424.24
209.25		2424.24
209.375		2424.24
209.5		2424.24
209.625		2424.24
209.75		2424.24
209.875		2424.24
210		2424.24
210.125		2424.24
210.25		2424.24
210.375		2424.24
210.5		2424.24
210.625		2424.24
210.75		2424.24
210.875		2424.24
211		2424.24
211.125		2424.24
211.25		2424.24
211.375		2424.24
211.5		2424.24
211.625		2424.24
211.75		2424.24
211.875		2424.24
212		2424.24
212.125		2424.24
212.25		2424.24
212.375		2424.24
212.5		2424.24
212.625		2424.24
212.75		2424.24
212.875		2424.24
213		2424.24
213.125		2424.24
213.25		2424.24
213.375		2424.24
213.5		2424.24
213.625		2424.24
213.75		2424.24
213.875		2424.24
214		2424.24
214.125		2424.24
214.25		2424.24
214.375		2424.24
214.5		2424.24
214.625		2424.24
214.75		2424.24
214.875		2424.24
215		2424.24
215.125		2424.24
215.25		2424.24
215.375		2424.24
215.5		2424.24
215.625		2424.24
215.75		2424.24
215.875		2424.24
216		2424.24
216.125		2424.24
216.25		2424.24
216.375		2424.24
216.5		2424.24
216.625		2424.24
216.75		2424.24
216.875		2424.24
217		2424.24
217.125		2424.24
217.25		2424.24
217.375		2424.24
217.5		2424.24
217.625		2424.24
217.75		2424.24
217.875		2424.24
218		2424.24
218.125		2424.24
218.25		2424.24
218.375		2424.24
218.5		2424.24
218.625		2424.24
218.75		2424.24
218.875		2424.24
219		2424.24
219.125		2424.24
219.25		2424.24
219.375		2424.24
219.5		2424.24
219.625		2424.24
219.75		2424.24
219.875		2424.24
220		2424.24
220.125		2424.24
220.25		2424.24
220.375		2424.24
220.5		2424.24
220.625		2424.24
220.75		2424.24
220.875		2424.24
221		2424.24
221.125		2424.24
221.25		2424.24
221.375		2424.24
221.5		2424.24
221.625		2424.24
221.75		2424.24
221.875		2424.24
222		2424.24
222.125		2424.24
222.25		2424.24
222.375		2424.24
222.5		2424.24
222.625		2424.24
222.75		2424.24
222.875		2424.24
223		2424.24
223.125		2424.24
223.25		2424.24
223.375		2424.24
223.5		2424.24
223.625		2424.24
223.75		2424.24
223.875		2424.24
224		2424.24
224.125		2424.24
224.25		2424.24
224.375		2424.24
224.5		2424.24
224.625		2424.24
224.75		2424.24
224.875		2424.24
225		2424.24
225.125		2424.24
225.25		2424.24
225.375		2424.24
225.5		2424.24
225.625		2424.24
225.75		2424.24
225.875		2424.24
226		2424.24
226.125		2424.24
226.25		2424.24
226.375		2424.24
226.5		2424.24
226.625		2424.24
226.75		2424.24
226.875		2424.24
227		2424.24
227.125		2424.24
227.25		2424.24
227.375		2424.24
227.5		2424.24
227.625		2424.24
227.75		2424.24
227.875		2424.24
228		2424.24
228.125		2424.24
228.25		2424.24
228.375		2424.24
228.5		2424.24
228.625		2424.24
228.75		2424.24
228.875		2424.24
229		2424.24
229.125		2424.24
229.25		2424.24
229.375		2424.24
229.5		2424.24
229.625		2424.24
229.75		2424.24
229.875		2424.24
230		2424.24
230.125		2424.24
230.25		2424.24
230.375		2424.24
230.5		2424.24
230.625		2424.24
230.75		2424.24
230.875		2424.24
231		2424.24
231.125		2424.24
231.25		2424.24
231.375		2424.24
231.5		2424.24
231.625		2424.24
231.75		2424.24
231.875		2424.24
232		2424.24
232.125		2424.24
232.25		2424.24
232.375		2424.24
232.5		2424.24
232.625		2424.24
232.75		2424.24
232.875		2424.24
233		2424.24
233.125		2424.24
233.25		2424.24
233.375		2424.24
233.5		2424.24
233.625		2424.24
233.75		2424.24
233.875		2424.24
234		2424.24
234.125		2575.76
234.25		2575.76
234.375		2575.76
234.5		2575.76
234.625		2575.76
234.75		2575.76
234.875		2575.76
235		2575.76
235.125		2575.76
235.25		2575.76
235.375		2575.76
235.5		2575.76
235.625		2575.76
235.75		2575.76
235.875		2575.76
236		2575.76
236.125		2575.76
236.25		2575.76
236.375		2575.76
236.5		2575.76
236.625		2575.76
236.75		2575.76
236.875		2575.76
237		2575.76
237.125		2575.76
237.25		2575.76
237.375		2575.76
237.5		2575.76
237.625		2575.76
237.75		2575.76
237.875		2575.76
238		2575.76
238.125		2727.27
238.25		2727.27
238.375		2727.27
238.5		2727.27
238.625		2727.27
238.75		2727.27
238.875		2727.27
239		2727.27
239.125		2727.27
239.25		2727.27
239.375		2727.27
239.5		2727.27
239.625		2727.27
239.75		2727.27
239.875		2727.27
240		2727.27
240.125		2727.27
240.25		2727.27
240.375		2727.27
240.5		2727.27
240.625		2727.27
240.75		2727.27
240.875		2727.27
241		2727.27
241.125		2727.27
241.25		2727.27
241.375		2727.27
241.5		2727.27
241.625		2727.27
241.75		2727.27
241.875		2727.27
242		2727.27
242.125		2727.27
242.25		2727.27
242.375		2727.27
242.5		2727.27
242.625		2727.27
242.75		2727.27
242.875		2727.27
243		2727.27
243.125		2878.79
243.25		2878.79
243.375		2878.79
243.5		2878.79
243.625		2878.79
243.75		2878.79
243.875		2878.79
244		2878.79
244.125		2878.79
244.25		2878.79
244.375		2878.79
244.5		2878.79
244.625		2878.79
244.75		2878.79
244.875		2878.79
245		2878.79
245.125		2878.79
245.25		2878.79
245.375		2878.79
245.5		2878.79
245.625		2878.79
245.75		2878.79
245.875		2878.79
246		2878.79
246.125		2878.79
246.25		2878.79
246.375		2878.79
246.5		2878.79
246.625		2878.79
246.75		2878.79
246.875		2878.79
247		2878.79
247.125		2878.79
247.25		2878.79
247.375		2878.79
247.5		2878.79
247.625		2878.79
247.75		2878.79
247.875		2878.79
248		2878.79
248.125		2878.79
248.25		2878.79
248.375		2878.79
248.5		2878.79
248.625		2878.79
248.75		2878.79
248.875		2878.79
249		2878.79
249.125		2878.79
249.25		2878.79
249.375		2878.79
249.5		2878.79
249.625		2878.79
249.75		2878.79
249.875		2878.79
250		2878.79
250.125		2878.79
250.25		2878.79
250.375		2878.79
250.5		2878.79
250.625		2878.79
250.75		2878.79
250.875		2878.79
251		2878.79
251.125		2878.79
251.25		2878.79
251.375		2878.79
251.5		2878.79
251.625		2878.79
251.75		2878.79
251.875		2878.79
252		2878.79
252.125		2878.79
252.25		2878.79
252.375		2878.79
252.5		2878.79
252.625		2878.79
252.75		2878.79
252.875		2878.79
253		2878.79
253.125		2878.79
253.25		2878.79
253.375		2878.79
253.5		2878.79
253.625		2878.79
253.75		2878.79
253.875		2878.79
254		2878.79
254.125		2878.79
254.25		2878.79
254.375		2878.79
254.5		2878.79
254.625		2878.79
254.75		2878.79
254.875		2878.79
255		2878.79
255.125		2878.79
255.25		2878.79
255.375		2878.79
255.5		2878.79
255.625		2878.79
255.75		2878.79
255.875		2878.79
256		2878.79
256.125		2878.79
256.25		2878.79
256.375		2878.79
256.5		2878.79
256.625		2878.79
256.75		2878.79
256.875		2878.79
257		2878.79
257.125		2878.79
257.25		2878.79
257.375		2878.79
257.5		2878.79
257.625		2878.79
257.75		2878.79
257.875		2878.79
258		2878.79
258.125		2878.79
258.25		2878.79
258.375		2878.79
258.5		2878.79
258.625		2878.79
258.75		2878.79
258.875		2878.79
259		2878.79
259.125		2878.79
259.25		2878.79
259.375		2878.79
259.5		2878.79
259.625		2878.79
259.75		2878.79
259.875		2878.79
260		2878.79
260.125		3030.3
260.25		3030.3
260.375		3030.3
260.5		3030.3
260.625		3030.3
260.75		3030.3
260.875		3030.3
261		3030.3
261.125		3181.82
261.25		3181.82
261.375		3181.82
261.5		3181.82
261.625		3181.82
261.75		3181.82
261.875		3181.82
262		3181.82
262.125		3181.82
262.25		3181.82
262.375		3181.82
262.5		3181.82
262.625		3181.82
262.75		3181.82
262.875		3181.82
263		3181.82
263.125		3181.82
263.25		3181.82
263.375		3181.82
263.5		3181.82
263.625		3181.82
263.75		3181.82
263.875		3181.82
264		3181.82
264.125		3181.82
264.25		3181.82
264.375		3181.82
264.5		3181.82
264.625		3181.82
264.75		3181.82
264.875		3181.82
265		3181.82
265.125		3181.82
265.25		3181.82
265.375		3181.82
265.5		3181.82
265.625		3181.82
265.75		3181.82
265.875		3181.82
266		3181.82
266.125		3181.82
266.25		3181.82
266.375		3181.82
266.5		3181.82
266.625		3181.82
266.75		3181.82
266.875		3181.82
267		3181.82
267.125		3181.82
267.25		3181.82
267.375		3181.82
267.5		3181.82
267.625		3181.82
267.75		3181.82
267.875		3181.82
268		3181.82
268.125		3181.82
268.25		3181.82
268.375		3181.82
268.5		3181.82
268.625		3181.82
268.75		3181.82
268.875		3181.82
269		3181.82
269.125		3181.82
269.25		3181.82
269.375		3181.82
269.5		3181.82
269.625		3181.82
269.75		3181.82
269.875		3181.82
270		3181.82
270.125		3181.82
270.25		3181.82
270.375		3181.82
270.5		3181.82
270.625		3181.82
270.75		3181.82
270.875		3181.82
271		3181.82
271.125		3181.82
271.25		3181.82
271.375		3181.82
271.5		3181.82
271.625		3181.82
271.75		3181.82
271.875		3181.82
272		3181.82
272.125		3181.82
272.25		3181.82
272.375		3181.82
272.5		3181.82
272.625		3181.82
272.75		3181.82
272.875		3181.82
273		3181.82
273.125		3181.82
273.25		3181.82
273.375		3181.82
273.5		3181.82
273.625		3181.82
273.75		3181.82
273.875		3181.82
274		3181.82
274.125		3181.82
274.25		3181.82
274.375		3181.82
274.5		3181.82
274.625		3181.82
274.75		3181.82
274.875		3181.82
275		3181.82
275.125		3181.82
275.25		3181.82
275.375		3181.82
275.5		3181.82
275.625		3181.82
275.75		3181.82
275.875		3181.82
276		3181.82
276.125		3181.82
276.25		3181.82
276.375		3181.82
276.5		3181.82
276.625		3181.82
276.75		3181.82
276.875		3181.82
277		3181.82
277.125		3181.82
277.25		3181.82
277.375		3181.82
277.5		3181.82
277.625		3181.82
277.75		3181.82
277.875		3181.82
278		3181.82
278.125		3181.82
278.25		3181.82
278.375		3181.82
278.5		3181.82
278.625		3181.82
278.75		3181.82
278.875		3181.82
279		3181.82
279.125		3181.82
279.25		3181.82
279.375		3181.82
279.5		3181.82
279.625		3181.82
279.75		3181.82
279.875		3181.82
280		3181.82
280.125		3181.82
280.25		3181.82
280.375		3181.82
280.5		3181.82
280.625		3181.82
280.75		3181.82
280.875		3181.82
281		3181.82
281.125		3181.82
281.25		3181.82
281.375		3181.82
281.5		3181.82
281.625		3181.82
281.75		3181.82
281.875		3181.82
282		3181.82
282.125		3181.82
282.25		3181.82
282.375		3181.82
282.5		3181.82
282.625		3181.82
282.75		3181.82
282.875		3181.82
283		3181.82
283.125		3181.82
283.25		3181.82
283.375		3181.82
283.5		3181.82
283.625		3181.82
283.75		3181.82
283.875		3181.82
284		3181.82
284.125		3181.82
284.25		3181.82
284.375		3181.82
284.5		3181.82
284.625		3181.82
284.75		3181.82
284.875		3181.82
285		3181.82
285.125		3181.82
285.25		3181.82
285.375		3181.82
285.5		3181.82
285.625		3181.82
285.75		3181.82
285.875		3181.82
286		3181.82
286.125		3181.82
286.25		3181.82
286.375		3181.82
286.5		3181.82
286.625		3181.82
286.75		3181.82
286.875		3181.82
287		3181.82
287.125		3181.82
287.25		3181.82
287.375		3181.82
287.5		3181.82
287.625		3181.82
287.75		3181.82
287.875		3181.82
288		3181.82
288.125		3181.82
288.25		3181.82
288.375		3181.82
288.5		3181.82
288.625		3181.82
288.75		3181.82
288.875		3181.82
289		3181.82
289.125		3181.82
289.25		3181.82
289.375		3181.82
289.5		3181.82
289.625		3181.82
289.75		3181.82
289.875		3181.82
290		3181.82
290.125		3181.82
290.25		3181.82
290.375		3181.82
290.5		3181.82
290.625		3181.82
290.75		3181.82
290.875		3181.82
291		3181.82
291.125		3181.82
291.25		3181.82
291.375		3181.82
291.5		3181.82
291.625		3181.82
291.75		3181.82
291.875		3181.82
292		3181.82
292.125		3181.82
292.25		3181.82
292.375		3181.82
292.5		3181.82
292.625		3181.82
292.75		3181.82
292.875		3181.82
293		3181.82
293.125		3181.82
293.25		3181.82
293.375		3181.82
293.5		3181.82
293.625		3181.82
293.75		3181.82
293.875		3181.82
294		3181.82
294.125		3181.82
294.25		3181.82
294.375		3181.82
294.5		3181.82
294.625		3181.82
294.75		3181.82
294.875		3181.82
295		3181.82
295.125		3181.82
295.25		3181.82
295.375		3181.82
295.5		3181.82
295.625		3181.82
295.75		3181.82
295.875		3181.82
296		3181.82
296.125		3181.82
296.25		3181.82
296.375		3181.82
296.5		3181.82
296.625		3181.82
296.75		3181.82
296.875		3181.82
297		3181.82
297.125		3181.82
297.25		3181.82
297.375		3181.82
297.5		3181.82
297.625		3181.82
297.75		3181.82
297.875		3181.82
298		3181.82
298.125		3181.82
298.25		3181.82
298.375		3181.82
298.5		3181.82
298.625		3181.82
298.75		3181.82
298.875		3181.82
299		3181.82
299.125		3181.82
299.25		3181.82
299.375		3181.82
299.5		3181.82
299.625		3181.82
299.75		3181.82
299.875		3181.82
300		3181.82
300.125		3181.82
300.25		3181.82
300.375		3181.82
300.5		3181.82
300.625		3181.82
300.75		3181.82
300.875		3181.82
301		3181.82
301.125		3181.82
301.25		3181.82
301.375		3181.82
301.5		3181.82
301.625		3181.82
301.75		3181.82
301.875		3181.82
302		3181.82
302.125		3181.82
302.25		3181.82
302.375		3181.82
302.5		3181.82
302.625		3181.82
302.75		3181.82
302.875		3181.82
303		3181.82
303.125		3181.82
303.25		3181.82
303.375		3181.82
303.5		3181.82
303.625		3181.82
303.75		3181.82
303.875		3181.82
304		3181.82
304.125		3181.82
304.25		3181.82
304.375		3181.82
304.5		3181.82
304.625		3181.82
304.75		3181.82
304.875		3181.82
305		3181.82
305.125		3181.82
305.25		3181.82
305.375		3181.82
305.5		3181.82
305.625		3181.82
305.75		3181.82
305.875		3181.82
306		3181.82
306.125		3181.82
306.25		3181.82
306.375		3181.82
306.5		3181.82
306.625		3181.82
306.75		3181.82
306.875		3181.82
307		3181.82
307.125		3181.82
307.25		3181.82
307.375		3181.82
307.5		3181.82
307.625		3181.82
307.75		3181.82
307.875		3181.82
308		3181.82
308.125		3181.82
308.25		3181.82
308.375		3181.82
308.5		3181.82
308.625		3181.82
308.75		3181.82
308.875		3181.82
309		3181.82
309.125		3181.82
309.25		3181.82
309.375		3181.82
309.5		3181.82
309.625		3181.82
309.75		3181.82
309.875		3181.82
310		3181.82
310.125		3181.82
310.25		3181.82
310.375		3181.82
310.5		3181.82
310.625		3181.82
310.75		3181.82
310.875		3181.82
311		3181.82
311.125		3181.82
311.25		3181.82
311.375		3181.82
311.5		3181.82
311.625		3181.82
311.75		3181.82
311.875		3181.82
312		3181.82
312.125		3181.82
312.25		3181.82
312.375		3181.82
312.5		3181.82
312.625		3181.82
312.75		3181.82
312.875		3181.82
313		3181.82
313.125		3181.82
313.25		3181.82
313.375		3181.82
313.5		3181.82
313.625		3181.82
313.75		3181.82
313.875		3181.82
314		3181.82
314.125		3333.33
314.25		3333.33
314.375		3333.33
314.5		3333.33
314.625		3333.33
314.75		3333.33
314.875		3333.33
315		3333.33
315.125		3333.33
315.25		3333.33
315.375		3333.33
315.5		3333.33
315.625		3333.33
315.75		3333.33
315.875		3333.33
316		3333.33
316.125		3333.33
316.25		3333.33
316.375		3333.33
316.5		3333.33
316.625		3333.33
316.75		3333.33
316.875		3333.33
317		3333.33
317.125		3333.33
317.25		3333.33
317.375		3333.33
317.5		3333.33
317.625		3333.33
317.75		3333.33
317.875		3333.33
318		3333.33
318.125		3333.33
318.25		3333.33
318.375		3333.33
318.5		3333.33
318.625		3333.33
318.75		3333.33
318.875		3333.33
319		3333.33
319.125		3333.33
319.25		3333.33
319.375		3333.33
319.5		3333.33
319.625		3333.33
319.75		3333.33
319.875		3333.33
320		3333.33
320.125		3333.33
320.25		3333.33
320.375		3333.33
320.5		3333.33
320.625		3333.33
320.75		3333.33
320.875		3333.33
321		3333.33
321.125		3333.33
321.25		3333.33
321.375		3333.33
321.5		3333.33
321.625		3333.33
321.75		3333.33
321.875		3333.33
322		3333.33
322.125		3333.33
322.25		3333.33
322.375		3333.33
322.5		3333.33
322.625		3333.33
322.75		3333.33
322.875		3333.33
323		3333.33
323.125		3333.33
323.25		3333.33
323.375		3333.33
323.5		3333.33
323.625		3333.33
323.75		3333.33
323.875		3333.33
324		3333.33
324.125		3333.33
324.25		3333.33
324.375		3333.33
324.5		3333.33
324.625		3333.33
324.75		3333.33
324.875		3333.33
325		3333.33
325.125		3333.33
325.25		3333.33
325.375		3333.33
325.5		3333.33
325.625		3333.33
325.75		3333.33
325.875		3333.33
326		3333.33
326.125		3333.33
326.25		3333.33
326.375		3333.33
326.5		3333.33
326.625		3333.33
326.75		3333.33
326.875		3333.33
327		3333.33
327.125		3333.33
327.25		3333.33
327.375		3333.33
327.5		3333.33
327.625		3333.33
327.75		3333.33
327.875		3333.33
328		3333.33
328.125		3333.33
328.25		3333.33
328.375		3333.33
328.5		3333.33
328.625		3333.33
328.75		3333.33
328.875		3333.33
329		3333.33
329.125		3333.33
329.25		3333.33
329.375		3333.33
329.5		3333.33
329.625		3333.33
329.75		3333.33
329.875		3333.33
330		3333.33
330.125		3333.33
330.25		3333.33
330.375		3333.33
330.5		3333.33
330.625		3333.33
330.75		3333.33
330.875		3333.33
331		3333.33
331.125		3333.33
331.25		3333.33
331.375		3333.33
331.5		3333.33
331.625		3333.33
331.75		3333.33
331.875		3333.33
332		3333.33
332.125		3333.33
332.25		3333.33
332.375		3333.33
332.5		3333.33
332.625		3333.33
332.75		3333.33
332.875		3333.33
333		3333.33
333.125		3333.33
333.25		3333.33
333.375		3333.33
333.5		3333.33
333.625		3333.33
333.75		3333.33
333.875		3333.33
334		3333.33
334.125		3484.85
334.25		3484.85
334.375		3484.85
334.5		3484.85
334.625		3484.85
334.75		3484.85
334.875		3484.85
335		3484.85
335.125		3484.85
335.25		3484.85
335.375		3484.85
335.5		3484.85
335.625		3484.85
335.75		3484.85
335.875		3484.85
336		3484.85
336.125		3636.36
336.25		3636.36
336.375		3636.36
336.5		3636.36
336.625		3636.36
336.75		3636.36
336.875		3636.36
337		3636.36
337.125		3787.88
337.25		3787.88
337.375		3787.88
337.5		3787.88
337.625		3787.88
337.75		3787.88
337.875		3787.88
338		3787.88
338.125		3787.88
338.25		3787.88
338.375		3787.88
338.5		3787.88
338.625		3787.88
338.75		3787.88
338.875		3787.88
339		3787.88
339.125		3787.88
339.25		3787.88
339.375		3787.88
339.5		3787.88
339.625		3787.88
339.75		3787.88
339.875		3787.88
340		3787.88
340.125		3787.88
340.25		3787.88
340.375		3787.88
340.5		3787.88
340.625		3787.88
340.75		3787.88
340.875		3787.88
341		3787.88
341.125		3939.39
341.25		3939.39
341.375		3939.39
341.5		3939.39
341.625		3939.39
341.75		3939.39
341.875		3939.39
342		3939.39
342.125		3939.39
342.25		3939.39
342.375		3939.39
342.5		3939.39
342.625		3939.39
342.75		3939.39
342.875		3939.39
343		3939.39
343.125		3939.39
343.25		3939.39
343.375		3939.39
343.5		3939.39
343.625		3939.39
343.75		3939.39
343.875		3939.39
344		3939.39
344.125		3939.39
344.25		3939.39
344.375		3939.39
344.5		3939.39
344.625		3939.39
344.75		3939.39
344.875		3939.39
345		3939.39
345.125		3939.39
345.25		3939.39
345.375		3939.39
345.5		3939.39
345.625		3939.39
345.75		3939.39
345.875		3939.39
346		3939.39
346.125		3939.39
346.25		3939.39
346.375		3939.39
346.5		3939.39
346.625		3939.39
346.75		3939.39
346.875		3939.39
347		3939.39
347.125		3939.39
347.25		3939.39
347.375		3939.39
347.5		3939.39
347.625		3939.39
347.75		3939.39
347.875		3939.39
348		3939.39
348.125		3939.39
348.25		3939.39
348.375		3939.39
348.5		3939.39
348.625		3939.39
348.75		3939.39
348.875		3939.39
349		3939.39
349.125		3939.39
349.25		3939.39
349.375		3939.39
349.5		3939.39
349.625		3939.39
349.75		3939.39
349.875		3939.39
350		3939.39
350.125		3939.39
350.25		3939.39
350.375		3939.39
350.5		3939.39
350.625		3939.39
350.75		3939.39
350.875		3939.39
351		3939.39
351.125		3939.39
351.25		3939.39
351.375		3939.39
351.5		3939.39
351.625		3939.39
351.75		3939.39
351.875		3939.39
352		3939.39
352.125		3939.39
352.25		3939.39
352.375		3939.39
352.5		3939.39
352.625		3939.39
352.75		3939.39
352.875		3939.39
353		3939.39
353.125		3939.39
353.25		3939.39
353.375		3939.39
353.5		3939.39
353.625		3939.39
353.75		3939.39
353.875		3939.39
354		3939.39
354.125		3939.39
354.25		3939.39
354.375		3939.39
354.5		3939.39
354.625		3939.39
354.75		3939.39
354.875		3939.39
355		3939.39
355.125		3939.39
355.25		3939.39
355.375		3939.39
355.5		3939.39
355.625		3939.39
355.75		3939.39
355.875		3939.39
356		3939.39
356.125		3939.39
356.25		3939.39
356.375		3939.39
356.5		3939.39
356.625		3939.39
356.75		3939.39
356.875		3939.39
357		3939.39
357.125		3939.39
357.25		3939.39
357.375		3939.39
357.5		3939.39
357.625		3939.39
357.75		3939.39
357.875		3939.39
358		3939.39
358.125		3939.39
358.25		3939.39
358.375		3939.39
358.5		3939.39
358.625		3939.39
358.75		3939.39
358.875		3939.39
359		3939.39
359.125		3939.39
359.25		3939.39
359.375		3939.39
359.5		3939.39
359.625		3939.39
359.75		3939.39
359.875		3939.39
360		3939.39
360.125		3939.39
360.25		3939.39
360.375		3939.39
360.5		3939.39
360.625		3939.39
360.75		3939.39
360.875		3939.39
361		3939.39
361.125		3939.39
361.25		3939.39
361.375		3939.39
361.5		3939.39
361.625		3939.39
361.75		3939.39
361.875		3939.39
362		3939.39
362.125		3939.39
362.25		3939.39
362.375		3939.39
362.5		3939.39
362.625		3939.39
362.75		3939.39
362.875		3939.39
363		3939.39
363.125		3939.39
363.25		3939.39
363.375		3939.39
363.5		3939.39
363.625		3939.39
363.75		3939.39
363.875		3939.39
364		3939.39
364.125		4090.91
364.25		4090.91
364.375		4090.91
364.5		4090.91
364.625		4090.91
364.75		4090.91
364.875		4090.91
365		4090.91
365.125		4090.91
365.25		4090.91
365.375		4090.91
365.5		4090.91
365.625		4090.91
365.75		4090.91
365.875		4090.91
366		4090.91
366.125		4090.91
366.25		4090.91
366.375		4090.91
366.5		4090.91
366.625		4090.91
366.75		4090.91
366.875		4090.91
367		4090.91
367.125		4090.91
367.25		4090.91
367.375		4090.91
367.5		4090.91
367.625		4090.91
367.75		4090.91
367.875		4090.91
368		4090.91
368.125		4090.91
368.25		4090.91
368.375		4090.91
368.5		4090.91
368.625		4090.91
368.75		4090.91
368.875		4090.91
369		4090.91
369.125		4090.91
369.25		4090.91
369.375		4090.91
369.5		4090.91
369.625		4090.91
369.75		4090.91
369.875		4090.91
370		4090.91
370.125		4090.91
370.25		4090.91
370.375		4090.91
370.5		4090.91
370.625		4090.91
370.75		4090.91
370.875		4090.91
371		4090.91
371.125		4090.91
371.25		4090.91
371.375		4090.91
371.5		4090.91
371.625		4090.91
371.75		4090.91
371.875		4090.91
372		4090.91
372.125		4090.91
372.25		4090.91
372.375		4090.91
372.5		4090.91
372.625		4090.91
372.75		4090.91
372.875		4090.91
373		4090.91
373.125		4090.91
373.25		4090.91
373.375		4090.91
373.5		4090.91
373.625		4090.91
373.75		4090.91
373.875		4090.91
374		4090.91
374.125		4090.91
374.25		4090.91
374.375		4090.91
374.5		4090.91
374.625		4090.91
374.75		4090.91
374.875		4090.91
375		4090.91
375.125		4090.91
375.25		4090.91
375.375		4090.91
375.5		4090.91
375.625		4090.91
375.75		4090.91
375.875		4090.91
376		4090.91
376.125		4090.91
376.25		4090.91
376.375		4090.91
376.5		4090.91
376.625		4090.91
376.75		4090.91
376.875		4090.91
377		4090.91
377.125		4090.91
377.25		4090.91
377.375		4090.91
377.5		4090.91
377.625		4090.91
377.75		4090.91
377.875		4090.91
378		4090.91
378.125		4090.91
378.25		4090.91
378.375		4090.91
378.5		4090.91
378.625		4090.91
378.75		4090.91
378.875		4090.91
379		4090.91
379.125		4090.91
379.25		4090.91
379.375		4090.91
379.5		4090.91
379.625		4090.91
379.75		4090.91
379.875		4090.91
380		4090.91
380.125		4090.91
380.25		4090.91
380.375		4090.91
380.5		4090.91
380.625		4090.91
380.75		4090.91
380.875		4090.91
381		4090.91
381.125		4090.91
381.25		4090.91
381.375		4090.91
381.5		4090.91
381.625		4090.91
381.75		4090.91
381.875		4090.91
382		4090.91
382.125		4090.91
382.25		4090.91
382.375		4090.91
382.5		4090.91
382.625		4090.91
382.75		4090.91
382.875		4090.91
383		4090.91
383.125		4090.91
383.25		4090.91
383.375		4090.91
383.5		4090.91
383.625		4090.91
383.75		4090.91
383.875		4090.91
384		4090.91
384.125		4090.91
384.25		4090.91
384.375		4090.91
384.5		4090.91
384.625		4090.91
384.75		4090.91
384.875		4090.91
385		4090.91
385.125		4090.91
385.25		4090.91
385.375		4090.91
385.5		4090.91
385.625		4090.91
385.75		4090.91
385.875		4090.91
386		4090.91
386.125		4090.91
386.25		4090.91
386.375		4090.91
386.5		4090.91
386.625		4090.91
386.75		4090.91
386.875		4090.91
387		4090.91
387.125		4090.91
387.25		4090.91
387.375		4090.91
387.5		4090.91
387.625		4090.91
387.75		4090.91
387.875		4090.91
388		4090.91
388.125		4090.91
388.25		4090.91
388.375		4090.91
388.5		4090.91
388.625		4090.91
388.75		4090.91
388.875		4090.91
389		4090.91
389.125		4090.91
389.25		4090.91
389.375		4090.91
389.5		4090.91
389.625		4090.91
389.75		4090.91
389.875		4090.91
390		4090.91
390.125		4090.91
390.25		4090.91
390.375		4090.91
390.5		4090.91
390.625		4090.91
390.75		4090.91
390.875		4090.91
391		4090.91
391.125		4090.91
391.25		4090.91
391.375		4090.91
391.5		4090.91
391.625		4090.91
391.75		4090.91
391.875		4090.91
392		4090.91
392.125		4090.91
392.25		4090.91
392.375		4090.91
392.5		4090.91
392.625		4090.91
392.75		4090.91
392.875		4090.91
393		4090.91
393.125		4242.42
393.25		4242.42
393.375		4242.42
393.5		4242.42
393.625		4242.42
393.75		4242.42
393.875		4242.42
394		4242.42
394.125		4242.42
394.25		4242.42
394.375		4242.42
394.5		4242.42
394.625		4242.42
394.75		4242.42
394.875		4242.42
395		4242.42
395.125		4242.42
395.25		4242.42
395.375		4242.42
395.5		4242.42
395.625		4242.42
395.75		4242.42
395.875		4242.42
396		4242.42
396.125		4242.42
396.25		4242.42
396.375		4242.42
396.5		4242.42
396.625		4242.42
396.75		4242.42
396.875		4242.42
397		4242.42
397.125		4242.42
397.25		4242.42
397.375		4242.42
397.5		4242.42
397.625		4242.42
397.75		4242.42
397.875		4242.42
398		4242.42
398.125		4242.42
398.25		4242.42
398.375		4242.42
398.5		4242.42
398.625		4242.42
398.75		4242.42
398.875		4242.42
399		4242.42
399.125		4242.42
399.25		4242.42
399.375		4242.42
399.5		4242.42
399.625		4242.42
399.75		4242.42
399.875		4242.42
400		4242.42
400.125		4242.42
400.25		4242.42
400.375		4242.42
400.5		4242.42
400.625		4242.42
400.75		4242.42
400.875		4242.42
401		4242.42
401.125		4242.42
401.25		4242.42
401.375		4242.42
401.5		4242.42
401.625		4242.42
401.75		4242.42
401.875		4242.42
402		4242.42
402.125		4242.42
402.25		4242.42
402.375		4242.42
402.5		4242.42
402.625		4242.42
402.75		4242.42
402.875		4242.42
403		4242.42
403.125		4393.94
403.25		4393.94
403.375		4393.94
403.5		4393.94
403.625		4393.94
403.75		4393.94
403.875		4393.94
404		4393.94
404.125		4393.94
404.25		4393.94
404.375		4393.94
404.5		4393.94
404.625		4393.94
404.75		4393.94
404.875		4393.94
405		4393.94
405.125		4393.94
405.25		4393.94
405.375		4393.94
405.5		4393.94
405.625		4393.94
405.75		4393.94
405.875		4393.94
406		4393.94
406.125		4393.94
406.25		4393.94
406.375		4393.94
406.5		4393.94
406.625		4393.94
406.75		4393.94
406.875		4393.94
407		4393.94
407.125		4393.94
407.25		4393.94
407.375		4393.94
407.5		4393.94
407.625		4393.94
407.75		4393.94
407.875		4393.94
408		4393.94
408.125		4393.94
408.25		4393.94
408.375		4393.94
408.5		4393.94
408.625		4393.94
408.75		4393.94
408.875		4393.94
409		4393.94
409.125		4393.94
409.25		4393.94
409.375		4393.94
409.5		4393.94
409.625		4393.94
409.75		4393.94
409.875		4393.94
410		4393.94
410.125		4393.94
410.25		4393.94
410.375		4393.94
410.5		4393.94
410.625		4393.94
410.75		4393.94
410.875		4393.94
411		4393.94
411.125		4393.94
411.25		4393.94
411.375		4393.94
411.5		4393.94
411.625		4393.94
411.75		4393.94
411.875		4393.94
412		4393.94
412.125		4393.94
412.25		4393.94
412.375		4393.94
412.5		4393.94
412.625		4393.94
412.75		4393.94
412.875		4393.94
413		4393.94
413.125		4393.94
413.25		4393.94
413.375		4393.94
413.5		4393.94
413.625		4393.94
413.75		4393.94
413.875		4393.94
414		4393.94
414.125		4393.94
414.25		4393.94
414.375		4393.94
414.5		4393.94
414.625		4393.94
414.75		4393.94
414.875		4393.94
415		4393.94
415.125		4393.94
415.25		4393.94
415.375		4393.94
415.5		4393.94
415.625		4393.94
415.75		4393.94
415.875		4393.94
416		4393.94
416.125		4393.94
416.25		4393.94
416.375		4393.94
416.5		4393.94
416.625		4393.94
416.75		4393.94
416.875		4393.94
417		4393.94
417.125		4393.94
417.25		4393.94
417.375		4393.94
417.5		4393.94
417.625		4393.94
417.75		4393.94
417.875		4393.94
418		4393.94
418.125		4393.94
418.25		4393.94
418.375		4393.94
418.5		4393.94
418.625		4393.94
418.75		4393.94
418.875		4393.94
419		4393.94
419.125		4393.94
419.25		4393.94
419.375		4393.94
419.5		4393.94
419.625		4393.94
419.75		4393.94
419.875		4393.94
420		4393.94
420.125		4393.94
420.25		4393.94
420.375		4393.94
420.5		4393.94
420.625		4393.94
420.75		4393.94
420.875		4393.94
421		4393.94
421.125		4393.94
421.25		4393.94
421.375		4393.94
421.5		4393.94
421.625		4393.94
421.75		4393.94
421.875		4393.94
422		4393.94
422.125		4393.94
422.25		4393.94
422.375		4393.94
422.5		4393.94
422.625		4393.94
422.75		4393.94
422.875		4393.94
423		4393.94
423.125		4696.97
423.25		4696.97
423.375		4696.97
423.5		4696.97
423.625		4696.97
423.75		4696.97
423.875		4696.97
424		4696.97
424.125		4696.97
424.25		4696.97
424.375		4696.97
424.5		4696.97
424.625		4696.97
424.75		4696.97
424.875		4696.97
425		4696.97
425.125		4696.97
425.25		4696.97
425.375		4696.97
425.5		4696.97
425.625		4696.97
425.75		4696.97
425.875		4696.97
426		4696.97
426.125		4696.97
426.25		4696.97
426.375		4696.97
426.5		4696.97
426.625		4696.97
426.75		4696.97
426.875		4696.97
427		4696.97
427.125		4696.97
427.25		4696.97
427.375		4696.97
427.5		4696.97
427.625		4696.97
427.75		4696.97
427.875		4696.97
428		4696.97
428.125		4696.97
428.25		4696.97
428.375		4696.97
428.5		4696.97
428.625		4696.97
428.75		4696.97
428.875		4696.97
429		4696.97
429.125		4696.97
429.25		4696.97
429.375		4696.97
429.5		4696.97
429.625		4696.97
429.75		4696.97
429.875		4696.97
430		4696.97
430.125		4696.97
430.25		4696.97
430.375		4696.97
430.5		4696.97
430.625		4696.97
430.75		4696.97
430.875		4696.97
431		4696.97
431.125		4848.48
431.25		4848.48
431.375		4848.48
431.5		4848.48
431.625		4848.48
431.75		4848.48
431.875		4848.48
432		4848.48
432.125		4848.48
432.25		4848.48
432.375		4848.48
432.5		4848.48
432.625		4848.48
432.75		4848.48
432.875		4848.48
433		4848.48
433.125		4848.48
433.25		4848.48
433.375		4848.48
433.5		4848.48
433.625		4848.48
433.75		4848.48
433.875		4848.48
434		4848.48
434.125		4848.48
434.25		4848.48
434.375		4848.48
434.5		4848.48
434.625		4848.48
434.75		4848.48
434.875		4848.48
435		4848.48
435.125		4848.48
435.25		4848.48
435.375		4848.48
435.5		4848.48
435.625		4848.48
435.75		4848.48
435.875		4848.48
436		4848.48
436.125		0
436.25		0
436.375		0
436.5		0
436.625		0
436.75		0
436.875		0
437		0
437.125		0
437.25		0
437.375		0
437.5		0
437.625		0
437.75		0
437.875		0
438		0
438.125		0
438.25		0
438.375		0
438.5		0
438.625		0
438.75		0
438.875		0
439		0
439.125		0
439.25		0
439.375		0
439.5		0
439.625		0
439.75		0
439.875		0
440		0
440.125		0
440.25		0
440.375		0
440.5		0
440.625		0
440.75		0
440.875		0
441		0
441.125		0
441.25		0
441.375		0
441.5		0
441.625		0
441.75		0
441.875		0
442		0
442.125		0
442.25		0
442.375		0
442.5		0
442.625		0
442.75		0
442.875		0
443		0
443.125		0
443.25		0
443.375		0
443.5		0
443.625		0
443.75		0
443.875		0
444		0
444.125		0
444.25		0
444.375		0
444.5		0
444.625		0
444.75		0
444.875		0
445		0
445.125		0
445.25		0
445.375		0
445.5		0
445.625		0
445.75		0
445.875		0
446		0
446.125		0
446.25		0
446.375		0
446.5		0
446.625		0
446.75		0
446.875		0
447		0
447.125		0
447.25		0
447.375		0
447.5		0
447.625		0
447.75		0
447.875		0
448		0
448.125		0
448.25		0
448.375		0
448.5		0
448.625		0
448.75		0
448.875		0
449		0
449.125		0
449.25		0
449.375		0
449.5		0
449.625		0
449.75		0
449.875		0
450		0
450.125		0
450.25		0
450.375		0
450.5		0
450.625		0
450.75		0
450.875		0
451		0
451.125		0
451.25		0
451.375		0
451.5		0
451.625		0
451.75		0
451.875		0
452		0
452.125		0
452.25		0
452.375		0
452.5		0
452.625		0
452.75		0
452.875		0
453		0
453.125		0
453.25		0
453.375		0
453.5		0
453.625		0
453.75		0
453.875		0
454		0
454.125		0
454.25		0
454.375		0
454.5		0
454.625		0
454.75		0
454.875		0
455		0
455.125		0
455.25		0
455.375		0
455.5		0
455.625		0
455.75		0
455.875		0
456		0
456.125		0
456.25		0
456.375		0
456.5		0
456.625		0
456.75		0
456.875		0
457		0
457.125		0
457.25		0
457.375		0
457.5		0
457.625		0
457.75		0
457.875		0
458		0
458.125		0
458.25		0
458.375		0
458.5		0
458.625		0
458.75		0
458.875		0
459		0
459.125		0
459.25		0
459.375		0
459.5		0
459.625		0
459.75		0
459.875		0
460		0
460.125		0
460.25		0
460.375		0
460.5		0
460.625		0
460.75		0
460.875		0
461		0
461.125		0
461.25		0
461.375		0
461.5		0
461.625		0
461.75		0
461.875		0
462		0
462.125		0
462.25		0
462.375		0
462.5		0
462.625		0
462.75		0
462.875		0
463		0
463.125		0
463.25		0
463.375		0
463.5		0
463.625		0
463.75		0
463.875		0
464		0
464.125		0
464.25		0
464.375		0
464.5		0
464.625		0
464.75		0
464.875		0
465		0
465.125		0
465.25		0
465.375		0
465.5		0
465.625		0
465.75		0
465.875		0
466		0
466.125		0
466.25		0
466.375		0
466.5		0
466.625		0
466.75		0
466.875		0
467		0
467.125		0
467.25		0
467.375		0
467.5		0
467.625		0
467.75		0
467.875		0
468		0
468.125		0
468.25		0
468.375		0
468.5		0
468.625		0
468.75		0
468.875		0
469		0
469.125		0
469.25		0
469.375		0
469.5		0
469.625		0
469.75		0
469.875		0
470		0
470.125		0
470.25		0
470.375		0
470.5		0
470.625		0
470.75		0
470.875		0
471		0
471.125		0
471.25		0
471.375		0
471.5		0
471.625		0
471.75		0
471.875		0
472		0
472.125		0
472.25		0
472.375		0
472.5		0
472.625		0
472.75		0
472.875		0
473		0
473.125		0
473.25		0
473.375		0
473.5		0
473.625		0
473.75		0
473.875		0
474		0
474.125		0
474.25		0
474.375		0
474.5		0
474.625		0
474.75		0
474.875		0
475		0
475.125		0
475.25		0
475.375		0
475.5		0
475.625		0
475.75		0
475.875		0
476		0
476.125		0
476.25		0
476.375		0
476.5		0
476.625		0
476.75		0
476.875		0
477		0
477.125		0
477.25		0
477.375		0
477.5		0
477.625		0
477.75		0
477.875		0
478		0
478.125		0
478.25		0
478.375		0
478.5		0
478.625		0
478.75		0
478.875		0
479		0
479.125		0
479.25		0
479.375		0
479.5		0
479.625		0
479.75		0
479.875		0
480		0
480.125		0
480.25		0
480.375		0
480.5		0
480.625		0
480.75		0
480.875		0
481		0
481.125		0
481.25		0
481.375		0
481.5		0
481.625		0
481.75		0
481.875		0
482		0
482.125		0
482.25		0
482.375		0
482.5		0
482.625		0
482.75		0
482.875		0
483		0
483.125		0
483.25		0
483.375		0
483.5		0
483.625		0
483.75		0
483.875		0
484		0
484.125		0
484.25		0
484.375		0
484.5		0
484.625		0
484.75		0
484.875		0
485		0
485.125		0
485.25		0
485.375		0
485.5		0
485.625		0
485.75		0
485.875		0
486		0
486.125		0
486.25		0
486.375		0
486.5		0
486.625		0
486.75		0
486.875		0
487		0
487.125		0
487.25		0
487.375		0
487.5		0
487.625		0
487.75		0
487.875		0
488		0
488.125		0
488.25		0
488.375		0
488.5		0
488.625		0
488.75		0
488.875		0
489		0
489.125		0
489.25		0
489.375		0
489.5		0
489.625		0
489.75		0
489.875		0
490		0
490.125		0
490.25		0
490.375		0
490.5		0
490.625		0
490.75		0
490.875		0
491		0
491.125		0
491.25		0
491.375		0
491.5		0
491.625		0
491.75		0
491.875		0
492		0
492.125		0
492.25		0
492.375		0
492.5		0
492.625		0
492.75		0
492.875		0
493		0
493.125		0
493.25		0
493.375		0
493.5		0
493.625		0
493.75		0
493.875		0
494		0
494.125		0
494.25		0
494.375		0
494.5		0
494.625		0
494.75		0
494.875		0
495		0
495.125		0
495.25		0
495.375		0
495.5		0
495.625		0
495.75		0
495.875		0
496		0
496.125		0
496.25		0
496.375		0
496.5		0
496.625		0
496.75		0
496.875		0
497		0
497.125		0
497.25		0
497.375		0
497.5		0
497.625		0
497.75		0
497.875		0
498		0
498.125		0
498.25		0
498.375		0
498.5		0
498.625		0
498.75		0
498.875		0
499		0
499.125		0
499.25		0
499.375		0
499.5		0
499.625		0
499.75		0
499.875		0
500		0
